year,id,ifr_itin_ac,ifr_itin_at,ifr_itin_ga,ifr_itin_mil,ifr_itin,vfr_itin_ac,vfr_itin_at,vfr_itin_ga,vfr_itin_mil,vfr_itin,itin_ac,itin_at,itin_ga,itin_mil,itin,local_civil,local_mil,local,total_ops
2000,ABE,19866,18054,30473,1966,70359,597,455,28307,213,29572,20463,18509,58780,2179,99931,34690,1896,36586,136517
2000,ABI,148,11084,7790,8478,27500,129,2405,15832,2202,20568,277,13489,23622,10680,48068,13403,19080,32483,80551
2000,ABQ,78473,30493,39772,13336,162074,3358,3948,23412,8896,39614,81831,34441,63184,22232,201688,11409,20076,31485,233173
2000,ABY,119,8115,6663,543,15440,130,1557,12495,977,15159,249,9672,19158,1520,30599,14069,1342,15411,46010
2000,ACK,0,39112,15244,121,54477,5,80747,30798,598,112148,5,119859,46042,719,166625,3321,421,3742,170367
2000,ACT,156,7413,11591,2049,21209,179,4765,16723,720,22387,335,12178,28314,2769,43596,12251,1237,13488,57084
2000,ACY,11427,10302,17953,10079,49761,3091,2409,11928,3759,21187,14518,12711,29881,13838,70948,30754,28800,59554,130502
2000,ADM,0,1,4066,943,5010,4,36,10146,1407,11593,4,37,14212,2350,16603,30945,6297,37242,53845
2000,ADQ,1193,2740,877,1079,5889,385,5054,1906,2364,9709,1578,7794,2783,3443,15598,1782,11534,13316,28914
2000,ADS,6,9071,40246,35,49358,44,1525,102589,189,104347,50,10596,142835,224,153705,10225,14,10239,163944
2000,ADW,7,0,3077,39704,42788,56,4,3022,9597,12679,63,4,6099,49301,55467,5080,43096,48176,103643
2000,AEX,1209,12361,4922,2265,20757,503,958,761,854,3076,1712,13319,5683,3119,23833,22515,12079,34594,58427
2000,AFW,8040,2461,9882,2803,23186,1715,1030,29167,1701,33613,9755,3491,39049,4504,56799,104382,10361,114743,171542
2000,AGC,0,10491,23208,91,33790,93,15391,39510,524,55518,93,25882,62718,615,89308,37562,274,37836,127144
2000,AGS,4891,6293,13834,2267,27285,217,285,7199,789,8490,5108,6578,21033,3056,35775,9773,2021,11794,47569
2000,AHN,1,1534,11763,197,13495,5,301,18642,759,19707,6,1835,30405,956,33202,28246,412,28658,61860
2000,AKN,1235,5752,468,220,7675,513,14496,2967,348,18324,1748,20248,3435,568,25999,739,405,1144,27143
2000,ALB,28044,52720,19255,1019,101038,889,2006,21329,2108,26332,28933,54726,40584,3127,127370,15188,2203,17391,144761
2000,ALN,1,216,11379,524,12120,27,698,21060,529,22314,28,914,32439,1053,34434,37366,3481,40847,75281
2000,ALO,26,11491,9289,365,21171,11,388,11537,729,12665,37,11879,20826,1094,33836,14266,980,15246,49082
2000,ALW,0,2607,2924,19,5550,0,810,15337,109,16256,0,3417,18261,128,21806,20500,166,20666,42472
2000,AMA,10105,13878,12599,14882,51464,702,946,11759,15034,28441,10807,14824,24358,29916,79905,5515,34980,40495,120400
2000,ANC,116546,50652,19239,2543,188980,1142,40233,76329,2629,120333,117688,90885,95568,5172,309313,8394,56,8450,317763
2000,ANE,0,1881,9552,7,11440,0,1201,58908,176,60285,0,3082,68460,183,71725,84551,270,84821,156546
2000,APA,0,18923,51449,319,70691,0,16721,112953,541,130215,0,35644,164402,860,200906,196747,511,197258,398164
2000,APC,0,619,15050,5,15674,33,176,47492,141,47842,33,795,62542,146,63516,81478,51,81529,145045
2000,APF,10,11504,26388,8,37910,40,2307,52968,120,55435,50,13811,79356,128,93345,25265,34,25299,118644
2000,ARA,55,1482,2583,5045,9165,129,17586,8194,2200,28109,184,19068,10777,7245,37274,58089,4889,62978,100252
2000,ARB,0,534,4202,0,4736,0,1588,31323,0,32911,0,2122,35525,0,37647,66693,2,66695,104342
2000,ARR,0,183,7327,52,7562,0,258,44333,231,44822,0,441,51660,283,52384,74756,194,74950,127334
2000,ASE,7159,6702,19104,9,32974,473,497,11074,158,12202,7632,7199,30178,167,45176,3570,72,3642,48818
2000,ASH,0,0,7369,0,7369,234,5,42791,16,43046,234,5,50160,16,50415,50798,242,51040,101455
2000,ATL,660326,195641,17539,1510,875016,25064,8379,3399,522,37364,685390,204020,20938,2032,912380,1035,34,1069,913449
2000,ATW,7986,15325,10753,1,34065,731,1022,14232,34,16019,8717,16347,24985,35,50084,14425,98,14523,64607
2000,AUS,98986,15955,42028,4235,161204,1024,2065,33709,1240,38038,100010,18020,75737,5475,199242,13393,0,13393,212635
2000,AVL,5619,11917,18596,1629,37761,52,132,18485,1490,20159,5671,12049,37081,3119,57920,19476,2955,22431,80351
2000,AVP,6787,13452,12761,471,33471,678,1085,16820,837,19420,7465,14537,29581,1308,52891,69844,1362,71206,124097
2000,AZO,4165,17097,15307,87,36656,208,1296,22791,126,24421,4373,18393,38098,213,61077,38730,14,38744,99821
2000,BAF,2,494,5269,1049,6814,11,264,22661,2454,25390,13,758,27930,3503,32204,29901,4175,34076,66280
2000,BCT,0,301,1017,0,1318,0,144,3021,21,3186,0,445,4038,21,4504,1674,0,1674,6178
2000,BDL,79221,44316,25205,4139,152881,4053,4472,4605,1464,14594,83274,48788,29810,5603,167475,2053,208,2261,169736
2000,BDR,0,1113,8294,89,9496,0,469,34208,233,34910,0,1582,42502,322,44406,45775,89,45864,90270
2000,BED,648,12079,33653,717,47097,272,3157,85601,568,89598,920,15236,119254,1285,136695,75674,2,75676,212371
2000,BET,2925,6388,811,140,10264,1056,124010,4921,566,130553,3981,130398,5732,706,140817,4114,145,4259,145076
2000,BFI,10184,22375,36753,431,69743,1154,23261,147545,1202,173162,11338,45636,184298,1633,242905,122631,325,122956,365861
2000,BFL,291,25063,22755,379,48488,120,19964,51235,877,72196,411,45027,73990,1256,120684,69993,515,70508,191192
2000,BFM,1899,4591,9213,1581,17284,522,1031,20030,5762,27345,2421,5622,29243,7343,44629,9847,34190,44037,88666
2000,BGM,1498,14373,7531,739,24141,74,413,4717,213,5417,1572,14786,12248,952,29558,8899,414,9313,38871
2000,BGR,2244,23181,10495,6214,42134,471,1992,11799,3569,17831,2715,25173,22294,9783,59965,12537,16724,29261,89226
2000,BHM,28045,37482,51524,6097,123148,2120,2544,14794,2585,22043,30165,40026,66318,8682,145191,6050,2676,8726,153917
2000,BIL,12027,30763,14683,401,57874,399,8035,24155,263,32852,12426,38798,38838,664,90726,26034,412,26446,117172
2000,BIS,2817,10962,9846,954,24579,287,1149,11989,1619,15044,3104,12111,21835,2573,39623,13347,2107,15454,55077
2000,BJC,0,1369,18936,51,20356,0,976,71612,188,72776,0,2345,90548,239,93132,79097,231,79328,172460
2000,BKL,22,6069,14366,107,20564,65,2807,37108,483,40463,87,8876,51474,590,61027,38555,739,39294,100321
2000,BLI,242,13185,5569,171,19167,237,9162,31895,802,42096,479,22347,37464,973,61263,28025,442,28467,89730
2000,BMI,3862,11455,7711,21,23049,339,798,12091,365,13593,4201,12253,19802,386,36642,20916,178,21094,57736
2000,BNA,129818,37163,49821,3676,220478,789,681,20510,551,22531,130607,37844,70331,4227,243009,5126,0,5126,248135
2000,BOI,43719,23966,20065,4128,91878,345,3974,42332,3864,50515,44064,27940,62397,7992,142393,23898,4719,28617,171010
2000,BOS,265185,189083,22503,279,477050,6077,14772,9130,272,30251,271262,203855,31633,551,507301,961,21,982,508283
2000,BPT,14,10972,9915,3653,24554,17,1062,7795,1131,10005,31,12034,17710,4784,34559,12167,235,12402,46961
2000,BRO,1192,5273,5057,2800,14322,277,960,9297,332,10866,1469,6233,14354,3132,25188,2932,3558,6490,31678
2000,BTL,3,401,11279,970,12653,31,560,42866,2602,46059,34,961,54145,3572,58712,39771,847,40618,99330
2000,BTR,9114,13815,27010,1693,51632,792,2364,25794,1238,30188,9906,16179,52804,2931,81820,38617,712,39329,121149
2000,BTV,6684,34891,10661,2582,54818,558,3612,19113,2363,25646,7242,38503,29774,4945,80464,29603,5296,34899,115363
2000,BUF,50516,48293,29188,2320,130317,1563,1312,15365,1161,19401,52079,49605,44553,3481,149718,13252,2364,15616,165334
2000,BUR,54484,17129,29645,31,101289,3162,12349,34012,337,49860,57646,29478,63657,368,151149,9581,0,9581,160730
2000,BVY,0,164,4895,2,5061,0,313,38394,124,38831,0,477,43289,126,43892,56445,16,56461,100353
2000,BWI,211291,62935,14578,1195,289999,1396,2075,7225,946,11642,212687,65010,21803,2141,301641,13688,19,13707,315348
2000,BZN,5272,4750,3684,12,13718,436,1654,16583,190,18863,5708,6404,20267,202,32581,22227,10,22237,54818
2000,CAE,18740,40309,20702,2427,82178,320,741,18206,644,19911,19060,41050,38908,3071,102089,24980,2817,27797,129886
2000,CAK,5219,24305,26530,599,56653,416,2044,26421,2478,31359,5635,26349,52951,3077,88012,25866,4221,30087,118099
2000,CCR,0,218,17028,0,17246,13,1869,89771,193,91846,13,2087,106799,193,109092,92506,67,92573,201665
2000,CDW,0,2,8162,0,8164,0,163,97412,20,97595,0,165,105574,20,105759,93146,0,93146,198905
2000,CGF,0,5855,16724,0,22579,0,3152,26442,40,29634,0,9007,43166,40,52213,12952,12,12964,65177
2000,CGX,0,1541,17252,4,18797,0,610,17383,70,18063,0,2151,34635,74,36860,854,12,866,37726
2000,CHA,9382,11851,30435,3813,55481,2212,3262,24557,3116,33147,11594,15113,54992,6929,88628,20151,5765,25916,114544
2000,CHD,0,10,1417,1,1428,0,1761,74296,24,76081,0,1771,75713,25,77509,172281,21,172302,249811
2000,CHO,7,20492,10668,364,31531,36,1568,20859,674,23137,43,22060,31527,1038,54668,21061,3272,24333,79001
2000,CHS,13923,26535,20360,15821,76639,924,1475,13807,628,16834,14847,28010,34167,16449,93473,8606,34050,42656,136129
2000,CIC,0,3020,2114,68,5202,2,3414,23477,311,27204,2,6434,25591,379,32406,11101,516,11617,44023
2000,CID,14180,20589,18989,71,53829,154,269,13826,212,14461,14334,20858,32815,283,68290,13900,12,13912,82202
2000,CKB,26,5434,4621,1703,11784,6,428,13653,2304,16391,32,5862,18274,4007,28175,22103,7274,29377,57552
2000,CLE,172037,128740,20989,2345,324111,670,278,6298,288,7534,172707,129018,27287,2633,331645,232,22,254,331899
2000,CLL,99,7411,8073,5442,21025,98,850,26500,4328,31776,197,8261,34573,9770,52801,23377,10050,33427,86228
2000,CLT,271993,127461,42345,3264,445063,2693,2545,9800,269,15307,274686,130006,52145,3533,460370,0,0,0,460370
2000,CMA,0,947,15192,0,16139,2,1613,86068,123,87806,2,2560,101260,123,103945,82428,103,82531,186476
2000,CMH,73500,95357,26812,1611,197280,2142,1194,27171,137,30644,75642,96551,53983,1748,227924,9932,155,10087,238011
2000,CMI,367,13302,21348,279,35296,35,397,22387,48,22867,402,13699,43735,327,58163,76718,725,77443,135606
2000,CNO,0,31,26687,21,26739,0,193,58067,228,58488,0,224,84754,249,85227,75445,57,75502,160729
2000,COS,29784,13461,13462,10700,67407,354,2123,40937,3472,46886,30138,15584,54399,14172,114293,95521,10925,106446,220739
2000,COU,56,6106,7697,66,13925,123,1475,14473,710,16781,179,7581,22170,776,30706,9406,1650,11056,41762
2000,CPR,638,14551,6401,69,21659,109,936,10983,208,12236,747,15487,17384,277,33895,9076,136,9212,43107
2000,CPS,0,5194,14624,87,19905,0,1574,42177,261,44012,0,6768,56801,348,63917,105079,642,105721,169638
2000,CRE,0,1040,18640,157,19837,0,984,13732,428,15144,0,2024,32372,585,34981,11424,92,11516,46497
2000,CRG,0,5213,19799,118,25130,0,1681,46322,11271,59274,0,6894,66121,11389,84404,38522,2307,40829,125233
2000,CRP,10833,12956,14932,15449,54170,1154,2580,12775,304,16813,11987,15536,27707,15753,70983,15135,43013,58148,129131
2000,CRQ,0,12692,45599,426,58717,0,3853,106585,7462,117900,0,16545,152184,7888,176617,78405,74,78479,255096
2000,CRW,5219,27569,15379,3848,52015,272,7513,14385,892,23062,5491,35082,29764,4740,75077,8542,4663,13205,88282
2000,CSG,2984,7703,14095,227,25009,56,226,15447,222,15951,3040,7929,29542,449,40960,20097,508,20605,61565
2000,CVG,180319,265101,17326,598,463344,118,406,13164,812,14500,180437,265507,30490,1410,477844,0,0,0,477844
2000,CWA,42,17164,2979,134,20319,94,1153,7099,474,8820,136,18317,10078,608,29139,8282,1050,9332,38471
2000,CXY,19,244,10608,327,11198,53,462,27575,1180,29270,72,706,38183,1507,40468,21001,4584,25585,66053
2000,CYS,3,1319,1264,1000,3586,141,7271,12904,2755,23071,144,8590,14168,3755,26657,7694,10964,18658,45315
2000,DAB,3905,2161,78800,386,85252,475,495,219005,608,220583,4380,2656,297805,994,305835,66173,7,66180,372015
2000,DAL,104577,36180,64092,865,205714,445,17624,32809,195,51073,105022,53804,96901,1060,256787,0,0,0,256787
2000,DAY,62602,38012,25018,1240,126872,452,419,10127,346,11344,63054,38431,35145,1586,138216,6865,42,6907,145123
2000,DBQ,0,8223,5534,2,13759,6,638,15779,62,16485,6,8861,21313,64,30244,14424,10,14434,44678
2000,DCA,174750,88158,44549,5283,312740,132,118,14743,14744,29737,174882,88276,59292,20027,342477,0,313,313,342790
2000,DEC,0,3758,8391,793,12942,0,557,12856,1759,15172,0,4315,21247,2552,28114,18406,4449,22855,50969
2000,DEN,368972,138186,10981,744,518883,1100,4476,3874,176,9626,370072,142662,14855,920,528509,95,0,95,528604
2000,DET,3669,5953,17440,24,27086,667,4216,79558,790,85231,4336,10169,96998,814,112317,41418,97,41515,153832
2000,DFW,600055,213227,13454,92,826828,4717,3779,1905,142,10543,604772,217006,15359,234,837371,28200,206,28406,865777
2000,DHN,1152,6456,11148,11384,30140,262,910,13668,9967,24807,1414,7366,24816,21351,54947,15900,24080,39980,94927
2000,DLH,7596,4830,9238,3762,25426,148,402,13883,1090,15523,7744,5232,23121,4852,40949,14374,6310,20684,61633
2000,DPA,0,940,32219,5,33164,0,486,79331,47,79864,0,1426,111550,52,113028,87754,56,87810,200838
2000,DSM,34322,32356,28983,2583,98244,258,1270,15723,173,17424,34580,33626,44706,2756,115668,10183,1817,12000,127668
2000,DTW,323034,157966,32524,1183,514707,4173,2347,32779,403,39702,327207,160313,65303,1586,554409,171,0,171,554580
2000,DVT,0,142,4872,3,5017,0,6641,160107,607,167355,0,6783,164979,610,172372,198331,76,198407,370779
2000,DWH,0,90,12621,1347,14058,0,1314,70335,1316,72965,0,1404,82956,2663,87023,130261,1794,132055,219078
2000,DXR,0,11,4933,0,4944,0,66,45912,65,46043,0,77,50845,65,50987,63519,83,63602,114589
2000,EGE,3053,6448,9899,46,19446,548,904,9157,2199,12808,3601,7352,19056,2245,32254,6515,842,7357,39611
2000,EKO,1888,9068,1413,8,12377,296,1179,9696,140,11311,2184,10247,11109,148,23688,4207,32,4239,27927
2000,ELM,2714,12895,10898,160,26667,50,254,9442,122,9868,2764,13149,20340,282,36535,23370,206,23576,60111
2000,ELP,54588,16189,25107,4052,99936,1377,1574,22473,1752,27176,55965,17763,47580,5804,127112,12502,1004,13506,140618
2000,EMT,0,627,3303,1,3931,128,2128,85592,226,88074,128,2755,88895,227,92005,69840,72,69912,161917
2000,ENA,41,5303,836,244,6424,503,18731,14447,1343,35024,544,24034,15283,1587,41448,21262,6348,27610,69058
2000,ENW,1,547,10986,2,11536,5,429,43934,68,44436,6,976,54920,70,55972,33163,86,33249,89221
2000,ERI,2615,10566,10446,395,24022,297,706,11175,605,12783,2912,11272,21621,1000,36805,12630,859,13489,50294
2000,EUG,5751,25292,13495,637,45175,448,1111,26403,730,28692,6199,26403,39898,1367,73867,35736,896,36632,110499
2000,EVV,64,27733,17526,256,45579,21,698,13962,203,14884,85,28431,31488,459,60463,24718,186,24904,85367
2000,EWB,0,3089,8269,59,11417,0,11179,15930,121,27230,0,14268,24199,180,38647,25792,943,26735,65382
2000,EWN,0,1614,708,87,2409,0,148,639,86,873,0,1762,1347,173,3282,3178,65,3243,6525
2000,EWR,354921,78088,15808,29,448846,1421,3984,2855,76,8336,356342,82072,18663,105,457182,0,0,0,457182
2000,EYW,1622,27563,14215,33,43433,279,5753,25419,1734,33185,1901,33316,39634,1767,76618,12606,3154,15760,92378
2000,FAI,16165,11044,11594,1257,40060,1589,10812,38022,384,50807,17754,21856,49616,1641,90867,46505,1243,47748,138615
2000,FAR,8038,9789,16339,2848,37014,728,948,20678,1497,23851,8766,10737,37017,4345,60865,33346,2962,36308,97173
2000,FAT,13714,36827,16127,5397,72065,344,6348,61723,2504,70919,14058,43175,77850,7901,142984,113946,2190,116136,259120
2000,FAY,3975,6836,10067,4311,25189,343,634,10184,1521,12682,4318,7470,20251,5832,37871,10506,6196,16702,54573
2000,FCM,0,300,27127,1,27428,0,925,70741,41,71707,0,1225,97868,42,99135,86921,22,86943,186078
2000,FFZ,62,178,2594,20,2854,156,6892,130931,4385,142364,218,7070,133525,4405,145218,128260,1187,129447,274665
2000,FLG,0,4551,2909,17,7477,10,2909,23173,138,26230,10,7460,26082,155,33707,17450,172,17622,51329
2000,FLL,133135,39819,37450,233,210637,15249,15700,49442,355,80746,148384,55519,86892,588,291383,971,108,1079,292462
2000,FLO,0,7224,10504,890,18618,0,314,11141,818,12273,0,7538,21645,1708,30891,5749,368,6117,37008
2000,FMN,0,11418,3922,28,15368,12,736,19499,182,20429,12,12154,23421,210,35797,100286,65,100351,136148
2000,FMY,0,2610,12068,10,14688,2,1504,35972,143,37621,2,4114,48040,153,52309,34174,10,34184,86493
2000,FNT,8492,14005,28790,55,51342,325,721,5176,61,6283,8817,14726,33966,116,57625,75663,64,75727,133352
2000,FOE,27,2412,4560,2955,9954,117,366,7392,996,8871,144,2778,11952,3951,18825,8161,14622,22783,41608
2000,FPR,0,871,24218,5,25094,12,1180,63558,113,64863,12,2051,87776,118,89957,83927,71,83998,173955
2000,FRG,0,2939,18513,56,21508,10,1439,85794,179,87422,10,4378,104307,235,108930,103218,18,103236,212166
2000,FSD,12050,25321,18519,2856,58746,1117,2028,16581,1323,21049,13167,27349,35100,4179,79795,19681,3578,23259,103054
2000,FSM,147,13108,12617,11314,37186,127,1007,9598,2009,12741,274,14115,22215,13323,49927,7400,12404,19804,69731
2000,FTW,105,1779,31615,64,33563,116,739,108163,177,109195,221,2518,139778,241,142758,158243,58,158301,301059
2000,FTY,0,2877,40805,384,44066,0,613,32501,433,33547,0,3490,73306,817,77613,40014,80,40094,117707
2000,FUL,0,14,7558,0,7572,2,370,48327,14,48713,2,384,55885,14,56285,33591,82,33673,89958
2000,FWA,14174,38244,23277,2547,78242,1015,1756,12510,356,15637,15189,40000,35787,2903,93879,26909,2890,29799,123678
2000,FXE,0,7861,53681,5,61547,0,3601,130054,68,133723,0,11462,183735,73,195270,64606,0,64606,259876
2000,FYV,0,776,3769,32,4577,2,273,7303,71,7649,2,1049,11072,103,12226,9183,352,9535,21761
2000,GCK,0,274,214,0,488,4,47,279,8,338,4,321,493,8,826,180,0,180,1006
2000,GCN,15,7873,762,34,8684,142,127415,4415,326,132298,157,135288,5177,360,140982,1769,145,1914,142896
2000,GEG,45313,23367,9110,737,78527,1552,1451,18518,645,22166,46865,24818,27628,1382,100693,15919,1147,17066,117759
2000,GEU,0,0,835,3,838,0,2275,38662,280,41217,0,2275,39497,283,42055,70294,221,70515,112570
2000,GFK,2785,5515,23283,67,31650,547,1073,60513,276,62409,3332,6588,83796,343,94059,142262,25,142287,236346
2000,GGG,35,4198,10666,1687,16586,18,254,16693,610,17575,53,4452,27359,2297,34161,47599,6442,54041,88202
2000,GJT,965,17514,7610,1535,27624,255,3489,33253,1265,38262,1220,21003,40863,2800,65886,27715,3353,31068,96954
2000,GLH,1,1546,2046,1846,5439,3,386,6468,437,7294,4,1932,8514,2283,12733,5015,20674,25689,38422
2000,GMU,0,7493,7814,17,15324,0,1716,36429,477,38622,0,9209,44243,494,53946,30837,196,31033,84979
2000,GNV,1516,8128,12548,543,22735,284,699,28280,1164,30427,1800,8827,40828,1707,53162,24861,3034,27895,81057
2000,GON,0,2429,6911,697,10037,2,1913,26288,1426,29629,2,4342,33199,2123,39666,32693,1876,34569,74235
2000,GPM,0,0,1567,0,1567,0,0,39362,29,39391,0,0,40929,29,40958,44649,452,45101,86059
2000,GPT,9043,6709,14019,13291,43062,515,486,13926,3222,18149,9558,7195,27945,16513,61211,35799,25887,61686,122897
2000,GRB,8539,13850,14176,178,36743,846,902,1376,202,3326,9385,14752,15552,380,40069,25365,46,25411,65480
2000,GRI,9,4223,4760,110,9102,82,758,7304,333,8477,91,4981,12064,443,17579,5210,286,5496,23075
2000,GRR,19992,44915,31696,492,97095,1283,2206,16408,287,20184,21275,47121,48104,779,117279,18281,905,19186,136465
2000,GSN,6232,4263,469,43,11007,332,19327,9104,251,29014,6564,23590,9573,294,40021,1601,97,1698,41719
2000,GSO,38965,31460,30177,303,100905,410,380,17920,155,18865,39375,31840,48097,458,119770,18345,526,18871,138641
2000,GSP,16573,33551,10061,1094,61279,354,691,4984,327,6356,16927,34242,15045,1421,67635,1863,880,2743,70378
2000,GTF,9754,12434,4896,5243,32327,101,1377,12920,3544,17942,9855,13811,17816,8787,50269,17306,4783,22089,72358
2000,GUM,20132,4495,866,257,25750,592,282,6708,3542,11124,20724,4777,7574,3799,36874,19986,6529,26515,63389
2000,GYR,69,10,1843,0,1922,131,50,60732,183,61096,200,60,62575,183,63018,79334,106,79440,142458
2000,GYY,1407,441,6242,44,8134,403,321,13393,421,14538,1810,762,19635,465,22672,29498,662,30160,52832
2000,HEF,0,1619,11550,11,13180,0,864,92324,288,93476,0,2483,103874,299,106656,29314,76,29390,136046
2000,HFD,0,343,5941,8,6292,0,988,63901,550,65439,0,1331,69842,558,71731,45996,110,46106,117837
2000,HGR,719,2112,5247,266,8344,126,359,25943,1143,27571,845,2471,31190,1409,35915,16038,696,16734,52649
2000,HHR,0,633,6280,4,6917,11,516,27643,104,28274,11,1149,33923,108,35191,43099,122,43221,78412
2000,HIO,0,2334,15571,58,17963,0,4896,67630,1045,73571,0,7230,83201,1103,91534,151645,1332,152977,244511
2000,HKS,0,1454,6345,644,8443,0,688,14705,2214,17607,0,2142,21050,2858,26050,28698,2194,30892,56942
2000,HKY,1,3314,8717,15,12047,11,435,14784,342,15572,12,3749,23501,357,27619,7804,9,7813,35432
2000,HLG,0,85,2141,164,2390,0,314,13354,2178,15846,0,399,15495,2342,18236,15333,6813,22146,40382
2000,HLN,2788,9316,4555,836,17495,145,3318,20234,3280,26977,2933,12634,24789,4116,44472,15550,3488,19038,63510
2000,HNL,202105,11176,14085,12399,239765,4420,20237,69907,2756,97320,206525,31413,83992,15155,337085,7681,730,8411,345496
2000,HOB,0,3541,960,42,4543,0,3976,21781,235,25992,0,7517,22741,277,30535,23976,686,24662,55197
2000,HOU,119673,22950,64075,40,206738,2419,3784,35047,991,42241,122092,26734,99122,1031,248979,2332,80,2412,251391
2000,HPN,12692,47541,87397,315,147945,723,1892,36885,324,39824,13415,49433,124282,639,187769,29291,22,29313,217082
2000,HRL,12673,2372,4156,3502,22703,1236,702,7646,634,10218,13909,3074,11802,4136,32921,3258,14190,17448,50369
2000,HSV,14861,10244,16414,6392,47911,700,536,9644,1484,12364,15561,10780,26058,7876,60275,18107,20122,38229,98504
2000,HTS,8467,3133,6880,410,18890,254,425,17412,385,18476,8721,3558,24292,795,37366,14978,366,15344,52710
2000,HUF,129,690,11068,3330,15217,34,126,16251,2223,18634,163,816,27319,5553,33851,25163,2556,27719,61570
2000,HUM,0,2523,2980,124,5627,0,42247,17176,376,59799,0,44770,20156,500,65426,9279,684,9963,75389
2000,HUT,0,819,6436,1379,8634,0,692,14653,1610,16955,0,1511,21089,2989,25589,32993,3653,36646,62235
2000,HVN,0,4663,4979,0,9642,0,597,21895,72,22564,0,5260,26874,72,32206,29050,256,29306,61512
2000,HWD,0,330,8602,0,8932,0,472,57858,38,58368,0,802,66460,38,67300,94966,20,94986,162286
2000,HWO,0,0,2119,0,2119,13,19,62527,54,62613,13,19,64646,54,64732,137814,699,138513,203245
2000,HYA,1,25604,5503,10,31118,7,72622,22571,137,95337,8,98226,28074,147,126455,9189,249,9438,135893
2000,IAD,162996,249159,57410,7622,477187,170,433,1995,84,2682,163166,249592,59405,7706,479869,62,0,62,479931
2000,IAG,4,235,4034,3012,7285,38,215,9481,281,10015,42,450,13515,3293,17300,13872,9759,23631,40931
2000,IAH,335818,117116,19312,97,472343,5164,4512,8290,257,18223,340982,121628,27602,354,490566,2,0,2,490568
2000,ICT,21455,24063,59349,4704,109571,282,967,49868,288,51405,21737,25030,109217,4992,160976,50996,5973,56969,217945
2000,IDA,11,11394,2021,30,13456,46,3314,13248,148,16756,57,14708,15269,178,30212,11891,140,12031,42243
2000,IFP,393,1617,896,12,2918,208,1704,29313,180,31405,601,3321,30209,192,34323,17152,157,17309,51632
2000,ILG,10,3160,25565,2123,30858,79,911,28938,1001,30929,89,4071,54503,3124,61787,63451,4783,68234,130021
2000,ILM,4183,15225,17959,2013,39380,332,1212,20603,1644,23791,4515,16437,38562,3657,63171,18116,3511,21627,84798
2000,IND,131859,72267,41867,1653,247646,510,568,8280,149,9507,132369,72835,50147,1802,257153,2695,12,2707,259860
2000,INT,32,326,17514,6,17878,79,250,24567,216,25112,111,576,42081,222,42990,29559,118,29677,72667
2000,IPT,0,5834,4552,23,10409,2,760,10636,134,11532,2,6594,15188,157,21941,6397,22,6419,28360
2000,ISM,0,0,10913,0,10913,0,448,50013,97,50558,0,448,60926,97,61471,84710,0,84710,146181
2000,ISO,22,1260,5073,1244,7599,124,398,13945,2086,16553,146,1658,19018,3330,24152,5252,1712,6964,31116
2000,ISP,22623,13045,27367,389,63424,3754,2351,54945,1287,62337,26377,15396,82312,1676,125761,110071,2407,112478,238239
2000,ITH,2457,9701,5558,3,17719,234,703,10045,69,11051,2691,10404,15603,72,28770,23533,35,23568,52338
2000,ITO,21060,794,1317,2074,25245,1196,47886,13964,2470,65516,22256,48680,15281,4544,90761,17627,7148,24775,115536
2000,IWA,478,270,15026,2049,17823,432,4049,27907,2079,34467,910,4319,42933,4128,52290,99701,6498,106199,158489
2000,IXD,1,119,2199,22,2341,12,77,3401,243,3733,13,196,5600,265,6074,6740,423,7163,13237
2000,JAC,111,695,740,0,1546,1035,5113,15239,88,21475,1146,5808,15979,88,23021,2808,51,2859,25880
2000,JAN,20409,16235,17390,7486,61520,335,388,8515,629,9867,20744,16623,25905,8115,71387,1438,17928,19366,90753
2000,JAX,64163,25806,25178,6514,121661,1956,1328,8692,1461,13437,66119,27134,33870,7975,135098,4828,8871,13699,148797
2000,JFK,247453,95408,7026,392,350279,386,3535,4316,435,8672,247839,98943,11342,827,358951,0,0,0,358951
2000,JLN,1,5022,6016,2,11041,12,703,13377,123,14215,13,5725,19393,125,25256,11905,34,11939,37195
2000,JNU,8113,2139,1067,135,11454,666,101236,16975,633,119510,8779,103375,18042,768,130964,15027,104,15131,146095
2000,JVL,495,4674,4675,5,9849,402,2376,34829,212,37819,897,7050,39504,217,47668,28871,132,29003,76671
2000,JXN,0,238,8002,9,8249,0,302,29449,162,29913,0,540,37451,171,38162,23813,60,23873,62035
2000,KOA,28558,1442,1717,1412,33129,925,8103,16294,1444,26766,29483,9545,18011,2856,59895,29010,9069,38079,97974
2000,KWA,625,55,9,5108,5797,206,914,129,2939,4188,831,969,138,8047,9985,27,616,643,10628
2000,LAF,4,2858,12049,2,14913,48,519,39399,29,39995,52,3377,51448,31,54908,77299,0,77299,132207
2000,LAL,1,355,16509,597,17462,7,754,79659,1068,81488,8,1109,96168,1665,98950,91438,3155,94593,193543
2000,LAN,8584,31628,21903,1028,63143,240,693,18374,480,19787,8824,32321,40277,1508,82930,29457,1033,30490,113420
2000,LAS,328530,31093,79984,15992,455599,8152,26540,22077,5938,62707,336682,57633,102061,21930,518306,2994,0,2994,521300
2000,LAW,0,3888,2490,414,6792,0,1428,2503,0,3931,0,5316,4993,414,10723,4258,15344,19602,30325
2000,LAX,557933,189831,13525,554,761843,7772,8736,3444,1746,21698,565705,198567,16969,2300,783541,143,0,143,783684
2000,LBB,16593,18506,14156,6200,55455,972,1749,18295,321,21337,17565,20255,32451,6521,76792,34367,17449,51816,128608
2000,LCH,0,8430,4973,3692,17095,17,6407,6751,1429,14604,17,14837,11724,5121,31699,9237,4064,13301,45000
2000,LEB,0,3389,4295,3,7687,0,426,14321,86,14833,0,3815,18616,89,22520,23292,146,23438,45958
2000,LEX,10433,21165,27791,560,59949,923,1820,20896,540,24179,11356,22985,48687,1100,84128,1207,1555,2762,86890
2000,LFT,600,21441,14104,709,36854,31,17528,20690,294,38543,631,38969,34794,1003,75397,13593,784,14377,89774
2000,LGA,276576,96785,13736,327,387424,1049,1141,2353,67,4610,277625,97926,16089,394,392034,13,0,13,392047
2000,LGB,11137,2723,45090,280,59230,1003,3388,123364,681,128436,12140,6111,168454,961,187666,191681,52,191733,379399
2000,LIH,32530,746,830,1473,35579,1115,57139,2730,1436,62420,33645,57885,3560,2909,97999,14230,1613,15843,113842
2000,LIT,33991,25291,43639,8671,111592,398,826,30353,1342,32919,34389,26117,73992,10013,144511,10991,19300,30291,174802
2000,LMT,0,4505,2747,3300,10552,0,1209,15467,2280,18956,0,5714,18214,5580,29508,8021,4035,12056,41564
2000,LNK,5635,11065,21485,8443,46628,111,957,23417,2573,27058,5746,12022,44902,11016,73686,32700,8804,41504,115190
2000,LNS,0,2994,13989,562,17545,0,431,44289,967,45687,0,3425,58278,1529,63232,39910,4293,44203,107435
2000,LOU,0,1117,13453,5,14575,0,664,43517,93,44274,0,1781,56970,98,58849,81409,68,81477,140326
2000,LRD,3965,14001,13291,4183,35440,576,1800,11634,2602,16612,4541,15801,24925,6785,52052,4948,17979,22927,74979
2000,LSE,1635,8510,5164,180,15489,216,1044,12219,496,13975,1851,9554,17383,676,29464,13834,770,14604,44068
2000,LUK,0,9259,32173,41,41473,7,79,34836,253,35175,7,9338,67009,294,76648,51198,66,51264,127912
2000,LVK,0,108,12544,5,12657,0,173,74518,131,74822,0,281,87062,136,87479,147136,6,147142,234621
2000,LWB,158,2377,6010,92,8637,165,428,7685,905,9183,323,2805,13695,997,17820,8229,3835,12064,29884
2000,LWM,0,37,7233,0,7270,0,125,34916,49,35090,0,162,42149,49,42360,48993,12,49005,91365
2000,LWS,15,8390,2257,46,10708,62,1006,19727,321,21116,77,9396,21984,367,31824,13285,533,13818,45642
2000,LYH,1,11803,7157,236,19197,11,856,17215,514,18596,12,12659,24372,750,37793,19006,446,19452,57245
2000,LZU,0,1851,11950,3,13804,0,1033,49657,90,50780,0,2884,61607,93,64584,43393,20,43413,107997
2000,MAF,10282,13046,9679,5941,38948,406,631,6100,140,7277,10688,13677,15779,6081,46225,6601,42852,49453,95678
2000,MBS,10913,13069,14405,86,38473,230,390,8172,67,8859,11143,13459,22577,153,47332,11036,192,11228,58560
2000,MCI,162169,42698,8100,624,213591,888,484,3039,76,4487,163057,43182,11139,700,218078,106,10,116,218194
2000,MCN,721,2826,10373,1246,15166,236,519,13838,645,15238,957,3345,24211,1891,30404,3160,301,3461,33865
2000,MCO,221530,67868,27563,4416,321377,41025,353,2598,258,44234,262555,68221,30161,4674,365611,664,3,667,366278
2000,MDH,2,675,1583,4,2264,43,681,29097,157,29978,45,1356,30680,161,32242,85276,133,85409,117651
2000,MDT,19732,30811,11490,3248,65281,213,504,4839,276,5832,19945,31315,16329,3524,71113,2891,5291,8182,79295
2000,MDW,160285,50164,46547,422,257418,8683,6277,23556,804,39320,168968,56441,70103,1226,296738,1323,376,1699,298437
2000,MEI,0,6992,8745,22186,37923,0,1245,5049,3336,9630,0,8237,13794,25522,47553,9736,27388,37124,84677
2000,MEM,217240,107271,43295,4231,372037,1681,994,11323,300,14298,218921,108265,54618,4531,386335,0,0,0,386335
2000,MFD,128,9104,11358,2925,23515,23,904,11883,1259,14069,151,10008,23241,4184,37584,9004,2824,11828,49412
2000,MFE,6143,1237,10723,4178,22281,910,402,22860,1516,25688,7053,1639,33583,5694,47969,13600,407,14007,61976
2000,MFR,2246,17877,6202,46,26371,263,1276,17979,322,19840,2509,19153,24181,368,46211,20901,96,20997,67208
2000,MGM,7563,6896,21797,15380,51636,116,79,14201,20499,34895,7679,6975,35998,35879,86531,12310,18082,30392,116923
2000,MGW,0,7012,4513,314,11839,0,4621,13152,1169,18942,0,11633,17665,1483,30781,17238,772,18010,48791
2000,MHR,2853,2188,2365,537,7943,427,1493,4268,258,6446,3280,3681,6633,795,14389,4139,1657,5796,20185
2000,MHT,37739,21827,12161,310,72037,671,1233,15769,303,17976,38410,23060,27930,613,90013,16063,10,16073,106086
2000,MIA,322508,103005,45230,3883,474626,1807,3594,35121,1334,41856,324315,106599,80351,5217,516482,57,6,63,516545
2000,MIC,0,0,6612,0,6612,0,15,64390,24,64429,0,15,71002,24,71041,105497,16,105513,176554
2000,MKC,23,10376,40991,286,51676,92,3496,35441,438,39467,115,13872,76432,724,91143,37158,265,37423,128566
2000,MKE,85665,90310,28123,3441,207539,228,1734,7548,782,10292,85893,92044,35671,4223,217831,4024,0,4024,221855
2000,MKG,17,10351,15422,682,26472,118,1359,24333,1362,27172,135,11710,39755,2044,53644,22495,3310,25805,79449
2000,MKK,1356,8787,651,260,11054,129,18602,8632,1053,28416,1485,27389,9283,1313,39470,2586,2649,5235,44705
2000,MKL,1,4123,5121,297,9542,3,456,9092,1232,10783,4,4579,14213,1529,20325,11034,1784,12818,33143
2000,MLB,3985,2306,41091,196,47578,622,452,52797,322,54193,4607,2758,93888,518,101771,89938,444,90382,192153
2000,MLI,11764,11558,13753,336,37411,1006,820,10716,357,12899,12770,12378,24469,693,50310,15571,291,15862,66172
2000,MLU,3963,7716,12924,2902,27505,199,264,10442,399,11304,4162,7980,23366,3301,38809,14230,9149,23379,62188
2000,MMU,0,4242,29696,12,33950,0,2081,141962,56,144099,0,6323,171658,68,178049,93025,0,93025,271074
2000,MOB,9062,6573,10929,21779,48343,1709,2269,12746,11967,28691,10771,8842,23675,33746,77034,15430,33382,48812,125846
2000,MOD,0,4099,10380,106,14585,9,9037,32165,309,41520,9,13136,42545,415,56105,30255,84,30339,86444
2000,MOT,1365,4712,2602,153,8832,285,1481,6083,204,8053,1650,6193,8685,357,16885,20150,1660,21810,38695
2000,MQY,23,1760,14508,1891,18182,145,1319,14484,2695,18643,168,3079,28992,4586,36825,39084,2291,41375,78200
2000,MRI,0,802,6248,0,7050,0,8616,67296,148,76060,0,9418,73544,148,83110,106944,473,107417,190527
2000,MRY,727,27089,27133,340,55289,252,2561,30987,467,34267,979,29650,58120,807,89556,12273,203,12476,102032
2000,MSN,14861,20665,29527,2245,67298,471,842,25852,1853,29018,15332,21507,55379,4098,96316,27705,1734,29439,125755
2000,MSO,5663,6920,4223,61,16867,578,3762,20129,526,24995,6241,10682,24352,587,41862,17618,227,17845,59707
2000,MSP,266842,118495,115001,2317,502655,5658,2478,10464,932,19532,272500,120973,125465,3249,522187,66,0,66,522253
2000,MSY,113780,19383,16610,957,150730,1091,3946,11144,591,16772,114871,23329,27754,1548,167502,0,0,0,167502
2000,MTN,0,215,12507,1749,14471,0,209,55629,3856,59694,0,424,68136,5605,74165,50256,1654,51910,126075
2000,MVY,0,12367,7634,26,20027,0,17900,23443,75,41418,0,30267,31077,101,61445,4421,288,4709,66154
2000,MWA,0,3819,1423,5,5247,6,1361,12120,88,13575,6,5180,13543,93,18822,35314,56,35370,54192
2000,MWC,0,145,6579,0,6724,1,474,52084,175,52734,1,619,58663,175,59458,16961,18,16979,76437
2000,MWH,6246,3408,7705,3888,21247,17982,1415,23784,871,44052,24228,4823,31489,4759,65299,52124,7733,59857,125156
2000,MYF,0,4534,51176,11,55721,0,3195,90984,150,94329,0,7729,142160,161,150050,101575,20,101595,251645
2000,MYR,13502,15819,13405,1242,43968,894,827,12460,712,14893,14396,16646,25865,1954,58861,13094,1691,14785,73646
2000,NEW,2,4016,25430,2389,31837,23,1481,46411,3394,51309,25,5497,71841,5783,83146,55622,2220,57842,140988
2000,OAK,142650,27197,44928,58,214833,5353,15069,105141,345,125908,148003,42266,150069,403,340741,108260,49,108309,449050
2000,OGD,2,159,2302,6,2469,26,171,38726,70,38993,28,330,41028,76,41462,52473,51,52524,93986
2000,OGG,62715,3418,1651,1216,69000,1084,74361,18414,1176,95035,63799,77779,20065,2392,164035,9918,902,10820,174855
2000,OJC,0,49,12146,4,12199,0,166,31438,117,31721,0,215,43584,121,43920,49122,89,49211,93131
2000,OKC,48653,7706,46119,27555,130033,4956,1975,7588,3151,17670,53609,9681,53707,30706,147703,6123,6257,12380,160083
2000,OLM,0,1750,8770,203,10723,0,1189,34997,1138,37324,0,2939,43767,1341,48047,35478,60,35538,83585
2000,OMA,50142,30804,29928,328,111202,2563,2537,20921,425,26446,52705,33341,50849,753,137648,29312,919,30231,167879
2000,ONT,93162,22732,7745,35,123674,2223,5375,12869,126,20593,95385,28107,20614,161,144267,10699,60,10759,155026
2000,OPF,285,4027,18435,2114,24861,274,3522,52088,5667,61551,559,7549,70523,7781,86412,42535,7115,49650,136062
2000,ORD,687794,192272,16080,198,896344,100,1373,11153,7,12633,687894,193645,27233,205,908977,0,0,0,908977
2000,ORF,29526,35348,21089,495,86458,13554,5009,18976,491,38030,43080,40357,40065,986,124488,6203,3165,9368,133856
2000,ORH,1,3453,4955,24,8433,27,462,19485,481,20455,28,3915,24440,505,28888,21885,301,22186,51074
2000,ORL,0,9797,59891,376,70064,0,2141,91760,292,94193,0,11938,151651,668,164257,61139,53,61192,225449
2000,OSH,4,1596,6376,266,8242,26,484,41371,427,42308,30,2080,47747,693,50550,53004,834,53838,104388
2000,OSU,0,2468,19261,14,21743,0,603,38389,262,39254,0,3071,57650,276,60997,46031,0,46031,107028
2000,OUN,0,0,10372,176,10548,0,0,41005,848,41853,0,0,51377,1024,52401,63328,35,63363,115764
2000,OWB,730,3225,7443,357,11755,97,487,23622,693,24899,827,3712,31065,1050,36654,28724,1506,30230,66884
2000,OWD,0,45,6518,0,6563,0,2145,38210,141,40496,0,2190,44728,141,47059,49171,59,49230,96289
2000,OXR,0,7029,16542,41,23612,0,8393,26616,1420,36429,0,15422,43158,1461,60041,28138,64,28202,88243
2000,PAE,2199,1804,24949,285,29237,1244,2082,80236,728,84290,3443,3886,105185,1013,113527,98740,1024,99764,213291
2000,PAH,10,6685,5476,140,12311,39,636,9194,449,10318,49,7321,14670,589,22629,4873,94,4967,27596
2000,PAO,0,0,6930,0,6930,0,1,64456,0,64457,0,1,71386,0,71387,129742,0,129742,201129
2000,PBI,50089,31495,63435,826,145845,5387,3394,51001,202,59984,55476,34889,114436,1028,205829,8383,115,8498,214327
2000,PDK,0,7096,77452,91,84639,0,1158,70840,298,72296,0,8254,148292,389,156935,82875,15,82890,239825
2000,PDT,0,4235,1073,262,5570,8,3012,18130,1451,22601,8,7247,19203,1713,28171,7022,1374,8396,36567
2000,PDX,136622,99154,17571,5407,258754,15750,19746,15720,2703,53919,152372,118900,33291,8110,312673,4029,775,4804,317477
2000,PFN,4441,13017,12242,999,30699,466,1910,19388,1147,22911,4907,14927,31630,2146,53610,28031,3371,31402,85012
2000,PHF,2331,16792,13442,4326,36891,359,1293,51490,16754,69896,2690,18085,64932,21080,106787,71456,31953,103409,210196
2000,PHL,295163,125052,52846,423,473484,896,725,8340,122,10083,296059,125777,61186,545,483567,0,0,0,483567
2000,PHX,402827,78443,22606,2121,505997,5258,17965,49411,2134,74768,408085,96408,72017,4255,580765,55762,2230,57992,638757
2000,PIA,6619,21012,14725,3582,45938,280,1527,14613,3851,20271,6899,22539,29338,7433,66209,14770,3967,18737,84946
2000,PIE,6812,4446,34993,3001,49252,668,3578,63537,6635,74418,7480,8024,98530,9636,123670,96826,8719,105545,229215
2000,PIH,4,10323,2088,39,12454,341,5338,14283,169,20131,345,15661,16371,208,32585,14055,530,14585,47170
2000,PIT,232356,186053,22748,5164,446321,86,182,1394,190,1852,232442,186235,24142,5354,448173,8,0,8,448181
2000,PKB,0,6403,5312,823,12538,0,593,12957,2278,15828,0,6996,18269,3101,28366,12498,5498,17996,46362
2000,PMD,28,51,3776,6090,9945,266,340,9733,9671,20010,294,391,13509,15761,29955,2162,13003,15165,45120
2000,PMP,0,2,8991,0,8993,0,50,47619,11,47680,0,52,56610,11,56673,126107,0,126107,182780
2000,PNE,0,0,20299,0,20299,0,0,84578,1400,85978,0,0,104877,1400,106277,70399,0,70399,176676
2000,PNS,12069,19173,19355,17689,68286,723,1194,15496,3918,21331,12792,20367,34851,21607,89617,21920,6254,28174,117791
2000,POC,0,27,12530,15,12572,1,916,116227,168,117312,1,943,128757,183,129884,122565,17,122582,252466
2000,POU,0,2050,5211,3,7264,0,607,47345,227,48179,0,2657,52556,230,55443,68760,0,68760,124203
2000,PPG,91,9318,106,274,9789,137,5034,192,237,5600,228,14352,298,511,15389,366,0,366,15755
2000,PRC,0,3127,3690,34,6851,4,1291,107850,295,109440,4,4418,111540,329,116291,203723,23,203746,320037
2000,PSC,2972,22334,9617,656,35579,193,2586,19336,365,22480,3165,24920,28953,1021,58059,32299,2129,34428,92487
2000,PSP,9019,24308,13697,174,47198,517,1898,33060,344,35819,9536,26206,46757,518,83017,12530,512,13042,96059
2000,PTK,471,9282,57587,1,67341,286,3349,100699,639,104973,757,12631,158286,640,172314,162070,0,162070,334384
2000,PUB,188,4359,16179,5026,25752,28,560,15519,534,16641,216,4919,31698,5560,42393,25362,15918,41280,83673
2000,PVD,50720,45936,29187,2514,128357,867,3074,10065,250,14256,51587,49010,39252,2764,142613,12932,0,12932,155545
2000,PWA,0,0,41649,0,41649,0,423,17084,142,17649,0,423,58733,142,59298,26482,1030,27512,86810
2000,PWK,0,5304,38008,4,43316,0,767,80725,37,81529,0,6071,118733,41,124845,55628,10,55638,180483
2000,PWM,14754,26994,13393,1034,56175,1920,3941,22060,700,28621,16674,30935,35453,1734,84796,21118,338,21456,106252
2000,RAL,0,131,8826,25,8982,0,747,30579,192,31518,0,878,39405,217,40500,43043,83,43126,83626
2000,RAP,3387,11249,8280,729,23645,356,1243,14224,1721,17544,3743,12492,22504,2450,41189,13993,1967,15960,57149
2000,RBD,0,0,2985,61,3046,0,1,29715,163,29879,0,1,32700,224,32925,71431,302,71733,104658
2000,RDD,0,9514,4477,144,14135,7,5506,29727,583,35823,7,15020,34204,727,49958,21368,562,21930,71888
2000,RDG,66,9957,18535,442,29000,19,2387,46505,657,49568,85,12344,65040,1099,78568,68267,1538,69805,148373
2000,RDM,3,16674,2481,57,19215,20,2281,13520,230,16051,23,18955,16001,287,35266,19959,603,20562,55828
2000,RDU,138964,63368,37123,1395,240850,13376,8493,28909,2472,53250,152340,71861,66032,3867,294100,1143,1191,2334,296434
2000,RFD,10674,5999,22981,387,40041,1969,823,20701,730,24223,12643,6822,43682,1117,64264,23998,1545,25543,89807
2000,RHV,0,0,2399,0,2399,0,6,75004,29,75039,0,6,77403,29,77438,152451,54,152505,229943
2000,RIC,41970,33108,30471,6529,112078,3826,2878,18492,2169,27365,45796,35986,48963,8698,139443,6352,4123,10475,149918
2000,RNO,67269,12175,14857,1863,96164,84,6709,35056,1402,43251,67353,18884,49913,3265,139415,10094,364,10458,149873
2000,RNT,182,142,2962,0,3286,152,474,48733,90,49449,334,616,51695,90,52735,84209,28,84237,136972
2000,ROA,6929,32114,14187,784,54014,108,1231,13096,222,14657,7037,33345,27283,1006,68671,38558,738,39296,107967
2000,ROC,38187,51487,21530,1339,112543,1420,2370,20007,634,24431,39607,53857,41537,1973,136974,38874,3082,41956,178930
2000,ROW,30,5690,5616,11478,22814,419,1061,19787,2155,23422,449,6751,25403,13633,46236,12877,15766,28643,74879
2000,RST,8754,5104,12540,1986,28384,128,195,14503,415,15241,8882,5299,27043,2401,43625,26424,4164,30588,74213
2000,RSW,39249,14823,10531,728,65331,544,726,6468,185,7923,39793,15549,16999,913,73254,3219,903,4122,77376
2000,RVS,0,5,16556,0,16561,7,96,114772,43,114918,7,101,131328,43,131479,127637,14,127651,259130
2000,RYN,0,0,1791,22,1813,0,15,51704,635,52354,0,15,53495,657,54167,119796,410,120206,174373
2000,RYY,0,518,11696,30,12244,6,459,41553,1259,43277,6,977,53249,1289,55521,53053,505,53558,109079
2000,SAC,0,4204,24738,101,29043,0,1727,39950,44,41721,0,5931,64688,145,70764,45797,90,45887,116651
2000,SAF,0,7884,7604,391,15879,1,709,27077,1384,29171,1,8593,34681,1775,45050,37764,1776,39540,84590
2000,SAN,138297,33363,11801,359,183820,15074,3805,4481,464,23824,153371,37168,16282,823,207644,192,80,272,207916
2000,SAT,72800,29801,48363,3699,154663,8136,7411,60801,6421,82769,80936,37212,109164,10120,237432,7730,1038,8768,246200
2000,SAV,13104,18024,25903,4754,61785,497,591,18054,1529,20671,13601,18615,43957,6283,82456,26404,3754,30158,112614
2000,SBA,10087,23193,23506,464,57250,188,5063,45696,649,51596,10275,28256,69202,1113,108846,58461,69,58530,167376
2000,SBN,10656,24195,15342,79,50272,26,200,10962,17,11205,10682,24395,26304,96,61477,15784,141,15925,77402
2000,SBP,0,13513,5699,131,19343,11,2714,44430,760,47915,11,16227,50129,891,67258,42616,70,42686,109944
2000,SBY,2611,5821,3441,188,12061,200,510,16857,875,18442,2811,6331,20298,1063,30503,9847,3472,13319,43822
2000,SCK,4,262,30791,962,32019,16,242,22056,1146,23460,20,504,52847,2108,55479,15909,681,16590,72069
2000,SDF,107118,39508,25344,2715,174685,1203,617,3629,1401,6850,108321,40125,28973,4116,181535,0,0,0,181535
2000,SDL,0,3774,26746,5,30525,8,4173,86457,412,91050,8,7947,113203,417,121575,85298,159,85457,207032
2000,SDM,1,81,6493,46,6621,1,50,9798,476,10325,2,131,16291,522,16946,91888,3966,95854,112800
2000,SEA,230762,187172,2577,16,420527,5593,16551,2871,79,25094,236355,203723,5448,95,445621,56,0,56,445677
2000,SEE,0,2,7836,0,7838,0,23,80276,45,80344,0,25,88112,45,88182,99540,29,99569,187751
2000,SFB,4164,393,43455,11,48023,992,105,117753,35,118885,5156,498,161208,46,166908,204862,14,204876,371784
2000,SFF,0,2725,2698,8,5431,0,6960,31297,292,38549,0,9685,33995,300,43980,31392,27,31419,75399
2000,SFO,324746,71477,18980,1367,416570,2969,2057,6817,809,12652,327715,73534,25797,2176,429222,1329,3,1332,430554
2000,SGF,11169,21844,20858,3625,57496,306,630,17662,1255,19853,11475,22474,38520,4880,77349,19959,7512,27471,104820
2000,SHV,9623,30875,23212,4539,68249,362,352,3990,1110,5814,9985,31227,27202,5649,74063,5070,4284,9354,83417
2000,SIG,0,0,2184,613,2797,0,4285,51028,2522,57835,0,4285,53212,3135,60632,55325,1609,56934,117566
2000,SJC,143639,12312,32241,53,188245,3421,1540,55364,130,60455,147060,13852,87605,183,248700,51128,16,51144,299844
2000,SJT,2,7894,4937,6209,19042,12,1783,16517,247,18559,14,9677,21454,6456,37601,18814,31989,50803,88404
2000,SJU,108109,64530,9962,1993,184594,1286,26184,19796,857,48123,109395,90714,29758,2850,232717,3846,340,4186,236903
2000,SLC,170689,100407,24854,1823,297773,2982,8174,49958,2092,63206,173671,108581,74812,3915,360979,5904,50,5954,366933
2000,SLE,0,615,5440,806,6861,10,749,26199,1560,28518,10,1364,31639,2366,35379,12809,1053,13862,49241
2000,SLN,34,4607,12544,2315,19500,116,585,26000,1885,28586,150,5192,38544,4200,48086,28739,10778,39517,87603
2000,SMF,85267,17016,7790,1629,111702,2398,3371,14824,252,20845,87665,20387,22614,1881,132547,13016,4406,17422,149969
2000,SMO,0,3848,23108,28,26984,0,2843,82342,1363,86548,0,6691,105450,1391,113532,59194,28,59222,172754
2000,SMX,6,8093,5488,128,13715,53,3887,33624,332,37896,59,11980,39112,460,51611,24183,571,24754,76365
2000,SNA,83925,13369,48004,61,145359,1277,407,116003,172,117859,85202,13776,164007,233,263218,124646,0,124646,387864
2000,SNS,0,266,9460,12,9738,0,1095,36034,301,37430,0,1361,45494,313,47168,41830,96,41926,89094
2000,SPG,0,316,2588,3,2907,0,3391,38390,735,42516,0,3707,40978,738,45423,54567,418,54985,100408
2000,SPI,82,12634,18038,2318,33072,41,1087,16696,578,18402,123,13721,34734,2896,51474,18726,2360,21086,72560
2000,SQL,0,0,3560,0,3560,0,10,71032,11,71053,0,10,74592,11,74613,85562,15,85577,160190
2000,SRQ,9354,8904,31538,580,50376,826,2055,79484,1145,83510,10180,10959,111022,1725,133886,35320,331,35651,169537
2000,SSF,0,1,5064,3934,8999,0,10,43754,1087,44851,0,11,48818,5021,53850,96054,378,96432,150282
2000,STJ,12,43,3682,2248,5985,72,149,8996,1922,11139,84,192,12678,4170,17124,10436,3984,14420,31544
2000,STL,341173,107148,19115,3020,470456,5125,3279,3798,1046,13248,346298,110427,22913,4066,483704,502,18,520,484224
2000,STP,0,5844,43490,756,50090,0,2489,46152,3035,51676,0,8333,89642,3791,101766,51073,5377,56450,158216
2000,STS,0,3606,12419,19,16044,14,3115,66309,251,69689,14,6721,78728,270,85733,46393,157,46550,132283
2000,STT,7731,20259,4160,613,32763,784,36565,18809,1115,57273,8515,56824,22969,1728,90036,6374,160,6534,96570
2000,STX,4679,12462,2566,1459,21166,367,23642,8730,1229,33968,5046,36104,11296,2688,55134,6412,1462,7874,63008
2000,SUA,0,2760,11421,12,14193,1,833,49153,638,50625,1,3593,60574,650,64818,51257,251,51508,116326
2000,SUN,0,10340,9521,0,19861,8,3420,35975,21,39424,8,13760,45496,21,59285,6007,0,6007,65292
2000,SUS,21,5417,45276,45,50759,79,2318,58216,237,60850,100,7735,103492,282,111609,93132,10,93142,204751
2000,SUX,1207,8147,11231,2182,22767,59,425,6874,851,8209,1266,8572,18105,3033,30976,6559,3632,10191,41167
2000,SWF,6440,13271,6819,2125,28655,1177,1400,43319,2887,48783,7617,14671,50138,5012,77438,53945,5106,59051,136489
2000,SYR,31127,47727,16446,3794,99094,1235,2241,12669,1118,17263,32362,49968,29115,4912,116357,16204,7730,23934,140291
2000,TCL,8,1013,8769,3818,13608,57,550,17467,7585,25659,65,1563,26236,11403,39267,20279,2663,22942,62209
2000,TEB,86,38487,123490,136,162199,85,9562,103085,419,113151,171,48049,226575,555,275350,7497,0,7497,282847
2000,TIW,0,617,11470,22,12109,0,961,44403,433,45797,0,1578,55873,455,57906,49554,22,49576,107482
2000,TIX,0,307,23843,28,24178,0,1319,35307,321,36947,0,1626,59150,349,61125,71620,45,71665,132790
2000,TKI,0,0,5019,0,5019,0,2,35609,12,35623,0,2,40628,12,40642,115138,0,115138,155780
2000,TLH,3932,35561,20996,5284,65773,366,2848,22447,1908,27569,4298,38409,43443,7192,93342,20757,6904,27661,121003
2000,TMB,0,552,18753,1,19306,0,608,73110,31,73749,0,1160,91863,32,93055,97645,0,97645,190700
2000,TOA,0,0,9856,3,9859,0,19,85027,631,85677,0,19,94883,634,95536,82510,123,82633,178169
2000,TOL,17955,22757,24305,1935,66952,2006,1482,10136,949,14573,19961,24239,34441,2884,81525,15428,3230,18658,100183
2000,TOP,0,0,3948,6,3954,0,13,32944,569,33526,0,13,36892,575,37480,28289,173,28462,65942
2000,TPA,148719,80521,23178,494,252912,145,1467,22956,320,24888,148864,81988,46134,814,277800,832,0,832,278632
2000,TRI,7464,14875,16800,309,39448,311,604,23056,331,24302,7775,15479,39856,640,63750,35304,98,35402,99152
2000,TTD,0,0,1189,0,1189,5,28,30382,231,30646,5,28,31571,231,31835,40882,2313,43195,75030
2000,TTN,2064,5899,16893,361,25217,521,610,49491,2667,53289,2585,6509,66384,3028,78506,66871,1160,68031,146537
2000,TUL,41626,19935,44362,24921,130844,2343,1114,23782,6479,33718,43969,21049,68144,31400,164562,20504,13904,34408,198970
2000,TUP,3,4337,5633,228,10201,21,768,21777,2965,25531,24,5105,27410,3193,35732,8821,2766,11587,47319
2000,TUS,41299,4805,23507,23092,92703,4491,8403,60735,8883,82512,45790,13208,84242,31975,175215,60737,14991,75728,250943
2000,TVC,2096,18813,9587,280,30776,338,3858,29828,3511,37535,2434,22671,39415,3791,68311,49383,7004,56387,124698
2000,TWF,153,8673,3417,491,12734,52,2213,14324,1014,17603,205,10886,17741,1505,30337,11756,704,12460,42797
2000,TXK,3,6358,7260,496,14117,24,673,12895,618,14210,27,7031,20155,1114,28327,11830,1212,13042,41369
2000,TYR,0,10816,14178,13,25007,11,1010,34818,127,35966,11,11826,48996,140,60973,42798,81,42879,103852
2000,TYS,24004,28897,34168,7608,94677,2238,2484,16019,3783,24524,26242,31381,50187,11391,119201,23860,5535,29395,148596
2000,TZR,0,392,2498,0,2890,0,304,18916,36,19256,0,696,21414,36,22146,27802,58,27860,50006
2000,UCA,1,8927,6909,91,15928,49,1868,15680,356,17953,50,10795,22589,447,33881,19639,219,19858,53739
2000,UES,0,1227,9910,0,11137,0,618,36609,59,37286,0,1845,46519,59,48423,41956,16,41972,90395
2000,UGN,0,1411,13147,116,14674,0,394,23135,324,23853,0,1805,36282,440,38527,52816,238,53054,91581
2000,VGT,0,2117,4254,0,6371,7,48925,71071,32,120035,7,51042,75325,32,126406,99099,0,99099,225505
2000,VLD,0,3799,5684,1188,10671,7,580,18934,2096,21617,7,4379,24618,3284,32288,16017,9106,25123,57411
2000,VNY,0,4488,53817,154,58459,0,4039,281264,337,285640,0,8527,335081,491,344099,139102,164,139266,483365
2000,VRB,0,2152,29834,22,32008,6,658,100552,132,101348,6,2810,130386,154,133356,68892,39,68931,202287
2000,WDG,99,1995,2250,9509,13853,48,702,8545,241,9536,147,2697,10795,9750,23389,19131,13687,32818,56207
2000,WHP,0,0,2121,0,2121,0,24,61193,142,61359,0,24,63314,142,63480,72576,16,72592,136072
2000,WJF,0,376,1780,18,2174,0,1917,31139,344,33400,0,2293,32919,362,35574,44661,325,44986,80560
2000,XNA,4122,19878,2774,322,27096,435,1160,3160,567,5322,4557,21038,5934,889,32418,2604,2010,4614,37032
2000,YIP,10865,24067,21618,7,56557,1255,1716,28160,160,31291,12120,25783,49778,167,87848,48700,14,48714,136562
2000,YKM,251,13908,4632,775,19566,192,1404,16109,1062,18767,443,15312,20741,1837,38333,18729,2041,20770,59103
2000,YNG,803,5799,15103,7319,29024,581,1160,10104,2794,14639,1384,6959,25207,10113,43663,24928,20135,45063,88726
2001,ABE,17088,17712,34666,2160,71626,1771,489,32212,256,34728,18859,18201,66878,2416,106354,32643,1417,34060,140414
2001,ABI,86,9243,8140,8932,26401,157,3574,16236,2232,22199,243,12817,24376,11164,48600,15047,19356,34403,83003
2001,ABQ,78502,37201,38488,13509,167700,2345,3986,21149,8829,36309,80847,41187,59637,22338,204009,14224,23440,37664,241673
2001,ABY,53,8185,6464,452,15154,98,1247,10070,1034,12449,151,9432,16534,1486,27603,11370,1377,12747,40350
2001,ACK,12,43231,15058,288,58589,14,72403,27734,491,100642,26,115634,42792,779,159231,1386,423,1809,161040
2001,ACT,100,6804,11188,2555,20647,116,3884,18394,1294,23688,216,10688,29582,3849,44335,11165,2078,13243,57578
2001,ACY,8464,10364,17262,11339,47429,3526,1791,10175,3152,18644,11990,12155,27437,14491,66073,29126,28186,57312,123385
2001,ADM,0,39,3330,798,4167,0,54,8865,1253,10172,0,93,12195,2051,14339,19830,5926,25756,40095
2001,ADQ,1424,3176,556,1047,6203,190,6097,2114,1934,10335,1614,9273,2670,2981,16538,1646,11519,13165,29703
2001,ADS,47,9856,40909,92,50904,26,1076,94871,125,96098,73,10932,135780,217,147002,13863,30,13893,160895
2001,ADW,9,0,2032,36895,38936,72,8,3357,10331,13768,81,8,5389,47226,52704,5089,49612,54701,107405
2001,AEX,1778,9801,5096,3386,20061,204,321,206,256,987,1982,10122,5302,3642,21048,28660,11550,40210,61258
2001,AFW,6996,3581,10376,4240,25193,799,2176,24295,1114,28384,7795,5757,34671,5354,53577,85877,9110,94987,148564
2001,AGC,4,11764,22118,139,34025,5,12855,32611,445,45916,9,24619,54729,584,79941,35094,246,35340,115281
2001,AGS,4435,7302,13415,2435,27587,145,256,6817,659,7877,4580,7558,20232,3094,35464,9351,1589,10940,46404
2001,AHN,0,1716,11230,257,13203,4,297,22642,938,23881,4,2013,33872,1195,37084,36749,512,37261,74345
2001,AKN,1069,5451,557,479,7556,231,13663,2734,203,16831,1300,19114,3291,682,24387,871,668,1539,25926
2001,ALB,29335,65112,17894,1264,113605,68,745,16173,1551,18537,29403,65857,34067,2815,132142,13685,2504,16189,148331
2001,ALN,10,337,12339,544,13230,56,481,23844,414,24795,66,818,36183,958,38025,40901,3462,44363,82388
2001,ALO,20,10731,8002,559,19312,14,201,9534,1898,11647,34,10932,17536,2457,30959,11852,2276,14128,45087
2001,ALW,2,2403,3054,67,5526,12,577,13626,64,14279,14,2980,16680,131,19805,20447,12,20459,40264
2001,AMA,9412,11248,11499,15096,47255,1740,2046,10878,15708,30372,11152,13294,22377,30804,77627,3560,36694,40254,117881
2001,ANC,111476,56933,16224,2521,187154,723,31019,71357,4016,107115,112199,87952,87581,6537,294269,5884,13,5897,300166
2001,ANE,0,2565,10126,30,12721,0,1040,53307,383,54730,0,3605,63433,413,67451,68947,494,69441,136892
2001,APA,0,23729,46951,541,71221,0,13321,105275,384,118980,0,37050,152226,925,190201,190276,3045,193321,383522
2001,APC,0,1664,13108,64,14836,3,432,45583,148,46166,3,2096,58691,212,61002,64969,116,65085,126087
2001,APF,60,11480,27003,65,38608,14,2779,66264,218,69275,74,14259,93267,283,107883,33393,0,33393,141276
2001,ARA,39,1396,2297,5040,8772,33,16658,6857,1432,24980,72,18054,9154,6472,33752,47115,4410,51525,85277
2001,ARB,0,573,4142,0,4715,2,1605,30647,10,32264,2,2178,34789,10,36979,65342,0,65342,102321
2001,ARR,0,340,8699,36,9075,0,301,42652,329,43282,0,641,51351,365,52357,67994,255,68249,120606
2001,ASE,6824,8714,16992,24,32554,164,294,10986,51,11495,6988,9008,27978,75,44049,1952,46,1998,46047
2001,ASG,0,2430,8474,2,10906,0,1583,19483,34,21100,0,4013,27957,36,32006,20392,6,20398,52404
2001,ASH,0,5,8448,1,8454,0,7,47957,23,47987,0,12,56405,24,56441,54063,4,54067,110508
2001,ATL,161496,50090,2972,107,214665,509517,149934,9071,607,669129,671013,200024,12043,714,883794,2556,645,3201,886995
2001,ATW,6859,14724,10107,25,31715,131,262,12299,8,12700,6990,14986,22406,33,44415,12350,42,12392,56807
2001,AUS,99272,14281,38817,6165,158535,600,1315,43203,2153,47271,99872,15596,82020,8318,205806,14633,0,14633,220439
2001,AVL,6386,10057,18959,1519,36921,135,255,17433,952,18775,6521,10312,36392,2471,55696,17352,2332,19684,75380
2001,AVP,6012,9155,11424,486,27077,626,887,18195,788,20496,6638,10042,29619,1274,47573,72033,616,72649,120222
2001,AZO,4038,16745,15330,137,36250,98,1022,21085,116,22321,4136,17767,36415,253,58571,37785,1,37786,96357
2001,BAF,2,527,4024,1102,5655,0,114,22466,2597,25177,2,641,26490,3699,30832,28248,4839,33087,63919
2001,BAK,35,206,2233,36,2510,61,101,6463,659,7284,96,307,8696,695,9794,4192,148,4340,14134
2001,BCT,0,4945,11329,0,16274,0,1362,42629,288,44279,0,6307,53958,288,60553,25811,6,25817,86370
2001,BDL,79534,41233,23486,4120,148373,3466,4405,5413,1562,14846,83000,45638,28899,5682,163219,1579,231,1810,165029
2001,BDR,0,2164,9075,107,11346,0,404,31838,189,32431,0,2568,40913,296,43777,47873,139,48012,91789
2001,BED,103,16894,37586,838,55421,55,3586,73355,408,77404,158,20480,110941,1246,132825,72605,6,72611,205436
2001,BET,3545,8434,483,174,12636,488,84947,4712,629,90776,4033,93381,5195,803,103412,2611,107,2718,106130
2001,BFI,9180,24568,33771,439,67958,620,22150,121907,1034,145711,9800,46718,155678,1473,213669,77372,385,77757,291426
2001,BFL,271,23614,20315,573,44773,85,21768,42770,600,65223,356,45382,63085,1173,109996,71110,558,71668,181664
2001,BFM,2147,5247,8510,1644,17548,200,1674,17329,5640,24843,2347,6921,25839,7284,42391,7379,36999,44378,86769
2001,BGM,751,15903,7528,705,24887,20,291,6327,154,6792,771,16194,13855,859,31679,8245,599,8844,40523
2001,BGR,2037,19443,9945,7618,39043,473,1604,11862,3463,17402,2510,21047,21807,11081,56445,13423,15542,28965,85410
2001,BHM,35358,31188,50795,6940,124281,1691,1809,10739,2103,16342,37049,32997,61534,9043,140623,5667,2579,8246,148869
2001,BIL,11914,31041,13837,280,57072,290,7035,24660,269,32254,12204,38076,38497,549,89326,27821,210,28031,117357
2001,BIS,2482,9833,9502,1036,22853,69,887,10941,1445,13342,2551,10720,20443,2481,36195,11768,2012,13780,49975
2001,BJC,0,1794,18875,93,20762,0,1686,63969,128,65783,0,3480,82844,221,86545,83240,222,83462,170007
2001,BKL,63,7242,13554,256,21115,23,3383,32926,458,36790,86,10625,46480,714,57905,33698,390,34088,91993
2001,BLI,178,10529,5381,169,16257,61,7831,29700,562,38154,239,18360,35081,731,54411,23604,350,23954,78365
2001,BMG,38,456,4396,53,4943,0,28,11448,105,11581,38,484,15844,158,16524,10544,109,10653,27177
2001,BMI,3675,12166,6894,131,22866,107,385,12139,143,12774,3782,12551,19033,274,35640,14844,212,15056,50696
2001,BNA,125077,42765,41530,3567,212939,1030,704,16502,523,18759,126107,43469,58032,4090,231698,5439,2,5441,237139
2001,BOI,41507,22950,20362,3917,88736,394,4299,38862,4331,47886,41901,27249,59224,8248,136622,24089,4030,28119,164741
2001,BOS,239298,188189,15491,344,443322,5111,14578,6709,314,26712,244409,202767,22200,658,470034,1894,61,1955,471989
2001,BPT,8,12217,10062,3894,26181,2,1935,7775,1222,10934,10,14152,17837,5116,37115,13952,275,14227,51342
2001,BRO,2139,4466,4763,4154,15522,120,352,11460,406,12338,2259,4818,16223,4560,27860,2223,1562,3785,31645
2001,BTL,2,876,10111,1659,12648,4,309,47054,1869,49236,6,1185,57165,3528,61884,44722,874,45596,107480
2001,BTR,6210,15885,25651,2799,50545,638,2062,21905,2375,26980,6848,17947,47556,5174,77525,33634,1345,34979,112504
2001,BTV,7688,35692,9126,3702,56208,558,2795,19103,2587,25043,8246,38487,28229,6289,81251,32633,5343,37976,119227
2001,BUF,54951,44575,34578,3065,137169,491,468,10799,359,12117,55442,45043,45377,3424,149286,10177,1556,11733,161019
2001,BUR,53632,18405,34450,49,106536,2759,10430,27703,319,41211,56391,28835,62153,368,147747,11958,0,11958,159705
2001,BVY,0,470,6299,29,6798,1,261,32108,90,32460,1,731,38407,119,39258,53428,16,53444,92702
2001,BWI,226386,64009,25033,2765,318193,317,706,2276,324,3623,226703,64715,27309,3089,321816,1953,2,1955,323771
2001,BZN,5732,5282,3358,86,14458,353,1663,17942,465,20423,6085,6945,21300,551,34881,28042,99,28141,63022
2001,CAE,14779,41224,19808,2470,78281,253,498,17894,537,19182,15032,41722,37702,3007,97463,23052,2989,26041,123504
2001,CAK,4939,22289,37962,5254,70444,302,1491,21860,2883,26536,5241,23780,59822,8137,96980,22955,4800,27755,124735
2001,CCR,0,593,13976,4,14573,0,1750,62941,194,64885,0,2343,76917,198,79458,64174,17,64191,143649
2001,CDW,0,172,9527,58,9757,0,104,80936,54,81094,0,276,90463,112,90851,79114,10,79124,169975
2001,CGF,0,7481,14809,0,22290,0,3844,22415,49,26308,0,11325,37224,49,48598,15433,52,15485,64083
2001,CGX,0,1575,14356,6,15937,0,202,14052,224,14478,0,1777,28408,230,30415,745,22,767,31182
2001,CHA,6769,15079,28645,4215,54708,4002,7923,37025,4838,53788,10771,23002,65670,9053,108496,28219,6742,34961,143457
2001,CHD,0,143,1689,2,1834,0,2094,62986,18,65098,0,2237,64675,20,66932,165472,45,165517,232449
2001,CHO,25,21213,10972,671,32881,18,1299,22298,636,24251,43,22512,33270,1307,57132,22440,1458,23898,81030
2001,CHS,12588,28350,19939,15481,76358,849,1607,12970,467,15893,13437,29957,32909,15948,92251,8068,25180,33248,125499
2001,CIC,2,2594,2037,192,4825,0,3585,25782,333,29700,2,6179,27819,525,34525,8364,886,9250,43775
2001,CID,13514,18926,17982,131,50553,185,264,12450,74,12973,13699,19190,30432,205,63526,11181,186,11367,74893
2001,CKB,38,4971,4783,1700,11492,3,385,15182,2239,17809,41,5356,19965,3939,29301,21403,6035,27438,56739
2001,CLE,166174,98207,18817,2077,285275,581,436,5125,297,6439,166755,98643,23942,2374,291714,0,0,0,291714
2001,CLL,132,7571,7791,6218,21712,16,435,23714,4481,28646,148,8006,31505,10699,50358,20399,9242,29641,79999
2001,CLT,246690,162213,38486,3163,450552,7215,3958,8906,495,20574,253905,166171,47392,3658,471126,28,1,29,471155
2001,CMA,0,1113,15942,4,17059,2,1673,80346,66,82087,2,2786,96288,70,99146,80277,37,80314,179460
2001,CMH,64483,112466,26084,1603,204636,1018,801,28238,116,30173,65501,113267,54322,1719,234809,8336,56,8392,243201
2001,CMI,342,12248,22723,165,35478,51,556,20992,61,21660,393,12804,43715,226,57138,72614,94,72708,129846
2001,CNO,0,134,27260,37,27431,0,215,53191,78,53484,0,349,80451,115,80915,64548,28,64576,145491
2001,COS,25486,16239,13931,11432,67088,297,1184,40246,3198,44925,25783,17423,54177,14630,112013,86777,7431,94208,206221
2001,COU,71,4085,6975,48,11179,44,978,13127,437,14586,115,5063,20102,485,25765,7310,1129,8439,34204
2001,CPR,577,14006,6300,69,20952,249,899,9564,147,10859,826,14905,15864,216,31811,9804,118,9922,41733
2001,CPS,0,5420,15227,172,20819,26,1728,43346,293,45393,26,7148,58573,465,66212,104793,82,104875,171087
2001,CRE,0,1007,17002,138,18147,0,736,15783,317,16836,0,1743,32785,455,34983,17854,158,18012,52995
2001,CRG,0,6059,21922,129,28110,0,1542,57998,12856,72396,0,7601,79920,12985,100506,56209,2054,58263,158769
2001,CRP,8456,14340,14606,11519,48921,263,1714,14712,137,16826,8719,16054,29318,11656,65747,11701,46110,57811,123558
2001,CRQ,0,11967,44429,590,56986,0,3209,86855,4039,94103,0,15176,131284,4629,151089,70671,138,70809,221898
2001,CRW,3464,29933,14658,3507,51562,223,7011,13451,1190,21875,3687,36944,28109,4697,73437,12449,4184,16633,90070
2001,CSG,2408,6144,20903,278,29733,49,178,5052,55,5334,2457,6322,25955,333,35067,14613,282,14895,49962
2001,CVG,154547,199279,15912,788,370526,1558,1593,11811,900,15862,156105,200872,27723,1688,386388,0,0,0,386388
2001,CWA,75,18870,2134,319,21398,31,570,6364,403,7368,106,19440,8498,722,28766,7753,1872,9625,38391
2001,CXY,105,417,8393,253,9168,137,475,28905,1138,30655,242,892,37298,1391,39823,25256,1328,26584,66407
2001,CYS,19,2101,1601,1115,4836,250,9689,12665,2455,25059,269,11790,14266,3570,29895,8604,10560,19164,49059
2001,DAB,3386,3244,83701,534,90865,811,737,217793,610,219951,4197,3981,301494,1144,310816,62791,205,62996,373812
2001,DAL,94894,38921,62084,935,196834,526,8095,37746,648,47015,95420,47016,99830,1583,243849,0,0,0,243849
2001,DAY,44610,40924,24195,1986,111715,622,887,9113,361,10983,45232,41811,33308,2347,122698,8607,346,8953,131651
2001,DBQ,0,6699,5523,38,12260,0,247,15760,74,16081,0,6946,21283,112,28341,19434,126,19560,47901
2001,DCA,138275,80828,32286,4711,256100,505,53,13229,258,14045,138780,80881,45515,4969,270145,0,0,0,270145
2001,DEC,0,2844,7877,651,11372,1,114,15096,1801,17012,1,2958,22973,2452,28384,21177,4358,25535,53919
2001,DEN,351765,136259,9240,1336,498600,268,3279,5374,215,9136,352033,139538,14614,1551,507736,88,2,90,507826
2001,DET,0,5289,13362,67,18718,1,1219,36002,760,37982,1,6508,49364,827,56700,27090,21,27111,83811
2001,DFW,552367,209049,10656,109,772181,4433,3450,2033,166,10082,556800,212499,12689,275,782263,19969,355,20324,802587
2001,DHN,815,4909,10916,10260,26900,268,798,12302,7194,20562,1083,5707,23218,17454,47462,19039,21993,41032,88494
2001,DLH,5288,4921,9377,3475,23061,288,378,16163,1639,18468,5576,5299,25540,5114,41529,18831,7700,26531,68060
2001,DPA,0,2380,31035,5,33420,0,1321,72135,229,73685,0,3701,103170,234,107105,80651,73,80724,187829
2001,DSM,31598,31834,26022,2660,92114,256,1278,14318,232,16084,31854,33112,40340,2892,108198,8068,1802,9870,118068
2001,DTN,0,0,3375,0,3375,0,25,18325,185,18535,0,25,21700,185,21910,29433,676,30109,52019
2001,DTW,314341,154199,22868,808,492216,4777,3490,19903,330,28500,319118,157689,42771,1138,520716,2320,3,2323,523039
2001,DVT,0,314,5513,3,5830,0,5555,142286,340,148181,0,5869,147799,343,154011,185966,93,186059,340070
2001,DWH,0,258,13167,1401,14826,0,1242,65810,1010,68062,0,1500,78977,2411,82888,107398,1544,108942,191830
2001,DXR,0,301,4958,2,5261,0,307,44811,42,45160,0,608,49769,44,50421,65300,101,65401,115822
2001,EGE,3770,5424,9337,68,18599,322,449,8927,2717,12415,4092,5873,18264,2785,31014,6478,1337,7815,38829
2001,EKO,1207,8061,1331,30,10629,82,1363,8903,130,10478,1289,9424,10234,160,21107,6098,64,6162,27269
2001,ELM,1872,14606,9638,161,26277,34,283,9447,125,9889,1906,14889,19085,286,36166,23312,312,23624,59790
2001,ELP,49399,16811,20592,4841,91643,1160,737,21347,1516,24760,50559,17548,41939,6357,116403,8321,1821,10142,126545
2001,EMT,68,1088,4642,2,5800,155,1090,77545,130,78920,223,2178,82187,132,84720,83431,32,83463,168183
2001,ENA,37,6414,776,303,7530,349,14127,11651,1188,27315,386,20541,12427,1491,34845,14422,5634,20056,54901
2001,ENW,0,852,13695,5,14552,16,957,46033,68,47074,16,1809,59728,73,61626,37369,98,37467,99093
2001,ERI,2677,7299,9824,659,20459,336,629,9261,741,10967,3013,7928,19085,1400,31426,9731,1230,10961,42387
2001,EUG,6587,22402,12888,644,42521,703,1144,25220,745,27812,7290,23546,38108,1389,70333,32030,1056,33086,103419
2001,EVV,38,23965,16662,167,40832,87,1275,15050,224,16636,125,25240,31712,391,57468,25362,179,25541,83009
2001,EWB,0,3699,9198,84,12981,0,11340,14030,124,25494,0,15039,23228,208,38475,25349,648,25997,64472
2001,EWN,0,8050,5654,663,14367,0,358,11844,420,12622,0,8408,17498,1083,26989,27317,1036,28353,55342
2001,EWR,324542,104823,11491,73,440929,428,1250,2373,57,4108,324970,106073,13864,130,445037,45,0,45,445082
2001,EYW,1597,28239,15924,54,45814,96,6309,19788,833,27026,1693,34548,35712,887,72840,10948,11270,22218,95058
2001,FAI,17042,11826,10960,851,40679,1224,9266,45044,359,55893,18266,21092,56004,1210,96572,36581,152,36733,133305
2001,FAR,7007,9815,15187,2762,34771,208,372,19635,1060,21275,7215,10187,34822,3822,56046,31053,2107,33160,89206
2001,FAT,15603,32198,19892,8878,76571,211,9411,65477,4332,79431,15814,41609,85369,13210,156002,114025,3511,117536,273538
2001,FAY,1204,10601,9441,3347,24593,108,366,10699,627,11800,1312,10967,20140,3974,36393,16748,4445,21193,57586
2001,FCM,0,750,30325,11,31086,0,1782,63399,58,65239,0,2532,93724,69,96325,89188,80,89268,185593
2001,FFZ,47,217,3999,27,4290,57,6349,118577,3329,128312,104,6566,122576,3356,132602,118422,677,119099,251701
2001,FLG,0,4332,3087,74,7493,0,3791,22644,331,26766,0,8123,25731,405,34259,17829,283,18112,52371
2001,FLL,152265,43266,33181,249,228961,1086,16781,42465,316,60648,153351,60047,75646,565,289609,501,14,515,290124
2001,FLO,0,6573,11614,1194,19381,0,769,10985,1003,12757,0,7342,22599,2197,32138,6262,496,6758,38896
2001,FMN,4,10779,4531,61,15375,0,1990,22614,277,24881,4,12769,27145,338,40256,105626,58,105684,145940
2001,FMY,0,2967,13938,55,16960,0,1591,36193,185,37969,0,4558,50131,240,54929,42448,26,42474,97403
2001,FNT,8258,10749,24778,62,43847,264,573,5963,61,6861,8522,11322,30741,123,50708,84242,104,84346,135054
2001,FOE,110,2548,3715,3871,10244,42,140,7137,1308,8627,152,2688,10852,5179,18871,5672,16800,22472,41343
2001,FPR,0,899,37344,3,38246,1,1193,75482,85,76761,1,2092,112826,88,115007,83113,1,83114,198121
2001,FRG,46,6033,18348,141,24568,15,1096,75368,175,76654,61,7129,93716,316,101222,95093,30,95123,196345
2001,FSD,10939,23232,15920,3204,53295,823,1366,15555,938,18682,11762,24598,31475,4142,71977,23895,4378,28273,100250
2001,FSM,144,10548,12188,11020,33900,104,871,9161,2224,12360,248,11419,21349,13244,46260,6434,9143,15577,61837
2001,FTW,318,2793,29377,207,32695,90,869,87935,144,89038,408,3662,117312,351,121733,126542,124,126666,248399
2001,FTY,0,3843,40293,522,44658,0,462,30468,198,31128,0,4305,70761,720,75786,46139,54,46193,121979
2001,FUL,0,1,8836,2,8839,0,5,44969,7,44981,0,6,53805,9,53820,38865,3,38868,92688
2001,FWA,10827,29769,20493,2274,63363,1880,2437,12070,959,17346,12707,32206,32563,3233,80709,20321,2678,22999,103708
2001,FXE,0,10904,49539,18,60461,0,3727,118453,22,122202,0,14631,167992,40,182663,63967,23,63990,246653
2001,FYV,2,609,3495,17,4123,5,247,13842,203,14297,7,856,17337,220,18420,16715,174,16889,35309
2001,GCK,6,4489,3407,295,8197,30,685,7977,453,9145,36,5174,11384,748,17342,4659,1214,5873,23215
2001,GCN,59,3804,817,73,4753,3,97635,3993,161,101792,62,101439,4810,234,106545,1494,174,1668,108213
2001,GEG,38860,24096,10208,1022,74186,734,910,17891,267,19802,39594,25006,28099,1289,93988,15649,677,16326,110314
2001,GEU,0,128,881,29,1038,0,1832,37696,222,39750,0,1960,38577,251,40788,68680,1163,69843,110631
2001,GFK,2938,5772,24679,174,33563,309,793,71001,257,72360,3247,6565,95680,431,105923,163988,29,164017,269940
2001,GGG,21,3744,12958,2048,18771,36,465,15582,1015,17098,57,4209,28540,3063,35869,43696,7816,51512,87381
2001,GJT,1156,15163,6950,1836,25105,149,2728,30193,712,33782,1305,17891,37143,2548,58887,31847,3644,35491,94378
2001,GLH,0,1637,1976,1949,5562,0,103,6319,453,6875,0,1740,8295,2402,12437,4630,18843,23473,35910
2001,GMU,0,9103,7568,70,16741,0,1810,34850,692,37352,0,10913,42418,762,54093,26347,711,27058,81151
2001,GNV,1374,8213,12510,752,22849,73,364,23564,831,24832,1447,8577,36074,1583,47681,22611,2212,24823,72504
2001,GON,6,3080,7386,937,11409,2,1232,28872,1194,31300,8,4312,36258,2131,42709,31018,1852,32870,75579
2001,GPM,0,0,2097,3,2100,0,21,33929,19,33969,0,21,36026,22,36069,42517,56,42573,78642
2001,GPT,8602,7278,12124,14426,42430,409,376,12354,1988,15127,9011,7654,24478,16414,57557,23414,14750,38164,95721
2001,GRB,8399,13314,12640,140,34493,604,667,996,87,2354,9003,13981,13636,227,36847,26487,71,26558,63405
2001,GRI,33,5092,4253,335,9713,65,668,7737,246,8716,98,5760,11990,581,18429,4724,260,4984,23413
2001,GRR,17352,45593,27282,214,90441,633,1812,15871,143,18459,17985,47405,43153,357,108900,16807,517,17324,126224
2001,GSN,6173,3606,298,154,10231,128,19544,6789,594,27055,6301,23150,7087,748,37286,2095,178,2273,39559
2001,GSO,33418,36777,28297,408,98900,649,620,17690,185,19144,34067,37397,45987,593,118044,14839,667,15506,133550
2001,GSP,10868,40089,9236,1115,61308,112,368,3845,294,4619,10980,40457,13081,1409,65927,1307,967,2274,68201
2001,GTF,9347,11934,4830,4696,30807,59,807,11909,3441,16216,9406,12741,16739,8137,47023,15437,4310,19747,66770
2001,GUM,20091,4673,807,205,25776,159,63,7423,1255,8900,20250,4736,8230,1460,34676,16374,7355,23729,58405
2001,GYR,216,27,2682,23,2948,52,13,57238,87,57390,268,40,59920,110,60338,74236,36,74272,134610
2001,GYY,883,712,6427,77,8099,87,182,12810,457,13536,970,894,19237,534,21635,24871,708,25579,47214
2001,HEF,0,3078,15728,57,18863,1,854,82985,311,84151,1,3932,98713,368,103014,24604,62,24666,127680
2001,HFD,0,710,5706,15,6431,0,691,49428,136,50255,0,1401,55134,151,56686,33863,120,33983,90669
2001,HGR,0,2745,5572,372,8689,0,123,26327,1874,28324,0,2868,31899,2246,37013,13784,1184,14968,51981
2001,HHR,0,709,6930,6,7645,0,482,28080,215,28777,0,1191,35010,221,36422,40455,128,40583,77005
2001,HIO,1,4195,16486,158,20840,11,3736,68153,715,72615,12,7931,84639,873,93455,141880,48,141928,235383
2001,HKS,0,975,6261,816,8052,0,307,12551,2385,15243,0,1282,18812,3201,23295,24251,2514,26765,50060
2001,HKY,1,3265,9653,64,12983,1,476,20059,461,20997,2,3741,29712,525,33980,14793,22,14815,48795
2001,HLG,0,384,1955,177,2516,0,384,15018,2257,17659,0,768,16973,2434,20175,21392,6512,27904,48079
2001,HLN,3198,8704,4100,950,16952,66,2878,18017,2662,23623,3264,11582,22117,3612,40575,17534,4216,21750,62325
2001,HND,0,123,775,2,900,0,4651,7648,28,12327,0,4774,8423,30,13227,9840,0,9840,23067
2001,HNL,181272,13279,14275,14066,222892,4728,24397,66128,2591,97844,186000,37676,80403,16657,320736,5868,390,6258,326994
2001,HOB,0,3775,1138,59,4972,0,1923,14232,184,16339,0,5698,15370,243,21311,15675,708,16383,37694
2001,HOU,115562,25701,57344,45,198652,3414,8843,34493,151,46901,118976,34544,91837,196,245553,1606,14,1620,247173
2001,HPN,11221,54390,73844,14,139469,875,2660,36939,77,40551,12096,57050,110783,91,180020,24528,5,24533,204553
2001,HRL,10927,5250,4206,3721,24104,240,168,7056,489,7953,11167,5418,11262,4210,32057,4060,12396,16456,48513
2001,HSV,12884,12408,16043,6855,48190,334,377,8937,882,10530,13218,12785,24980,7737,58720,14464,18791,33255,91975
2001,HTS,8391,3207,6774,428,18800,189,303,8890,175,9557,8580,3510,15664,603,28357,19852,762,20614,48971
2001,HUF,249,1279,12132,3710,17370,39,169,18338,1837,20383,288,1448,30470,5547,37753,32845,3432,36277,74030
2001,HUM,0,2669,3258,172,6099,0,51920,16016,365,68301,0,54589,19274,537,74400,8862,1134,9996,84396
2001,HUT,0,2484,5849,2144,10477,0,1326,18652,840,20818,0,3810,24501,2984,31295,29799,5056,34855,66150
2001,HVN,0,4289,5251,20,9560,0,292,19373,91,19756,0,4581,24624,111,29316,31420,326,31746,61062
2001,HWD,0,418,9289,7,9714,0,414,54619,201,55234,0,832,63908,208,64948,100780,46,100826,165774
2001,HWO,0,5,2270,0,2275,13,52,54812,48,54925,13,57,57082,48,57200,115243,279,115522,172722
2001,HYA,0,31675,6110,6,37791,10,67400,19776,124,87310,10,99075,25886,130,125101,8146,271,8417,133518
2001,IAD,136313,217864,61996,6594,422767,128,357,852,46,1383,136441,218221,62848,6640,424150,0,0,0,424150
2001,IAG,40,877,4011,3808,8736,9,94,7743,638,8484,49,971,11754,4446,17220,12276,10949,23225,40445
2001,IAH,286180,155959,18082,84,460305,5304,4674,6768,196,16942,291484,160633,24850,280,477247,110,10,120,477367
2001,ICT,18796,28887,55059,5838,108580,71,2426,47915,332,50744,18867,31313,102974,6170,159324,48129,9199,57328,216652
2001,IDA,787,10105,2263,81,13236,122,3063,13007,101,16293,909,13168,15270,182,29529,14421,90,14511,44040
2001,IFP,1148,1080,1167,31,3426,235,1897,28341,237,30710,1383,2977,29508,268,34136,16011,169,16180,50316
2001,ILG,76,3137,22784,2470,28467,20,745,26708,903,28376,96,3882,49492,3373,56843,58413,5841,64254,121097
2001,ILM,3553,14309,17978,3374,39214,182,836,19053,1405,21476,3735,15145,37031,4779,60690,15050,4399,19449,80139
2001,IND,114990,82022,35933,1403,234348,751,554,6894,663,8862,115741,82576,42827,2066,243210,2227,2,2229,245439
2001,INT,186,1111,15427,47,16771,58,112,23535,87,23792,244,1223,38962,134,40563,26575,58,26633,67196
2001,IPT,8,6180,4504,82,10774,0,315,10664,90,11069,8,6495,15168,172,21843,5248,14,5262,27105
2001,ISM,1,914,13187,2,14104,0,223,56281,81,56585,1,1137,69468,83,70689,98421,5,98426,169115
2001,ISO,94,1261,5092,1933,8380,37,155,13124,2383,15699,131,1416,18216,4316,24079,5988,3731,9719,33798
2001,ISP,22348,16230,24131,557,63266,1354,1345,56197,1412,60308,23702,17575,80328,1969,123574,101087,1930,103017,226591
2001,ITH,1757,10334,5874,31,17996,69,208,11189,95,11561,1826,10542,17063,126,29557,21009,126,21135,50692
2001,ITO,18122,745,933,1595,21395,1328,41681,11586,2520,57115,19450,42426,12519,4115,78510,12558,5170,17728,96238
2001,IWA,695,516,2570,2656,6437,179,4310,43896,1679,50064,874,4826,46466,4335,56501,99861,4860,104721,161222
2001,IXD,30,1099,10184,300,11613,34,343,18441,988,19806,64,1442,28625,1288,31419,41088,1838,42926,74345
2001,JAC,443,1874,1443,31,3791,1680,10510,20117,362,32669,2123,12384,21560,393,36460,4035,103,4138,40598
2001,JAN,17849,16263,15134,7778,57024,891,806,8263,1307,11267,18740,17069,23397,9085,68291,1953,22219,24172,92463
2001,JAX,61470,25251,21405,7041,115167,503,328,7611,784,9226,61973,25579,29016,7825,124393,3914,6265,10179,134572
2001,JEF,0,1311,3742,451,5504,0,264,8761,1333,10358,0,1575,12503,1784,15862,6778,2957,9735,25597
2001,JFK,251653,55668,4255,233,311809,260,2464,2946,267,5937,251913,58132,7201,500,317746,0,0,0,317746
2001,JLN,4,4224,5100,53,9381,0,317,13328,111,13756,4,4541,18428,164,23137,13578,179,13757,36894
2001,JNU,8863,2482,1149,175,12669,378,99639,14726,375,115118,9241,102121,15875,550,127787,13378,88,13466,141253
2001,JQF,0,4066,11655,3,15724,0,1408,14926,63,16397,0,5474,26581,66,32121,6696,2,6698,38819
2001,JVL,243,3394,5368,55,9060,27,1029,39152,78,40286,270,4423,44520,133,49346,31290,104,31394,80740
2001,JXN,0,360,8697,41,9098,0,77,29916,150,30143,0,437,38613,191,39241,24852,134,24986,64227
2001,KOA,26892,1507,2067,2041,32507,291,9419,17503,1135,28348,27183,10926,19570,3176,60855,35544,11414,46958,107813
2001,KWA,698,55,12,7008,7773,146,920,152,3473,4691,844,975,164,10481,12464,6,764,770,13234
2001,L15,0,0,117,0,117,0,5237,4613,13,9863,0,5237,4730,13,9980,5833,0,5833,15813
2001,LAF,28,1432,12138,22,13620,9,144,38307,1,38461,37,1576,50445,23,52081,76904,0,76904,128985
2001,LAL,4,899,17676,726,19305,0,490,82438,490,83418,4,1389,100114,1216,102723,100064,1769,101833,204556
2001,LAN,9710,22249,19760,1372,53091,124,280,18033,551,18988,9834,22529,37793,1923,72079,27575,1407,28982,101061
2001,LAS,314763,29035,55780,13526,413104,9125,52783,19368,4532,85808,323888,81818,75148,18058,498912,58,0,58,498970
2001,LAW,0,3210,3610,19375,26195,2,1221,3907,1737,6867,2,4431,7517,21112,33062,2824,5791,8615,41677
2001,LAX,520020,192050,12478,588,725136,4047,4090,3924,1481,13542,524067,196140,16402,2069,738678,1,0,1,738679
2001,LBB,14214,19468,13475,12226,59383,537,1656,4726,1927,8846,14751,21124,18201,14153,68229,11756,10262,22018,90247
2001,LCH,9,6766,5283,3862,15920,19,5910,6161,739,12829,28,12676,11444,4601,28749,9131,3419,12550,41299
2001,LEB,0,4248,3908,9,8165,2,610,17009,178,17799,2,4858,20917,187,25964,24329,170,24499,50463
2001,LEX,9602,25074,25008,676,60360,430,1043,20226,397,22096,10032,26117,45234,1073,82456,6894,1072,7966,90422
2001,LFT,794,20468,12529,665,34456,18,16402,18237,136,34793,812,36870,30766,801,69249,9035,639,9674,78923
2001,LGA,247344,119458,6915,198,373915,982,542,1440,36,3000,248326,120000,8355,234,376915,4,0,4,376919
2001,LGB,9041,4384,44935,284,58644,447,2994,108494,434,112369,9488,7378,153429,718,171013,187468,27,187495,358508
2001,LIH,30118,766,719,2264,33867,475,54819,2141,599,58034,30593,55585,2860,2863,91901,9354,2399,11753,103654
2001,LIT,31632,30003,40923,8082,110640,133,671,29251,1196,31251,31765,30674,70174,9278,141891,13639,20537,34176,176067
2001,LMT,1,4644,3073,4408,12126,0,1164,16615,3068,20847,1,5808,19688,7476,32973,7964,5151,13115,46088
2001,LNK,3819,14617,20513,9766,48715,56,1068,20842,2823,24789,3875,15685,41355,12589,73504,25735,6675,32410,105914
2001,LNS,0,2668,15092,826,18586,0,136,43093,678,43907,0,2804,58185,1504,62493,42635,2987,45622,108115
2001,LOU,0,1227,11388,56,12671,26,513,40156,114,40809,26,1740,51544,170,53480,59356,52,59408,112888
2001,LRD,2727,10329,11644,6097,30797,163,980,11005,2094,14242,2890,11309,22649,8191,45039,9638,20272,29910,74949
2001,LSE,1525,7894,5117,116,14652,203,827,11587,426,13043,1728,8721,16704,542,27695,14166,645,14811,42506
2001,LUK,0,11063,31109,26,42198,0,201,28985,206,29392,0,11264,60094,232,71590,52664,115,52779,124369
2001,LVK,0,597,12246,29,12872,0,219,74444,121,74784,0,816,86690,150,87656,129131,50,129181,216837
2001,LWB,461,2080,4979,228,7748,30,209,8009,528,8776,491,2289,12988,756,16524,9370,5364,14734,31258
2001,LWM,0,152,6410,1,6563,0,212,29483,204,29899,0,364,35893,205,36462,48832,14,48846,85308
2001,LWS,540,8219,2391,96,11246,6,1124,19355,97,20582,546,9343,21746,193,31828,13911,186,14097,45925
2001,LYH,0,11939,7992,454,20385,0,401,16557,458,17416,0,12340,24549,912,37801,16602,482,17084,54885
2001,LZU,0,2267,15009,15,17291,0,1072,50233,166,51471,0,3339,65242,181,68762,37176,16,37192,105954
2001,MAF,9473,11092,10070,11555,42190,654,1007,5796,480,7937,10127,12099,15866,12035,50127,5348,31102,36450,86577
2001,MBS,12279,12141,14621,174,39215,215,330,10258,142,10945,12494,12471,24879,316,50160,15366,170,15536,65696
2001,MCI,162149,36295,6567,914,205925,1026,424,2176,94,3720,163175,36719,8743,1008,209645,141,47,188,209833
2001,MCN,100,622,4364,240,5326,401,2969,16692,964,21026,501,3591,21056,1204,26352,7492,444,7936,34288
2001,MCO,197115,56065,24664,5055,282899,41051,382,1720,150,43303,238166,56447,26384,5205,326202,248,6,254,326456
2001,MDH,15,1006,1420,8,2449,19,563,29078,101,29761,34,1569,30498,109,32210,80572,84,80656,112866
2001,MDT,18216,29553,10709,3214,61692,63,318,4412,82,4875,18279,29871,15121,3296,66567,2569,6322,8891,75458
2001,MDW,148307,58325,40174,346,247152,7374,5068,15711,884,29037,155681,63393,55885,1230,276189,327,4,331,276520
2001,MEI,0,7148,5847,19502,32497,0,958,5482,4122,10562,0,8106,11329,23624,43059,6444,27878,34322,77381
2001,MEM,223857,113563,40519,4169,382108,2181,1377,7888,371,11817,226038,114940,48407,4540,393925,0,0,0,393925
2001,MFD,3,7059,11905,3072,22039,16,962,11258,1107,13343,19,8021,23163,4179,35382,5753,2667,8420,43802
2001,MFE,6289,1072,10664,5444,23469,351,125,20880,662,22018,6640,1197,31544,6106,45487,15423,452,15875,61362
2001,MFR,2068,17224,5276,101,24669,45,971,18824,185,20025,2113,18195,24100,286,44694,17380,183,17563,62257
2001,MGM,3648,9874,20032,16125,49679,66,165,12160,6440,18831,3714,10039,32192,22565,68510,10141,14834,24975,93485
2001,MGW,1,5962,4324,419,10706,1,4886,13490,1193,19570,2,10848,17814,1612,30276,10823,844,11667,41943
2001,MHR,7867,7281,8180,2618,25946,403,5976,20162,1530,28071,8270,13257,28342,4148,54017,21668,7882,29550,83567
2001,MHT,35794,23414,14502,321,74031,1200,1260,16587,282,19329,36994,24674,31089,603,93360,13269,4,13273,106633
2001,MIA,305248,91665,28767,3881,429561,2272,2665,33984,1327,40248,307520,94330,62751,5208,469809,61,1,62,469871
2001,MIC,0,92,7398,4,7494,0,11,56791,8,56810,0,103,64189,12,64304,92491,6,92497,156801
2001,MIE,12,217,6449,53,6731,4,73,16341,103,16521,16,290,22790,156,23252,9000,140,9140,32392
2001,MKC,23,12631,33371,309,46334,219,4474,32247,699,37639,242,17105,65618,1008,83973,33200,279,33479,117452
2001,MKE,73937,96889,23604,4326,198756,136,1145,7279,559,9119,74073,98034,30883,4885,207875,3637,0,3637,211512
2001,MKG,15,9113,16294,788,26210,130,1318,26388,1513,29349,145,10431,42682,2301,55559,27122,3139,30261,85820
2001,MKK,1070,8385,813,432,10700,68,18505,8275,1004,27852,1138,26890,9088,1436,38552,3444,1819,5263,43815
2001,MKL,0,2965,4482,485,7932,8,495,9348,1276,11127,8,3460,13830,1761,19059,12414,2439,14853,33912
2001,MLB,4289,2559,31429,417,38694,181,104,52546,96,52927,4470,2663,83975,513,91621,94436,212,94648,186269
2001,MLI,10829,12788,11766,272,35655,1259,1020,10279,446,13004,12088,13808,22045,718,48659,14654,398,15052,63711
2001,MLU,3006,8624,11907,2422,25959,89,239,8459,119,8906,3095,8863,20366,2541,34865,12972,9724,22696,57561
2001,MMU,2,7834,29768,64,37668,0,674,111604,62,112340,2,8508,141372,126,150008,79152,14,79166,229174
2001,MOB,7590,8169,9786,21823,47368,597,605,7861,9019,18082,8187,8774,17647,30842,65450,11598,30226,41824,107274
2001,MOD,0,4543,9986,320,14849,2,9958,34823,222,45005,2,14501,44809,542,59854,29845,133,29978,89832
2001,MOT,1646,4208,2594,184,8632,76,1792,6561,212,8641,1722,6000,9155,396,17273,17411,3274,20685,37958
2001,MQY,35,1656,13355,1952,16998,176,1197,21852,3228,26453,211,2853,35207,5180,43451,34578,1347,35925,79376
2001,MRI,0,155,1089,11,1255,0,10472,71944,21,82437,0,10627,73033,32,83692,95525,0,95525,179217
2001,MRY,10,28016,26038,406,54470,41,2039,27241,421,29742,51,30055,53279,827,84212,14644,254,14898,99110
2001,MSN,14263,24578,26513,3164,68518,195,1050,26148,1632,29025,14458,25628,52661,4796,97543,29297,1715,31012,128555
2001,MSO,5420,8652,3537,92,17701,170,4324,18087,90,22671,5590,12976,21624,182,40372,16810,293,17103,57475
2001,MSP,271437,103959,98071,2648,476115,5523,3344,15004,1266,25137,276960,107303,113075,3914,501252,0,0,0,501252
2001,MSY,106729,23083,11978,971,142761,723,4688,8463,691,14565,107452,27771,20441,1662,157326,0,0,0,157326
2001,MTN,0,789,14381,2838,18008,0,87,52133,3135,55355,0,876,66514,5973,73363,50950,1396,52346,125709
2001,MVY,2,11236,7972,50,19260,22,15353,21502,120,36997,24,26589,29474,170,56257,2990,283,3273,59530
2001,MWA,11,3975,1306,35,5327,0,1013,13030,111,14154,11,4988,14336,146,19481,31111,44,31155,50636
2001,MWC,0,744,5941,1,6686,0,227,45458,43,45728,0,971,51399,44,52414,24562,6,24568,76982
2001,MWH,5678,3731,7537,7063,24009,10742,1392,19370,818,32322,16420,5123,26907,7881,56331,43408,14966,58374,114705
2001,MYF,0,3848,36728,14,40590,19,2964,86777,178,89938,19,6812,123505,192,130528,84547,114,84661,215189
2001,MYR,12493,12171,14071,1696,40431,302,328,11863,536,13029,12795,12499,25934,2232,53460,10459,1635,12094,65554
2001,NEW,17,4603,24366,2404,31390,8,1545,39360,3028,43941,25,6148,63726,5432,75331,45514,2569,48083,123414
2001,OAK,151900,28892,43340,63,224195,6227,14512,93652,291,114682,158127,43404,136992,354,338877,56738,38,56776,395653
2001,OGD,6,137,3102,21,3266,9,59,38351,19,38438,15,196,41453,40,41704,55761,7,55768,97472
2001,OGG,54803,4139,1933,1093,61968,1134,65496,19779,1166,87575,55937,69635,21712,2259,149543,10104,677,10781,160324
2001,OJC,0,126,11964,23,12113,0,97,33385,95,33577,0,223,45349,118,45690,43377,209,43586,89276
2001,OKC,42531,11818,48432,39388,142169,4116,2357,6717,3975,17165,46647,14175,55149,43363,159334,6180,10985,17165,176499
2001,OLM,0,1275,10965,382,12622,0,352,29927,879,31158,0,1627,40892,1261,43780,30850,72,30922,74702
2001,OMA,48212,29988,26552,692,105444,2810,2220,15544,675,21249,51022,32208,42096,1367,126693,15584,1696,17280,143973
2001,ONT,94111,20653,9052,50,123866,1817,3359,13172,58,18406,95928,24012,22224,108,142272,12597,31,12628,154900
2001,OPF,334,5729,20181,2228,28472,74,2277,55214,5597,63162,408,8006,75395,7825,91634,40200,8021,48221,139855
2001,ORD,648007,235644,13099,579,897329,2012,1585,10918,17,14532,650019,237229,24017,596,911861,0,0,0,911861
2001,ORF,29121,34833,21343,811,86108,3626,3886,14334,238,22084,32747,38719,35677,1049,108192,6466,4662,11128,119320
2001,ORH,813,4637,5066,69,10585,33,148,17486,626,18293,846,4785,22552,695,28878,22912,222,23134,52012
2001,ORL,0,11092,70218,310,81620,0,532,80551,322,81405,0,11624,150769,632,163025,55090,47,55137,218162
2001,OSH,0,2068,5789,426,8283,0,255,45187,255,45697,0,2323,50976,681,53980,48759,662,49421,103401
2001,OSU,0,2682,18943,67,21692,0,379,37327,252,37958,0,3061,56270,319,59650,39294,26,39320,98970
2001,OUN,0,31,11690,241,11962,0,4,41370,759,42133,0,35,53060,1000,54095,68031,60,68091,122186
2001,OWB,0,4501,3359,175,8035,0,703,26955,1131,28789,0,5204,30314,1306,36824,29378,1676,31054,67878
2001,OWD,0,702,7877,0,8579,0,1690,29576,87,31353,0,2392,37453,87,39932,44231,41,44272,84204
2001,OXR,0,7517,16920,53,24490,0,6529,27586,905,35020,0,14046,44506,958,59510,26885,37,26922,86432
2001,PAE,2721,2193,24027,364,29305,973,2490,73688,609,77760,3694,4683,97715,973,107065,99041,217,99258,206323
2001,PAH,8,6540,4683,154,11385,7,558,8455,241,9261,15,7098,13138,395,20646,5425,76,5501,26147
2001,PAO,0,20,9270,0,9290,0,60,65179,0,65239,0,80,74449,0,74529,134810,370,135180,209709
2001,PBI,59154,34879,52889,1338,148260,275,331,55033,47,55686,59429,35210,107922,1385,203946,8537,157,8694,212640
2001,PDK,0,9770,74921,81,84772,0,1227,64998,312,66537,0,10997,139919,393,151309,60523,2,60525,211834
2001,PDT,4,5051,1215,319,6589,0,2405,14894,1262,18561,4,7456,16109,1581,25150,6428,1902,8330,33480
2001,PDX,133936,101578,17163,6418,259095,4275,10776,14121,2686,31858,138211,112354,31284,9104,290953,2202,747,2949,293902
2001,PFN,4836,11363,11121,1000,28320,489,1216,18113,1385,21203,5325,12579,29234,2385,49523,25918,4039,29957,79480
2001,PHF,2815,14405,12713,5865,35798,132,628,46259,15065,62084,2947,15033,58972,20930,97882,72609,47849,120458,218340
2001,PHL,285646,115803,58709,474,460632,1657,1204,3618,67,6546,287303,117007,62327,541,467178,5,0,5,467183
2001,PHX,389974,79416,20431,1755,491576,4938,14335,39150,3309,61732,394912,93751,59581,5064,553308,51286,2072,53358,606666
2001,PIA,5118,24518,13233,3237,46106,189,1729,12241,3415,17574,5307,26247,25474,6652,63680,9989,3584,13573,77253
2001,PIE,6028,4491,35598,2991,49108,702,3073,59070,6477,69322,6730,7564,94668,9468,118430,95888,8154,104042,222472
2001,PIH,643,10185,1931,98,12857,516,3959,12461,136,17072,1159,14144,14392,234,29929,13171,462,13633,43562
2001,PIT,221502,200885,23222,4908,450517,0,73,527,63,663,221502,200958,23749,4971,451180,0,0,0,451180
2001,PKB,0,5488,4563,926,10977,0,197,13592,2511,16300,0,5685,18155,3437,27277,11288,7042,18330,45607
2001,PMD,214,138,3496,6353,10201,152,266,5758,8259,14435,366,404,9254,14612,24636,1300,14137,15437,40073
2001,PMP,0,37,8585,2,8624,0,105,48413,78,48596,0,142,56998,80,57220,129195,0,129195,186415
2001,PNE,0,0,21038,0,21038,0,0,61570,0,61570,0,0,82608,0,82608,52147,0,52147,134755
2001,PNS,11060,16681,18491,19838,66070,905,1125,15134,4235,21399,11965,17806,33625,24073,87469,22964,6068,29032,116501
2001,POC,0,49,13299,0,13348,6,2288,107657,233,110184,6,2337,120956,233,123532,105628,34,105662,229194
2001,POU,0,1595,6018,33,7646,0,253,49691,42,49986,0,1848,55709,75,57632,79262,23,79285,136917
2001,PPG,64,8608,35,183,8890,132,2377,125,218,2852,196,10985,160,401,11742,100,7,107,11849
2001,PRC,1,2977,3581,115,6674,3,931,105668,388,106990,4,3908,109249,503,113664,211761,66,211827,325491
2001,PSC,2392,20425,9366,567,32750,224,1674,18421,403,20722,2616,22099,27787,970,53472,34970,1972,36942,90414
2001,PSP,7828,26200,13654,168,47850,417,1795,33658,298,36168,8245,27995,47312,466,84018,14276,264,14540,98558
2001,PTK,463,9934,51327,17,61741,94,1949,74711,99,76853,557,11883,126038,116,138594,144775,0,144775,283369
2001,PUB,277,4318,16234,6129,26958,77,693,15278,434,16482,354,5011,31512,6563,43440,25570,18421,43991,87431
2001,PVD,54138,43296,27708,2413,127555,356,2816,8427,222,11821,54494,46112,36135,2635,139376,8960,0,8960,148336
2001,PWA,0,1142,42599,127,43868,0,351,14187,97,14635,0,1493,56786,224,58503,25928,802,26730,85233
2001,PWK,0,7186,37912,23,45121,0,470,78987,56,79513,0,7656,116899,79,124634,47470,6,47476,172110
2001,PWM,16319,29816,12055,1272,59462,488,1147,22649,551,24835,16807,30963,34704,1823,84297,27310,436,27746,112043
2001,RAL,0,121,10601,6,10728,0,682,32863,59,33604,0,803,43464,65,44332,53226,34,53260,97592
2001,RAP,3486,10525,8186,987,23184,81,860,15542,1877,18360,3567,11385,23728,2864,41544,15725,2026,17751,59295
2001,RBD,0,40,3870,87,3997,0,12,28606,95,28713,0,52,32476,182,32710,69327,190,69517,102227
2001,RDD,16,9011,4049,117,13193,25,6064,30387,453,36929,41,15075,34436,570,50122,20822,380,21202,71324
2001,RDG,61,9238,17758,658,27715,16,2074,44494,793,47377,77,11312,62252,1451,75092,68516,1863,70379,145471
2001,RDM,31,14672,2190,119,17012,588,1977,14587,236,17388,619,16649,16777,355,34400,19033,515,19548,53948
2001,RDU,96063,105373,40765,1660,243861,702,2631,23426,2065,28824,96765,108004,64191,3725,272685,576,426,1002,273687
2001,RFD,10965,3621,20783,884,36253,1640,795,18660,1054,22149,12605,4416,39443,1938,58402,17205,2894,20099,78501
2001,RHV,0,4,3064,0,3068,13,5,80794,57,80869,13,9,83858,57,83937,151425,11,151436,235373
2001,RIC,44018,37590,27193,7046,115847,1187,1001,16422,1645,20255,45205,38591,43615,8691,136102,5117,3683,8800,144902
2001,RNO,55593,13729,15132,1960,86414,99,6644,32571,1671,40985,55692,20373,47703,3631,127399,11828,436,12264,139663
2001,RNT,313,862,3430,2,4607,111,1991,35542,265,37909,424,2853,38972,267,42516,63346,26,63372,105888
2001,ROA,5295,30570,13926,966,50757,135,1725,12844,232,14936,5430,32295,26770,1198,65693,34210,926,35136,100829
2001,ROC,35997,49921,19308,1459,106685,142,885,20021,853,21901,36139,50806,39329,2312,128586,35956,4326,40282,168868
2001,ROW,152,5206,5123,13900,24381,228,1151,11225,2197,14801,380,6357,16348,16097,39182,7143,24581,31724,70906
2001,RST,8095,5846,12614,2095,28650,76,198,14111,346,14731,8171,6044,26725,2441,43381,30366,3691,34057,77438
2001,RSW,41437,12328,10461,928,65154,862,630,4837,269,6598,42299,12958,15298,1197,71752,2505,1522,4027,75779
2001,RVS,0,56,15694,2,15752,4,206,119584,33,119827,4,262,135278,35,135579,145672,0,145672,281251
2001,RYN,0,0,1630,29,1659,0,2,49443,754,50199,0,2,51073,783,51858,94688,453,95141,146999
2001,RYY,0,1182,13917,99,15198,0,391,44937,855,46183,0,1573,58854,954,61381,57113,749,57862,119243
2001,SAC,0,2141,27493,115,29749,3,2000,43252,177,45432,3,4141,70745,292,75181,47540,120,47660,122841
2001,SAF,0,8881,8060,550,17491,0,519,23276,1364,25159,0,9400,31336,1914,42650,33914,1850,35764,78414
2001,SAN,146759,42629,10357,640,200385,1503,1133,2882,811,6329,148262,43762,13239,1451,206714,80,54,134,206848
2001,SAT,62804,32553,47421,3995,146773,8347,8676,58030,6632,81685,71151,41229,105451,10627,228458,6452,1192,7644,236102
2001,SAV,12499,19915,26191,4107,62712,133,281,18115,972,19501,12632,20196,44306,5079,82213,24590,2244,26834,109047
2001,SBA,9261,28032,26750,503,64546,108,4040,38224,379,42751,9369,32072,64974,882,107297,52867,322,53189,160486
2001,SBN,6987,25282,15004,104,47377,39,235,10442,22,10738,7026,25517,25446,126,58115,17345,148,17493,75608
2001,SBP,0,14528,5670,217,20415,0,2175,40737,695,43607,0,16703,46407,912,64022,40138,36,40174,104196
2001,SBY,0,8008,3628,285,11921,0,314,19212,1174,20700,0,8322,22840,1459,32621,14044,4253,18297,50918
2001,SCK,14,1081,32339,1213,34647,20,410,28285,1732,30447,34,1491,60624,2945,65094,14685,922,15607,80701
2001,SDF,102183,42988,23574,2510,171255,707,359,2644,880,4590,102890,43347,26218,3390,175845,7,0,7,175852
2001,SDL,0,6492,24182,27,30701,11,1974,82472,420,84877,11,8466,106654,447,115578,68894,96,68990,184568
2001,SDM,1,235,8557,94,8887,2,61,12840,1310,14213,3,296,21397,1404,23100,94512,6149,100661,123761
2001,SEA,223706,163342,1941,4,388993,3883,4980,2727,62,11652,227589,168322,4668,66,400645,16,9,25,400670
2001,SEE,0,2,9004,0,9006,0,34,70430,17,70481,0,36,79434,17,79487,95851,54,95905,175392
2001,SFB,4425,931,57449,10,62815,2220,575,114861,28,117684,6645,1506,172310,38,180499,217029,29,217058,397557
2001,SFF,0,2113,2768,15,4896,0,5896,27772,217,33885,0,8009,30540,232,38781,27526,23,27549,66330
2001,SFO,298483,63852,15960,1905,380200,3075,2061,1703,555,7394,301558,65913,17663,2460,387594,5,0,5,387599
2001,SGF,8478,22586,18511,3649,53224,256,772,17205,1412,19645,8734,23358,35716,5061,72869,23278,6411,29689,102558
2001,SGR,0,780,5532,12,6324,0,275,11504,21,11800,0,1055,17036,33,18124,18354,76,18430,36554
2001,SHV,6525,30117,20196,3938,60776,223,571,3514,979,5287,6748,30688,23710,4917,66063,4632,3892,8524,74587
2001,SIG,0,176,2198,802,3176,0,5744,44175,2094,52013,0,5920,46373,2896,55189,59546,928,60474,115663
2001,SJC,147477,21034,30477,74,199062,3581,2194,35020,212,41007,151058,23228,65497,286,240069,32223,7,32230,272299
2001,SJT,13,7324,4944,9127,21408,3,1006,15156,502,16667,16,8330,20100,9629,38075,17789,42964,60753,98828
2001,SJU,96760,49680,9848,1908,158196,710,26871,19253,688,47522,97470,76551,29101,2596,205718,189,69,258,205976
2001,SLC,155693,118691,23764,1573,299721,3179,8936,48017,1406,61538,158872,127627,71781,2979,361259,8835,188,9023,370282
2001,SLE,2,561,5919,853,7335,1,539,24816,1458,26814,3,1100,30735,2311,34149,13722,1110,14832,48981
2001,SLN,72,5004,10759,2005,17840,74,731,29013,1620,31438,146,5735,39772,3625,49278,38268,5426,43694,92972
2001,SMF,87940,19111,7014,1531,115596,2299,3577,13694,215,19785,90239,22688,20708,1746,135381,12754,3507,16261,151642
2001,SMO,0,6194,24895,34,31123,0,3410,61858,1394,66662,0,9604,86753,1428,97785,48427,1657,50084,147869
2001,SMX,32,7126,5687,221,13066,14,3205,29287,187,32693,46,10331,34974,408,45759,26389,648,27037,72796
2001,SNA,84187,15431,48491,64,148173,854,362,96635,70,97921,85041,15793,145126,134,246094,138893,0,138893,384987
2001,SNS,0,295,9824,32,10151,0,571,34101,126,34798,0,866,43925,158,44949,36362,59,36421,81370
2001,SPG,0,227,3471,2,3700,0,3824,34955,955,39734,0,4051,38426,957,43434,49369,524,49893,93327
2001,SPI,41,11958,17463,2450,31912,7,490,16390,464,17351,48,12448,33853,2914,49263,19686,2126,21812,71075
2001,SQL,0,15,4636,0,4651,1,91,64026,4,64122,1,106,68662,4,68773,92279,10,92289,161062
2001,SRQ,8855,6804,30372,292,46323,829,2054,73493,435,76811,9684,8858,103865,727,123134,47389,319,47708,170842
2001,SSF,0,101,6095,5557,11753,0,64,48838,680,49582,0,165,54933,6237,61335,103938,270,104208,165543
2001,STJ,77,45,3855,2671,6648,115,271,8872,2585,11843,192,316,12727,5256,18491,7825,3912,11737,30228
2001,STL,324238,120599,18171,2976,465984,6145,3077,2099,1118,12439,330383,123676,20270,4094,478423,502,22,524,478947
2001,STP,0,6165,33822,918,40905,0,1893,40647,4360,46900,0,8058,74469,5278,87805,47862,7127,54989,142794
2001,STS,0,3314,11699,50,15063,17,3532,64506,188,68243,17,6846,76205,238,83306,51648,12,51660,134966
2001,STT,7153,15872,3375,644,27044,974,40871,14320,1390,57555,8127,56743,17695,2034,84599,6689,343,7032,91631
2001,STX,3872,10681,2236,1350,18139,101,27043,6921,985,35050,3973,37724,9157,2335,53189,1660,1536,3196,56385
2001,SUA,0,3671,11299,19,14989,0,1285,52564,804,54653,0,4956,63863,823,69642,52672,306,52978,122620
2001,SUN,220,10302,9008,8,19538,2,2442,23587,19,26050,222,12744,32595,27,45588,5261,0,5261,50849
2001,SUS,16,7503,44493,114,52126,65,2373,55554,295,58287,81,9876,100047,409,110413,97198,39,97237,207650
2001,SUX,1166,7972,10257,2684,22079,15,305,6176,709,7205,1181,8277,16433,3393,29284,7072,4099,11171,40455
2001,SWF,5392,11946,7321,2178,26837,206,293,35948,2569,39016,5598,12239,43269,4747,65853,44587,3124,47711,113564
2001,SYR,29765,47682,17067,5826,100340,184,1118,13602,873,15777,29949,48800,30669,6699,116117,20671,8963,29634,145751
2001,TCL,52,1047,7694,4070,12863,42,438,14545,7306,22331,94,1485,22239,11376,35194,23845,3658,27503,62697
2001,TEB,56,54298,95181,142,149677,87,9937,79895,145,90064,143,64235,175076,287,239741,8478,0,8478,248219
2001,TIW,0,781,10971,45,11797,0,504,38899,425,39828,0,1285,49870,470,51625,44122,44,44166,95791
2001,TIX,0,26,13062,48,13136,2,192,47404,287,47885,2,218,60466,335,61021,133628,87,133715,194736
2001,TKI,0,117,6657,14,6788,0,24,29168,35,29227,0,141,35825,49,36015,124773,10,124783,160798
2001,TLH,3493,32046,20557,6715,62811,152,1811,18006,1680,21649,3645,33857,38563,8395,84460,13577,5588,19165,103625
2001,TMB,0,1024,19150,10,20184,3,1041,63695,33,64772,3,2065,82845,43,84956,94283,23,94306,179262
2001,TOA,0,61,12230,28,12319,0,59,74550,775,75384,0,120,86780,803,87703,73860,101,73961,161664
2001,TOL,17481,21096,23043,3110,64730,154,272,10267,698,11391,17635,21368,33310,3808,76121,18013,3894,21907,98028
2001,TOP,0,181,3337,32,3550,0,982,33109,722,34813,0,1163,36446,754,38363,30211,448,30659,69022
2001,TPA,150014,65159,21773,377,237323,1110,1386,20696,276,23468,151124,66545,42469,653,260791,67,1,68,260859
2001,TRI,6901,15824,17782,231,40738,217,488,20961,178,21844,7118,16312,38743,409,62582,31320,42,31362,93944
2001,TTD,0,4,1456,1,1461,0,49,29814,304,30167,0,53,31270,305,31628,35796,1378,37174,68802
2001,TTN,1,7024,17370,577,24972,0,387,49222,3194,52803,1,7411,66592,3771,77775,46853,203,47056,124831
2001,TUL,41074,18411,43223,33537,136245,1181,698,21723,5432,29034,42255,19109,64946,38969,165279,18516,15738,34254,199533
2001,TUP,15,4928,6768,883,12594,10,219,28692,2917,31838,25,5147,35460,3800,44432,15642,3112,18754,63186
2001,TUS,40537,7428,22111,19624,89700,3832,8527,62681,9277,84317,44369,15955,84792,28901,174017,73511,14272,87783,261800
2001,TVC,1771,18455,8305,264,28795,185,3807,24926,2336,31254,1956,22262,33231,2600,60049,42042,7282,49324,109373
2001,TVL,2,646,392,39,1079,0,756,6161,214,7131,2,1402,6553,253,8210,2209,60,2269,10479
2001,TWF,110,9839,3156,479,13584,11,1360,13936,369,15676,121,11199,17092,848,29260,8607,847,9454,38714
2001,TXK,16,7021,6739,1077,14853,12,247,12408,450,13117,28,7268,19147,1527,27970,13229,2242,15471,43441
2001,TYR,7,8820,13141,99,22067,0,395,41089,174,41658,7,9215,54230,273,63725,59365,66,59431,123156
2001,TYS,16826,36258,33710,8016,94810,1204,2249,16282,3516,23251,18030,38507,49992,11532,118061,26490,4791,31281,149342
2001,TZR,0,68,3753,10,3831,0,98,20651,160,20909,0,166,24404,170,24740,43039,64,43103,67843
2001,UCA,42,7864,6125,414,14445,36,1307,16680,568,18591,78,9171,22805,982,33036,27143,1683,28826,61862
2001,UES,0,1246,9137,10,10393,0,429,40789,67,41285,0,1675,49926,77,51678,44314,40,44354,96032
2001,UGN,0,2635,13195,251,16081,0,170,24797,421,25388,0,2805,37992,672,41469,54221,394,54615,96084
2001,VGT,0,2104,5679,10,7793,1,38680,54974,151,93806,1,40784,60653,161,101599,90653,4,90657,192256
2001,VLD,6,3943,5585,2233,11767,0,205,17562,2112,19879,6,4148,23147,4345,31646,17396,9631,27027,58673
2001,VNY,0,7886,52081,204,60171,0,2883,251497,380,254760,0,10769,303578,584,314931,141684,166,141850,456781
2001,VRB,0,2865,33683,35,36583,3,454,101712,86,102255,3,3319,135395,121,138838,96648,2,96650,235488
2001,WDG,0,3054,2289,10386,15729,0,297,8944,9516,18757,0,3351,11233,19902,34486,17585,7401,24986,59472
2001,WHP,0,0,2543,0,2543,0,214,50719,64,50997,0,214,53262,64,53540,55370,12,55382,108922
2001,WJF,0,389,1714,43,2146,0,2661,30729,401,33791,0,3050,32443,444,35937,39272,437,39709,75646
2001,XNA,4251,23089,3288,797,31425,137,756,3556,258,4707,4388,23845,6844,1055,36132,1714,2580,4294,40426
2001,YIP,4515,15824,19799,12,40150,279,562,22899,238,23978,4794,16386,42698,250,64128,43181,8,43189,107317
2001,YKM,170,12593,5382,859,19004,71,1038,14039,773,15921,241,13631,19421,1632,34925,18732,911,19643,54568
2001,YNG,501,4840,17360,8464,31165,360,1043,10676,3231,15310,861,5883,28036,11695,46475,28369,20783,49152,95627
2002,ABE,14424,19505,31647,2621,68197,3002,1538,31854,454,36848,17426,21043,63501,3075,105045,35379,1917,37296,142341
2002,ABI,77,7703,7983,8083,23846,94,3289,16282,2502,22167,171,10992,24265,10585,46013,14880,19269,34149,80162
2002,ABQ,79577,41361,39933,15096,175967,2358,7909,27714,14202,52183,81935,49270,67647,29298,228150,8819,17599,26418,254568
2002,ABY,53,6054,6170,1111,13388,70,638,8994,1460,11162,123,6692,15164,2571,24550,14264,5686,19950,44500
2002,ACK,5,40525,14232,259,55021,0,67841,28216,316,96373,5,108366,42448,575,151394,1175,392,1567,152961
2002,ACT,123,4992,11249,2603,18967,82,3263,23027,1716,28088,205,8255,34276,4319,47055,12217,2401,14618,61673
2002,ACY,10749,10653,17423,13602,52427,1212,1587,12219,4181,19199,11961,12240,29642,17783,71626,25537,27299,52836,124462
2002,ADM,2,6,2283,620,2911,0,12,10174,1506,11692,2,18,12457,2126,14603,24249,6821,31070,45673
2002,ADQ,1659,3418,490,1156,6723,85,6633,1489,1701,9908,1744,10051,1979,2857,16631,3058,11589,14647,31278
2002,ADS,133,12952,40080,78,53243,16,1151,88188,99,89454,149,14103,128268,177,142697,16115,9,16124,158821
2002,ADW,31,0,411,37306,37748,75,13,3166,10512,13766,106,13,3577,47818,51514,1110,56304,57414,108928
2002,AEX,1252,8805,4847,3206,18110,177,862,389,332,1760,1429,9667,5236,3538,19870,23445,12181,35626,55496
2002,AFW,5855,2605,9514,5785,23759,65,468,16884,653,18070,5920,3073,26398,6438,41829,39904,6607,46511,88340
2002,AGC,2,13456,21156,129,34743,0,12857,31770,492,45119,2,26313,52926,621,79862,35405,324,35729,115591
2002,AGS,4235,7122,13069,2278,26704,145,212,6652,715,7724,4380,7334,19721,2993,34428,7952,1397,9349,43777
2002,AHN,25,1329,12265,177,13796,42,326,20184,626,21178,67,1655,32449,803,34974,31756,238,31994,66968
2002,AKN,1244,4712,539,622,7117,70,12028,3346,214,15658,1314,16740,3885,836,22775,729,561,1290,24065
2002,ALB,26561,67174,16405,1388,111528,7,451,18037,1349,19844,26568,67625,34442,2737,131372,11373,2132,13505,144877
2002,ALN,15,239,12677,476,13407,28,918,23323,399,24668,43,1157,36000,875,38075,39835,2835,42670,80745
2002,ALO,46,7776,8693,489,17004,8,459,10190,1468,12125,54,8235,18883,1957,29129,11829,1024,12853,41982
2002,ALW,16,2713,2640,52,5421,0,496,15232,36,15764,16,3209,17872,88,21185,18733,82,18815,40000
2002,AMA,9300,14553,12289,14687,50829,321,702,10852,10867,22742,9621,15255,23141,25554,73571,3470,30269,33739,107310
2002,ANC,121105,55960,15486,2011,194562,279,29783,73741,3626,107429,121384,85743,89227,5637,301991,7179,55,7234,309225
2002,ANE,0,2744,9413,9,12166,0,1029,54716,655,56400,0,3773,64129,664,68566,69641,728,70369,138935
2002,APA,0,27878,44990,684,73552,118,18811,117770,587,137286,118,46689,162760,1271,210838,210023,654,210677,421515
2002,APC,0,2319,13243,48,15610,0,294,45169,180,45643,0,2613,58412,228,61253,65479,140,65619,126872
2002,APF,0,11716,28250,27,39993,0,1340,55789,228,57357,0,13056,84039,255,97350,30776,52,30828,128178
2002,ARA,0,1490,2018,4709,8217,0,19449,7029,2124,28602,0,20939,9047,6833,36819,46008,4566,50574,87393
2002,ARB,0,346,4714,0,5060,0,1224,26156,3,27383,0,1570,30870,3,32443,58971,0,58971,91414
2002,ARR,0,342,9827,210,10379,0,111,48599,411,49121,0,453,58426,621,59500,72952,316,73268,132768
2002,ASE,6706,9709,16723,22,33160,196,325,10612,70,11203,6902,10034,27335,92,44363,2042,36,2078,46441
2002,ASG,0,1573,7710,1,9284,0,1624,17988,133,19745,0,3197,25698,134,29029,19784,14,19798,48827
2002,ASH,0,277,8909,11,9197,0,52,52376,39,52467,0,329,61285,50,61664,59118,24,59142,120806
2002,ATL,0,0,0,0,0,649843,221561,16609,1754,889767,649843,221561,16609,1754,889767,937,219,1156,890923
2002,ATW,6152,14527,10937,20,31636,45,117,13667,13,13842,6197,14644,24604,33,45478,12188,25,12213,57691
2002,AUS,92912,16708,40377,6365,156362,502,1453,44571,1860,48386,93414,18161,84948,8225,204748,12611,0,12611,217359
2002,AVL,5490,13001,18862,1251,38604,82,380,15018,653,16133,5572,13381,33880,1904,54737,16882,1202,18084,72821
2002,AVP,8154,8914,10329,529,27926,567,677,15974,516,17734,8721,9591,26303,1045,45660,46283,315,46598,92258
2002,AZO,2556,17909,16181,63,36709,94,1191,21187,236,22708,2650,19100,37368,299,59417,37392,8,37400,96817
2002,BAF,0,615,3710,1230,5555,0,64,22016,2639,24719,0,679,25726,3869,30274,25132,3650,28782,59056
2002,BAK,21,486,5134,35,5676,72,268,17843,1930,20113,93,754,22977,1965,25789,10398,1027,11425,37214
2002,BCT,0,7014,12864,0,19878,0,594,26702,84,27380,0,7608,39566,84,47258,44348,46,44394,91652
2002,BDL,72493,35556,23400,4345,135794,2697,2316,2644,1391,9048,75190,37872,26044,5736,144842,1449,301,1750,146592
2002,BDR,0,2314,8925,81,11320,0,211,27547,187,27945,0,2525,36472,268,39265,53399,412,53811,93076
2002,BED,231,22444,37967,1048,61690,2,4102,75229,296,79629,233,26546,113196,1344,141319,76849,80,76929,218248
2002,BET,3961,8324,260,232,12777,364,83273,5939,348,89924,4325,91597,6199,580,102701,3406,34,3440,106141
2002,BFI,8905,26023,34766,586,70280,374,23471,111096,1820,136761,9279,49494,145862,2406,207041,78909,294,79203,286244
2002,BFL,293,19521,21360,480,41654,79,12157,40778,450,53464,372,31678,62138,930,95118,56117,554,56671,151789
2002,BFM,2110,4838,8200,1044,16192,59,2384,14391,5795,22629,2169,7222,22591,6839,38821,5610,32735,38345,77166
2002,BGM,1,16748,7017,900,24666,0,181,5818,141,6140,1,16929,12835,1041,30806,8674,666,9340,40146
2002,BGR,1945,20620,10115,6720,39400,237,1319,10169,2542,14267,2182,21939,20284,9262,53667,15075,17812,32887,86554
2002,BHM,34348,34661,46900,4432,120341,310,565,14831,1614,17320,34658,35226,61731,6046,137661,6354,2520,8874,146535
2002,BIL,11649,32279,11975,294,56197,320,7066,20258,208,27852,11969,39345,32233,502,84049,18396,292,18688,102737
2002,BIS,2752,8697,10128,1076,22653,84,904,11570,1247,13805,2836,9601,21698,2323,36458,12946,1926,14872,51330
2002,BJC,0,2707,19056,114,21877,0,515,72460,147,73122,0,3222,91516,261,94999,93396,262,93658,188657
2002,BKL,70,7733,13599,275,21677,0,4108,33576,537,38221,70,11841,47175,812,59898,34282,282,34564,94462
2002,BLI,340,7139,5122,176,12777,20,7099,32396,971,40486,360,14238,37518,1147,53263,18344,589,18933,72196
2002,BMG,49,496,6376,36,6957,4,25,17139,84,17252,53,521,23515,120,24209,16219,66,16285,40494
2002,BMI,2868,12952,6681,193,22694,52,42,13548,216,13858,2920,12994,20229,409,36552,20874,63,20937,57489
2002,BNA,119414,49572,40695,3306,212987,867,647,14256,570,16340,120281,50219,54951,3876,229327,3833,3,3836,233163
2002,BOI,44474,24349,19711,3730,92264,257,4776,37427,4172,46632,44731,29125,57138,7902,138896,25346,3488,28834,167730
2002,BOS,203607,163534,13159,275,380575,3105,13414,6031,363,22913,206712,176948,19190,638,403488,1152,9,1161,404649
2002,BPT,24,4901,10591,3828,19344,6,548,7225,605,8384,30,5449,17816,4433,27728,18843,77,18920,46648
2002,BRO,1831,5034,4993,4710,16568,32,167,11858,870,12927,1863,5201,16851,5580,29495,3430,1099,4529,34024
2002,BTL,33,1112,11227,1837,14209,6,633,56260,1827,58726,39,1745,67487,3664,72935,52808,908,53716,126651
2002,BTR,4352,18521,25961,2264,51098,403,1834,20380,1604,24221,4755,20355,46341,3868,75319,27357,3016,30373,105692
2002,BTV,7203,29209,10064,3768,50244,540,1624,18209,2698,23071,7743,30833,28273,6466,73315,30288,5810,36098,109413
2002,BUF,49353,40388,29412,3398,122551,248,348,2565,233,3394,49601,40736,31977,3631,125945,9452,2768,12220,138165
2002,BUR,54386,18907,41279,47,114619,2281,9753,21944,306,34284,56667,28660,63223,353,148903,13009,0,13009,161912
2002,BVY,0,703,5569,32,6304,0,144,35035,307,35486,0,847,40604,339,41790,50420,18,50438,92228
2002,BWI,206742,61566,29860,2855,301023,735,603,1620,180,3138,207477,62169,31480,3035,304161,852,0,852,305013
2002,BZN,6362,6612,3781,68,16823,141,1500,16585,173,18399,6503,8112,20366,241,35222,25625,31,25656,60878
2002,CAE,11321,43443,19886,2278,76928,306,1094,15726,562,17688,11627,44537,35612,2840,94616,19464,2114,21578,116194
2002,CAK,2614,26047,34526,6050,69237,280,2029,26573,3454,32336,2894,28076,61099,9504,101573,19131,2400,21531,123104
2002,CCR,0,914,13764,16,14694,0,2257,64246,189,66692,0,3171,78010,205,81386,57165,21,57186,138572
2002,CDW,0,42,7436,5,7483,0,5,73129,4,73138,0,47,80565,9,80621,62210,0,62210,142831
2002,CGF,0,10534,12392,2,22928,0,3094,23222,50,26366,0,13628,35614,52,49294,18363,10,18373,67667
2002,CGX,0,1134,16579,2,17715,0,57,12879,99,13035,0,1191,29458,101,30750,1298,2,1300,32050
2002,CHA,5195,16925,27579,5252,54951,1527,4453,22684,5336,34000,6722,21378,50263,10588,88951,23033,6607,29640,118591
2002,CHD,0,84,1382,0,1466,0,1744,65920,12,67676,0,1828,67302,12,69142,161377,19,161396,230538
2002,CHO,61,21911,10388,995,33355,3,711,22212,542,23468,64,22622,32600,1537,56823,20098,1960,22058,78881
2002,CHS,10158,30519,20714,14911,76302,844,1779,12213,661,15497,11002,32298,32927,15572,91799,7360,24340,31700,123499
2002,CIC,0,1834,1720,248,3802,0,3573,26343,398,30314,0,5407,28063,646,34116,9772,720,10492,44608
2002,CID,10946,23223,15335,198,49702,15,204,12743,72,13034,10961,23427,28078,270,62736,10828,78,10906,73642
2002,CKB,47,3840,4429,1991,10307,26,340,13764,2919,17049,73,4180,18193,4910,27356,16675,7132,23807,51163
2002,CLE,148198,88615,15632,1702,254147,2076,1648,3907,330,7961,150274,90263,19539,2032,262108,0,0,0,262108
2002,CLL,91,6304,7495,6434,20324,2,26,21405,4241,25674,93,6330,28900,10675,45998,17130,8998,26128,72126
2002,CLT,231015,166581,34762,1908,434266,3415,11558,9842,407,25222,234430,178139,44604,2315,459488,0,0,0,459488
2002,CMA,0,1385,15659,10,17054,0,1438,91706,82,93226,0,2823,107365,92,110280,93651,10,93661,203941
2002,CMH,55265,127959,26988,1169,211381,1422,1502,32812,161,35897,56687,129461,59800,1330,247278,8304,48,8352,255630
2002,CMI,152,13760,22757,155,36824,17,282,20892,35,21226,169,14042,43649,190,58050,69947,30,69977,128027
2002,CNO,0,282,25158,63,25503,1,274,55986,138,56399,1,556,81144,201,81902,78103,37,78140,160042
2002,CNW,457,39,2498,3596,6590,54,313,12433,727,13527,511,352,14931,4323,20117,28182,9780,37962,58079
2002,COS,22784,24983,13723,10698,72188,148,1398,43847,5346,50739,22932,26381,57570,16044,122927,86454,8785,95239,218166
2002,COU,108,3821,7320,156,11405,6,137,12040,579,12762,114,3958,19360,735,24167,7093,1607,8700,32867
2002,CPR,739,15182,6570,66,22557,108,1065,8791,188,10152,847,16247,15361,254,32709,10156,38,10194,42903
2002,CPS,0,6010,15837,94,21941,0,1206,41845,256,43307,0,7216,57682,350,65248,100091,7,100098,165346
2002,CRE,0,834,17441,209,18484,58,454,13539,364,14415,58,1288,30980,573,32899,21508,224,21732,54631
2002,CRG,0,6960,24483,142,31585,0,1521,53683,13853,69057,0,8481,78166,13995,100642,61018,1404,62422,163064
2002,CRP,4859,16552,13155,9772,44338,45,2543,15457,86,18131,4904,19095,28612,9858,62469,6776,48293,55069,117538
2002,CRQ,0,10021,44663,277,54961,0,3118,81603,1617,86338,0,13139,126266,1894,141299,62918,72,62990,204289
2002,CRW,292,34713,13373,3464,51842,67,5592,11481,853,17993,359,40305,24854,4317,69835,9323,3241,12564,82399
2002,CSG,2080,3276,14208,140,19704,365,547,8658,326,9896,2445,3823,22866,466,29600,12262,458,12720,42320
2002,CVG,153973,306341,14548,553,475415,24,471,8179,1067,9741,153997,306812,22727,1620,485156,0,0,0,485156
2002,CWA,87,18022,2182,312,20603,0,206,6958,323,7487,87,18228,9140,635,28090,7002,1264,8266,36356
2002,CWF,391,275,2876,7300,10842,220,1712,10298,1419,13649,611,1987,13174,8719,24491,2724,13877,16601,41092
2002,CXY,0,782,7721,257,8760,0,115,24030,1135,25280,0,897,31751,1392,34040,24806,2550,27356,61396
2002,CYS,18,1368,1264,812,3462,133,9775,12669,2093,24670,151,11143,13933,2905,28132,9345,10352,19697,47829
2002,DAB,3040,4060,78660,484,86244,423,1588,202618,551,205180,3463,5648,281278,1035,291424,63981,80,64061,355485
2002,DAL,84207,40197,66959,910,192273,726,2461,47237,1008,51432,84933,42658,114196,1918,243705,148,57,205,243910
2002,DAY,33631,49304,23551,1189,107675,453,671,7490,608,9222,34084,49975,31041,1797,116897,7415,580,7995,124892
2002,DBQ,36,4960,5194,14,10204,6,98,19711,35,19850,42,5058,24905,49,30054,23566,24,23590,53644
2002,DCA,133178,79358,2247,1088,215871,421,310,87,64,882,133599,79668,2334,1152,216753,0,0,0,216753
2002,DEC,11,2498,7033,647,10189,0,55,15102,1785,16942,11,2553,22135,2432,27131,24381,4019,28400,55531
2002,DEN,337294,155017,7887,815,501013,755,2760,4529,172,8216,338049,157777,12416,987,509229,224,24,248,509477
2002,DET,24,5466,13079,70,18639,0,673,31382,1260,33315,24,6139,44461,1330,51954,20454,2,20456,72410
2002,DFW,493255,254161,10337,85,757838,2846,2210,1787,116,6959,496101,256371,12124,201,764797,12295,294,12589,777386
2002,DHN,2477,2208,11072,10070,25827,482,321,10677,6825,18305,2959,2529,21749,16895,44132,22707,18260,40967,85099
2002,DLH,5712,5022,11864,3543,26141,44,450,19604,1210,21308,5756,5472,31468,4753,47449,20612,6771,27383,74832
2002,DPA,1,3271,29612,45,32929,0,1501,73987,129,75617,1,4772,103599,174,108546,69670,87,69757,178303
2002,DSM,31431,34593,25383,2442,93849,328,1646,15737,365,18076,31759,36239,41120,2807,111925,6196,2394,8590,120515
2002,DTN,0,45,3799,65,3909,0,292,17112,1217,18621,0,337,20911,1282,22530,21214,6647,27861,50391
2002,DTW,337532,129141,13934,73,480680,3712,2445,4543,217,10917,341244,131586,18477,290,491597,5967,0,5967,497564
2002,DVT,0,263,5656,1,5920,0,4727,161121,54,165902,0,4990,166777,55,171822,217730,18,217748,389570
2002,DWH,0,396,12650,1228,14274,0,1264,65433,766,67463,0,1660,78083,1994,81737,111870,886,112756,194493
2002,DXR,0,156,4934,1,5091,0,100,42059,198,42357,0,256,46993,199,47448,55365,80,55445,102893
2002,EGE,4457,6324,9726,75,20582,94,307,9408,2843,12652,4551,6631,19134,2918,33234,6190,3145,9335,42569
2002,EKO,1377,7587,926,42,9932,71,2401,8171,148,10791,1448,9988,9097,190,20723,9768,318,10086,30809
2002,ELM,5,12298,8035,154,20492,0,81,9877,15,9973,5,12379,17912,169,30465,22132,94,22226,52691
2002,ELP,52206,13581,15459,4049,85295,806,1638,25952,1891,30287,53012,15219,41411,5940,115582,5688,1719,7407,122989
2002,EMT,4,1530,4284,2,5820,13,861,77555,205,78634,17,2391,81839,207,84454,72647,37,72684,157138
2002,ENA,148,5690,778,311,6927,296,9784,10601,867,21548,444,15474,11379,1178,28475,14015,4872,18887,47362
2002,ENW,4,1687,10026,4,11721,0,272,38017,154,38443,4,1959,48043,158,50164,30503,40,30543,80707
2002,ERI,44,12968,8708,461,22181,67,998,14054,571,15690,111,13966,22762,1032,37871,15170,849,16019,53890
2002,EUG,4390,18254,13012,415,36071,402,1454,25382,301,27539,4792,19708,38394,716,63610,30226,277,30503,94113
2002,EVV,460,23287,18170,209,42126,193,1122,17121,465,18901,653,24409,35291,674,61027,30356,353,30709,91736
2002,EWB,0,3227,10512,68,13807,0,10140,16806,122,27068,0,13367,27318,190,40875,23450,724,24174,65049
2002,EWN,14,7218,5858,891,13981,4,155,14184,833,15176,18,7373,20042,1724,29157,23466,815,24281,53438
2002,EWR,283339,113302,9873,26,406540,560,505,3572,55,4692,283899,113807,13445,81,411232,7,0,7,411239
2002,EYW,3547,28072,15374,128,47121,91,4638,18928,828,24485,3638,32710,34302,956,71606,10441,9712,20153,91759
2002,FAI,17415,18347,5749,847,42358,775,21198,34426,483,56882,18190,39545,40175,1330,99240,40162,73,40235,139475
2002,FAR,6365,10024,16039,2550,34978,275,532,18458,779,20044,6640,10556,34497,3329,55022,26273,1959,28232,83254
2002,FAT,16761,25457,17065,4793,64076,89,6950,63311,3435,73785,16850,32407,80376,8228,137861,23391,1235,24626,162487
2002,FAY,511,10354,9822,2602,23289,46,273,10383,747,11449,557,10627,20205,3349,34738,16173,4157,20330,55068
2002,FCA,3258,6061,3541,13,12873,297,2056,13654,75,16082,3555,8117,17195,88,28955,8458,464,8922,37877
2002,FCM,0,979,26954,30,27963,0,1913,60623,504,63040,0,2892,87577,534,91003,85296,109,85405,176408
2002,FFZ,333,300,4247,48,4928,46,9256,133028,3822,146152,379,9556,137275,3870,151080,137193,444,137637,288717
2002,FLG,10,4264,2898,100,7272,4,5011,24549,403,29967,14,9275,27447,503,37239,16033,321,16354,53593
2002,FLL,151397,45582,34074,323,231376,412,19809,28458,267,48946,151809,65391,62532,590,280322,275,6,281,280603
2002,FLO,0,5755,11771,709,18235,0,763,7846,856,9465,0,6518,19617,1565,27700,7158,372,7530,35230
2002,FMN,12,9586,4140,65,13803,0,1894,26079,241,28214,12,11480,30219,306,42017,110661,124,110785,152802
2002,FMY,0,2304,14818,204,17326,0,664,36670,96,37430,0,2968,51488,300,54756,41638,14,41652,96408
2002,FNT,9316,10822,27648,145,47931,285,534,5490,113,6422,9601,11356,33138,258,54353,79281,206,79487,133840
2002,FOE,126,2412,3267,5009,10814,0,325,8211,4052,12588,126,2737,11478,9061,23402,4690,13385,18075,41477
2002,FPR,0,867,36261,2,37130,0,741,75742,41,76524,0,1608,112003,43,113654,78967,26,78993,192647
2002,FRG,151,6762,18878,135,25926,28,1373,85576,258,87235,179,8135,104454,393,113161,99241,16,99257,212418
2002,FSD,8563,28917,16699,3816,57995,55,656,16309,422,17442,8618,29573,33008,4238,75437,26318,4372,30690,106127
2002,FSM,144,8889,11809,11094,31936,130,589,7197,2295,10211,274,9478,19006,13389,42147,3685,9047,12732,54879
2002,FTW,526,3458,27790,228,32002,51,1163,73408,113,74735,577,4621,101198,341,106737,107309,318,107627,214364
2002,FTY,0,5125,40023,723,45871,0,286,32123,176,32585,0,5411,72146,899,78456,52668,20,52688,131144
2002,FUL,0,1,7523,0,7524,0,0,51336,8,51344,0,1,58859,8,58868,44603,10,44613,103481
2002,FWA,10599,27389,18292,2405,58685,793,1213,11419,519,13944,11392,28602,29711,2924,72629,17074,2280,19354,91983
2002,FXE,0,10896,52631,47,63574,0,3045,122886,69,126000,0,13941,175517,116,189574,51173,13,51186,240760
2002,FYV,2,844,3841,26,4713,0,43,11878,54,11975,2,887,15719,80,16688,15548,320,15868,32556
2002,GCK,22,4974,3387,579,8962,0,368,7849,398,8615,22,5342,11236,977,17577,4428,1748,6176,23753
2002,GCN,41,3907,863,238,5049,6,85058,4371,362,89797,47,88965,5234,600,94846,1956,604,2560,97406
2002,GEG,39810,20616,8088,476,68990,1306,1741,16491,467,20005,41116,22357,24579,943,88995,18465,569,19034,108029
2002,GEU,0,173,826,3,1002,1,1703,37382,139,39225,1,1876,38208,142,40227,78049,427,78476,118703
2002,GFK,4394,6823,29635,153,41005,40,336,76709,351,77436,4434,7159,106344,504,118441,167010,59,167069,285510
2002,GGG,15,3005,13334,1777,18131,9,203,18810,692,19714,24,3208,32144,2469,37845,48954,5271,54225,92070
2002,GJT,1387,15099,7797,1259,25542,11,2940,32121,563,35635,1398,18039,39918,1822,61177,31349,2837,34186,95363
2002,GLH,0,1338,2247,1274,4859,0,63,7342,555,7960,0,1401,9589,1829,12819,6320,15102,21422,34241
2002,GMU,0,9779,6015,68,15862,0,4289,28809,523,33621,0,14068,34824,591,49483,23491,417,23908,73391
2002,GNV,1602,7853,13424,1338,24217,24,141,25505,1059,26729,1626,7994,38929,2397,50946,20959,2635,23594,74540
2002,GON,3,2776,7068,942,10789,0,798,28466,1821,31085,3,3574,35534,2763,41874,24804,2850,27654,69528
2002,GPM,0,0,1369,67,1436,0,0,32700,69,32769,0,0,34069,136,34205,53240,32,53272,87477
2002,GPT,8087,6586,11881,15392,41946,380,323,15129,2404,18236,8467,6909,27010,17796,60182,37011,15704,52715,112897
2002,GRB,9231,14267,13228,160,36886,493,520,799,117,1929,9724,14787,14027,277,38815,35284,42,35326,74141
2002,GRI,57,4925,3738,261,8981,2,90,6930,176,7198,59,5015,10668,437,16179,4252,292,4544,20723
2002,GRR,16598,43442,28611,761,89412,538,1800,16897,242,19477,17136,45242,45508,1003,108889,15642,1091,16733,125622
2002,GSN,6920,4786,182,193,12081,33,20220,7025,625,27903,6953,25006,7207,818,39984,1782,56,1838,41822
2002,GSO,26562,36597,29096,429,92684,950,1395,16954,308,19607,27512,37992,46050,737,112291,9643,408,10051,122342
2002,GSP,6816,43411,9692,818,60737,92,186,3686,281,4245,6908,43597,13378,1099,64982,1192,398,1590,66572
2002,GTF,9957,12192,4567,5637,32353,176,861,10452,4024,15513,10133,13053,15019,9661,47866,11144,4042,15186,63052
2002,GUM,19548,5205,750,170,25673,22,43,5826,2094,7985,19570,5248,6576,2264,33658,15612,5126,20738,54396
2002,GYR,245,74,2751,24,3094,17,466,62126,804,63413,262,540,64877,828,66507,71757,310,72067,138574
2002,GYY,571,1225,6791,137,8724,11,320,15590,632,16553,582,1545,22381,769,25277,26744,1078,27822,53099
2002,HEF,0,3455,14439,104,17998,0,1583,89574,359,91516,0,5038,104013,463,109514,27649,130,27779,137293
2002,HFD,0,1752,5066,36,6854,0,1151,51387,218,52756,0,2903,56453,254,59610,37461,105,37566,97176
2002,HGR,0,5916,4857,327,11100,0,104,23565,1457,25126,0,6020,28422,1784,36226,11394,1182,12576,48802
2002,HHR,0,439,6234,17,6690,0,233,35141,516,35890,0,672,41375,533,42580,37316,314,37630,80210
2002,HIO,0,5490,16348,104,21942,6,3588,66145,322,70061,6,9078,82493,426,92003,131495,91,131586,223589
2002,HKS,0,2378,6600,765,9743,0,174,14193,2427,16794,0,2552,20793,3192,26537,28771,2416,31187,57724
2002,HKY,0,1428,9846,52,11326,0,56,19661,505,20222,0,1484,29507,557,31548,9731,14,9745,41293
2002,HLG,2,523,1720,213,2458,0,392,14003,2765,17160,2,915,15723,2978,19618,18073,8851,26924,46542
2002,HLN,3359,10122,2981,896,17358,47,2496,16509,2872,21924,3406,12618,19490,3768,39282,18094,4502,22596,61878
2002,HND,0,20,1123,0,1143,0,13165,28473,139,41777,0,13185,29596,139,42920,32328,4,32332,75252
2002,HNL,172288,17348,18807,13402,221845,4467,29709,59936,2287,96399,176755,47057,78743,15689,318244,5356,126,5482,323726
2002,HOB,0,2551,934,118,3603,0,551,6906,59,7516,0,3102,7840,177,11119,4766,376,5142,16261
2002,HOU,110037,29612,59537,162,199348,2015,12674,32128,205,47022,112052,42286,91665,367,246370,1431,116,1547,247917
2002,HPN,9694,60456,62038,19,132207,731,2194,39190,82,42197,10425,62650,101228,101,174404,23215,3,23218,197622
2002,HRL,9779,4860,3595,3352,21586,8,39,7543,535,8125,9787,4899,11138,3887,29711,4478,11552,16030,45741
2002,HSV,9161,17790,15036,6175,48162,302,491,7585,692,9070,9463,18281,22621,6867,57232,15503,18567,34070,91302
2002,HTS,7113,4004,6294,321,17732,148,340,8030,278,8796,7261,4344,14324,599,26528,17236,659,17895,44423
2002,HUF,173,973,14987,3593,19726,31,81,22510,2184,24806,204,1054,37497,5777,44532,46744,3510,50254,94786
2002,HUM,0,3004,3420,196,6620,0,49370,14705,479,64554,0,52374,18125,675,71174,7879,952,8831,80005
2002,HUT,0,403,5633,3449,9485,0,318,18367,1066,19751,0,721,24000,4515,29236,24526,8359,32885,62121
2002,HVN,0,3409,4969,35,8413,0,99,20881,196,21176,0,3508,25850,231,29589,34668,428,35096,64685
2002,HWD,0,827,8780,11,9618,0,346,54526,62,54934,0,1173,63306,73,64552,87752,8,87760,152312
2002,HWO,0,0,3265,0,3265,0,3,52299,48,52350,0,3,55564,48,55615,94226,20,94246,149861
2002,HYA,0,28947,6847,20,35814,4,62828,18568,123,81523,4,91775,25415,143,117337,8627,371,8998,126335
2002,IAD,129393,176117,74508,1567,381585,1092,1955,7267,280,10594,130485,178072,81775,1847,392179,0,0,0,392179
2002,IAG,15,955,4129,3025,8124,3,91,10689,1424,12207,18,1046,14818,4449,20331,13059,9039,22098,42429
2002,IAH,273431,157306,15668,50,446455,4398,4430,6839,131,15798,277829,161736,22507,181,462253,2,0,2,462255
2002,ICT,19806,34800,53462,3911,111979,68,2433,50059,200,52760,19874,37233,103521,4111,164739,34226,5042,39268,204007
2002,IDA,1388,9922,2085,110,13505,202,2304,11460,102,14068,1590,12226,13545,212,27573,10498,84,10582,38155
2002,IFP,1499,93,842,41,2475,125,1726,21703,144,23698,1624,1819,22545,185,26173,3306,209,3515,29688
2002,ILG,61,4111,24814,2815,31801,0,630,26001,842,27473,61,4741,50815,3657,59274,64812,7854,72666,131940
2002,ILM,3711,14571,19917,3228,41427,110,653,20601,1044,22408,3821,15224,40518,4272,63835,15154,3604,18758,82593
2002,IND,90805,73026,33091,1186,198108,532,431,6732,203,7898,91337,73457,39823,1389,206006,125,1,126,206132
2002,INT,324,1976,14556,53,16909,21,90,21854,71,22036,345,2066,36410,124,38945,21232,54,21286,60231
2002,IPT,0,6307,4007,84,10398,0,225,9474,146,9845,0,6532,13481,230,20243,5346,48,5394,25637
2002,ISM,12,1574,15705,21,17312,2,38,45732,17,45789,14,1612,61437,38,63101,68076,2,68078,131179
2002,ISO,85,1839,5008,1691,8623,7,90,10689,1893,12679,92,1929,15697,3584,21302,5413,2413,7826,29128
2002,ISP,23799,12042,21049,445,57335,1281,1274,56568,1189,60312,25080,13316,77617,1634,117647,98479,1927,100406,218053
2002,ITH,2,9652,6098,38,15790,0,462,9030,101,9593,2,10114,15128,139,25383,17431,3993,21424,46807
2002,ITO,15509,1640,1216,1316,19681,977,45847,11359,2749,60932,16486,47487,12575,4065,80613,12955,3972,16927,97540
2002,IWA,765,1609,2114,3492,7980,77,4598,54047,1608,60330,842,6207,56161,5100,68310,103300,6879,110179,178489
2002,IXD,45,1211,10068,265,11589,12,169,17506,960,18647,57,1380,27574,1225,30236,35385,2027,37412,67648
2002,JAC,1401,8781,5337,129,15648,581,4313,11758,193,16845,1982,13094,17095,322,32493,3418,67,3485,35978
2002,JAN,14943,13871,14496,6626,49936,430,403,5131,722,6686,15373,14274,19627,7348,56622,1865,24396,26261,82883
2002,JAX,59190,22454,21912,7100,110656,424,224,5442,715,6805,59614,22678,27354,7815,117461,2104,5255,7359,124820
2002,JEF,0,1823,5551,602,7976,0,68,13796,2052,15916,0,1891,19347,2654,23892,12478,4545,17023,40915
2002,JFK,254659,34684,4997,248,294588,1240,2082,3030,220,6572,255899,36766,8027,468,301160,0,0,0,301160
2002,JLN,6,3927,5016,37,8986,0,60,14496,178,14734,6,3987,19512,215,23720,15744,162,15906,39626
2002,JNU,9268,2182,1358,177,12985,218,86633,13519,507,100877,9486,88815,14877,684,113862,14590,94,14684,128546
2002,JQF,0,6432,17354,2,23788,0,1829,26572,178,28579,0,8261,43926,180,52367,14168,56,14224,66591
2002,JVL,191,4037,4479,71,8778,32,1047,39441,78,40598,223,5084,43920,149,49376,33707,215,33922,83298
2002,JXN,0,358,7244,53,7655,0,58,29156,186,29400,0,416,36400,239,37055,27869,110,27979,65034
2002,KOA,24111,2448,2060,2672,31291,35,13016,19110,1531,33692,24146,15464,21170,4203,64983,45310,13411,58721,123704
2002,KWA,761,80,37,5214,6092,183,1105,145,3152,4585,944,1185,182,8366,10677,2,878,880,11557
2002,LAF,44,1443,12138,48,13673,6,40,37701,27,37774,50,1483,49839,75,51447,73692,50,73742,125189
2002,LAL,3,1181,15379,714,17277,0,386,66065,924,67375,3,1567,81444,1638,84652,49661,4154,53815,138467
2002,LAN,12031,16351,17360,1500,47242,54,200,16937,606,17797,12085,16551,34297,2106,65039,26721,1868,28589,93628
2002,LAS,307969,32849,53299,15550,409667,9329,53939,19614,5376,88258,317298,86788,72913,20926,497925,112,0,112,498037
2002,LAW,1,2406,3731,28359,34497,2,991,4192,2496,7681,3,3397,7923,30855,42178,1135,397,1532,43710
2002,LAX,446063,174865,12384,600,633912,3144,2204,4023,1571,10942,449207,177069,16407,2171,644854,0,0,0,644854
2002,LBB,11738,20865,13646,15152,61401,448,1203,4791,2078,8520,12186,22068,18437,17230,69921,15394,10953,26347,96268
2002,LBE,203,3915,6509,217,10844,105,267,14257,603,15232,308,4182,20766,820,26076,12648,696,13344,39420
2002,LCH,10,4765,4796,4184,13755,0,4681,5757,548,10986,10,9446,10553,4732,24741,6772,3691,10463,35204
2002,LEB,0,4344,4386,32,8762,0,1998,19527,339,21864,0,6342,23913,371,30626,27541,668,28209,58835
2002,LEX,6184,29365,23706,555,59810,318,1150,19054,422,20944,6502,30515,42760,977,80754,7791,329,8120,88874
2002,LFT,998,16710,13523,470,31701,91,15662,16931,159,32843,1089,32372,30454,629,64544,10841,639,11480,76024
2002,LGA,208646,147438,8938,311,365333,92,200,2003,28,2323,208738,147638,10941,339,367656,0,0,0,367656
2002,LGB,15671,5627,43130,325,64753,763,2722,110687,453,114625,16434,8349,153817,778,179378,171496,39,171535,350913
2002,LIH,27910,1485,903,2867,33165,26,54917,2137,431,57511,27936,56402,3040,3298,90676,9742,2012,11754,102430
2002,LIT,26132,33697,43730,7955,111514,155,425,28407,890,29877,26287,34122,72137,8845,141391,13693,22119,35812,177203
2002,LMT,0,4351,2586,3705,10642,0,1037,15368,2845,19250,0,5388,17954,6550,29892,8825,5700,14525,44417
2002,LNK,1843,17692,19107,12108,50750,72,1415,19384,3210,24081,1915,19107,38491,15318,74831,18968,6540,25508,100339
2002,LNS,0,2967,12909,725,16601,0,361,49384,856,50601,0,3328,62293,1581,67202,46798,2844,49642,116844
2002,LOU,0,1707,13075,78,14860,0,472,38846,176,39494,0,2179,51921,254,54354,63838,98,63936,118290
2002,LRD,2890,12010,11918,6038,32856,38,683,12434,1434,14589,2928,12693,24352,7472,47445,10828,17050,27878,75323
2002,LSE,1752,8154,5198,225,15329,2,655,10479,171,11307,1754,8809,15677,396,26636,13820,202,14022,40658
2002,LUK,0,12512,34469,28,47009,2,404,28074,900,29380,2,12916,62543,928,76389,56627,68,56695,133084
2002,LVK,0,1156,14895,67,16118,0,310,75746,111,76167,0,1466,90641,178,92285,131164,4,131168,223453
2002,LWB,838,2003,5232,250,8323,4,26,7124,568,7722,842,2029,12356,818,16045,14758,3374,18132,34177
2002,LWM,0,229,7675,2,7906,0,65,27080,52,27197,0,294,34755,54,35103,53194,22,53216,88319
2002,LWS,1654,7551,1933,96,11234,13,1042,19377,97,20529,1667,8593,21310,193,31763,13082,328,13410,45173
2002,LYH,2,9377,7872,298,17549,0,61,16079,547,16687,2,9438,23951,845,34236,15656,350,16006,50242
2002,LZU,0,1563,15676,3,17242,0,1144,53329,142,54615,0,2707,69005,145,71857,33460,28,33488,105345
2002,MAF,8965,12444,11736,11946,45091,386,1424,8591,922,11323,9351,13868,20327,12868,56414,6074,23789,29863,86277
2002,MBS,13549,8523,11950,128,34150,255,518,10398,77,11248,13804,9041,22348,205,45398,13826,202,14028,59426
2002,MCI,145008,34929,6090,663,186690,2069,913,1924,154,5060,147077,35842,8014,817,191750,157,74,231,191981
2002,MCN,48,486,2995,161,3690,521,3525,15943,830,20819,569,4011,18938,991,24509,7621,393,8014,32523
2002,MCO,199176,57458,20718,2790,280142,6159,8511,6081,1801,22552,205335,65969,26799,4591,302694,149,0,149,302843
2002,MDH,20,1218,1511,9,2758,0,613,34572,77,35262,20,1831,36083,86,38020,90576,48,90624,128644
2002,MDT,15349,32681,9842,3226,61098,36,288,3642,136,4102,15385,32969,13484,3362,65200,1919,7343,9262,74462
2002,MDW,161655,77104,40310,305,279374,6282,3818,13176,860,24136,167937,80922,53486,1165,303510,321,6,327,303837
2002,MEI,0,4401,5826,19462,29689,0,341,5144,3301,8786,0,4742,10970,22763,38475,4502,27879,32381,70856
2002,MEM,236368,105829,34459,1562,378218,5510,3709,10088,907,20214,241878,109538,44547,2469,398432,38,9,47,398479
2002,MFD,7,12968,12431,2726,28132,0,504,11318,910,12732,7,13472,23749,3636,40864,7558,2118,9676,50540
2002,MFE,5737,2184,10366,6078,24365,95,65,21109,155,21424,5832,2249,31475,6233,45789,18638,504,19142,64931
2002,MFR,2380,16219,5072,162,23833,6,977,17684,129,18796,2386,17196,22756,291,42629,18364,240,18604,61233
2002,MGM,3368,10714,18135,13062,45279,62,269,11053,2431,13815,3430,10983,29188,15493,59094,8444,15056,23500,82594
2002,MGW,0,3896,4251,575,8722,0,6461,15260,2250,23971,0,10357,19511,2825,32693,10744,842,11586,44279
2002,MHK,140,3022,4147,663,7972,28,31,10815,394,11268,168,3053,14962,1057,19240,11572,658,12230,31470
2002,MHR,4719,7867,8614,2691,23891,45,5537,22876,2163,30621,4764,13404,31490,4854,54512,21467,9050,30517,85029
2002,MHT,37277,23205,9226,185,69893,764,1100,11405,183,13452,38041,24305,20631,368,83345,8918,8,8926,92271
2002,MIA,311784,63464,44183,3796,423227,664,922,20250,572,22408,312448,64386,64433,4368,445635,0,0,0,445635
2002,MIC,0,621,7118,9,7748,0,37,48843,28,48908,0,658,55961,37,56656,70414,25,70439,127095
2002,MIE,18,200,6404,16,6638,0,13,16399,49,16461,18,213,22803,65,23099,11196,294,11490,34589
2002,MKC,12,16261,32430,294,48997,70,3905,33864,643,38482,82,20166,66294,937,87479,36785,196,36981,124460
2002,MKE,43761,134546,21538,4422,204267,73,795,6754,386,8008,43834,135341,28292,4808,212275,3773,2,3775,216050
2002,MKG,1,7137,14387,548,22073,15,941,27622,1081,29659,16,8078,42009,1629,51732,30413,3098,33511,85243
2002,MKK,964,7900,709,451,10024,0,19313,8186,862,28361,964,27213,8895,1313,38385,3036,1634,4670,43055
2002,MKL,0,2902,4829,934,8665,2,329,8243,1580,10154,2,3231,13072,2514,18819,8458,2712,11170,29989
2002,MLB,2546,4218,39687,564,47015,2,7,50989,10,51008,2548,4225,90676,574,98023,91273,114,91387,189410
2002,MLI,7187,18728,10666,453,37034,603,1288,11517,474,13882,7790,20016,22183,927,50916,18254,627,18881,69797
2002,MLU,574,10119,12666,3448,26807,16,222,8774,97,9109,590,10341,21440,3545,35916,14652,10750,25402,61318
2002,MMU,0,9478,28033,76,37587,0,1140,120438,119,121697,0,10618,148471,195,159284,77051,4,77055,236339
2002,MOB,5316,9572,11095,22872,48855,289,429,7777,9141,17636,5605,10001,18872,32013,66491,12734,34409,47143,113634
2002,MOD,0,3908,11482,204,15594,0,9987,34310,136,44433,0,13895,45792,340,60027,33871,94,33965,93992
2002,MOT,1708,4574,2128,186,8596,6,1915,8100,254,10275,1714,6489,10228,440,18871,16336,4232,20568,39439
2002,MQY,8,1433,14034,2129,17604,135,875,22434,2599,26043,143,2308,36468,4728,43647,31390,1585,32975,76622
2002,MRI,0,319,1140,5,1464,0,10062,75832,26,85920,0,10381,76972,31,87384,97284,2,97286,184670
2002,MRY,14,18253,21057,337,39661,62,2096,23487,429,26074,76,20349,44544,766,65735,9396,275,9671,75406
2002,MSN,13757,28920,25311,3257,71245,309,864,25363,1620,28156,14066,29784,50674,4877,99401,28196,1901,30097,129498
2002,MSO,5499,10275,3783,110,19667,39,4293,20650,162,25144,5538,14568,24433,272,44811,19650,156,19806,64617
2002,MSP,354670,79899,50140,2264,486973,6092,2755,10734,768,20349,360762,82654,60874,3032,507322,0,0,0,507322
2002,MSY,102241,21133,11593,590,135557,534,3091,8350,548,12523,102775,24224,19943,1138,148080,0,0,0,148080
2002,MTN,0,940,12367,3071,16378,12,53,54938,4170,59173,12,993,67305,7241,75551,48544,2630,51174,126725
2002,MVY,0,12222,8342,42,20606,0,15818,21919,64,37801,0,28040,30261,106,58407,2659,262,2921,61328
2002,MWA,16,4295,1201,18,5530,0,956,15033,42,16031,16,5251,16234,60,21561,29789,38,29827,51388
2002,MWC,0,798,5710,0,6508,0,150,44753,59,44962,0,948,50463,59,51470,26343,4,26347,77817
2002,MWH,4763,3841,5964,8059,22627,7282,1285,19112,1853,29532,12045,5126,25076,9912,52159,43874,22846,66720,118879
2002,MYF,0,3855,35373,22,39250,2,1581,107685,269,109537,2,5436,143058,291,148787,96847,9,96856,245643
2002,MYR,10602,8897,14960,1599,36058,124,271,10379,385,11159,10726,9168,25339,1984,47217,7079,1332,8411,55628
2002,NEW,19,5965,25279,2151,33414,3,1252,34640,3238,39133,22,7217,59919,5389,72547,33588,2141,35729,108276
2002,NQA,1,0,2249,3655,5905,43,109,6531,1660,8343,44,109,8780,5315,14248,5898,20540,26438,40686
2002,OAK,153376,31766,34963,85,220190,5205,12645,76289,309,94448,158581,44411,111252,394,314638,56830,111,56941,371579
2002,OGD,26,202,2510,26,2764,32,49,38281,98,38460,58,251,40791,124,41224,53138,84,53222,94446
2002,OGG,49887,4634,2234,1601,58356,1388,72723,12107,1461,87679,51275,77357,14341,3062,146035,10877,956,11833,157868
2002,OJC,0,133,10268,9,10410,0,253,37455,91,37799,0,386,47723,100,48209,48067,26,48093,96302
2002,OKC,35741,14002,49030,41440,140213,2788,2133,5629,2737,13287,38529,16135,54659,44177,153500,5154,10783,15937,169437
2002,OLM,2,1233,11957,235,13427,0,217,28270,424,28911,2,1450,40227,659,42338,43267,70,43337,85675
2002,OMA,44226,33934,27102,385,105647,2291,2210,15040,442,19983,46517,36144,42142,827,125630,17347,733,18080,143710
2002,ONT,91045,19899,9435,36,120415,1929,3819,11405,114,17267,92974,23718,20840,150,137682,11014,18,11032,148714
2002,OPF,294,4990,20544,2196,28024,14,974,58728,5844,65560,308,5964,79272,8040,93584,43122,7255,50377,143961
2002,ORD,624177,273304,12595,190,910266,387,364,11750,20,12521,624564,273668,24345,210,922787,0,0,0,922787
2002,ORF,33679,42356,21708,1314,99057,623,1271,14261,412,16567,34302,43627,35969,1726,115624,6407,4434,10841,126465
2002,ORH,329,2941,5020,128,8418,2,46,20090,169,20307,331,2987,25110,297,28725,27122,177,27299,56024
2002,ORL,0,10341,71145,373,81859,0,401,71133,223,71757,0,10742,142278,596,153616,44569,16,44585,198201
2002,OSH,0,2522,5668,390,8580,2,111,50958,182,51253,2,2633,56626,572,59833,57295,497,57792,117625
2002,OSU,0,3545,18284,71,21900,0,79,45639,331,46049,0,3624,63923,402,67949,50031,6,50037,117986
2002,OUN,0,103,12685,259,13047,0,19,32850,831,33700,0,122,45535,1090,46747,63092,45,63137,109884
2002,OWB,0,4378,3829,323,8530,0,477,26548,775,27800,0,4855,30377,1098,36330,27500,2330,29830,66160
2002,OWD,0,1076,6050,8,7134,0,1021,30293,73,31387,0,2097,36343,81,38521,45692,98,45790,84311
2002,OXC,0,409,3349,6,3764,0,96,21771,157,22024,0,505,25120,163,25788,26916,537,27453,53241
2002,OXR,0,5696,15998,121,21815,0,7710,28824,1402,37936,0,13406,44822,1523,59751,28981,18,28999,88750
2002,PAE,2783,1716,25018,336,29853,727,1703,69058,660,72148,3510,3419,94076,996,102001,98440,286,98726,200727
2002,PAH,25,6396,5106,143,11670,4,305,7931,299,8539,29,6701,13037,442,20209,5766,140,5906,26115
2002,PAO,0,3,7694,3,7700,0,8,78707,0,78715,0,11,86401,3,86415,125960,1,125961,212376
2002,PBI,49777,32276,53232,1212,136497,401,585,44793,130,45909,50178,32861,98025,1342,182406,7183,216,7399,189805
2002,PDK,0,14268,77346,106,91720,0,1488,71316,356,73160,0,15756,148662,462,164880,56576,38,56614,221494
2002,PDT,4,5310,1050,300,6664,0,2311,15534,1441,19286,4,7621,16584,1741,25950,6889,1784,8673,34623
2002,PDX,117306,99091,23752,6337,246486,4920,9725,11435,2520,28600,122226,108816,35187,8857,275086,2724,596,3320,278406
2002,PFN,4473,12121,12449,1178,30221,23,425,17213,1273,18934,4496,12546,29662,2451,49155,25574,4400,29974,79129
2002,PHF,6215,13074,12205,4437,35931,84,238,48364,12253,60939,6299,13312,60569,16690,96870,83585,44795,128380,225250
2002,PHL,259761,128461,63070,486,451778,6893,3546,5273,213,15925,266654,132007,68343,699,467703,11,3,14,467717
2002,PHX,370018,103354,18478,1867,493717,3734,11804,33910,2106,51554,373752,115158,52388,3973,545271,43446,1612,45058,590329
2002,PIA,4146,23055,13257,3559,44017,318,484,12565,3811,17178,4464,23539,25822,7370,61195,11366,3645,15011,76206
2002,PIE,7136,4108,33563,3686,48493,682,2133,56997,7207,67019,7818,6241,90560,10893,115512,75550,14595,90145,205657
2002,PIH,1476,9632,1541,110,12759,281,2497,10623,156,13557,1757,12129,12164,266,26316,12255,479,12734,39050
2002,PIT,173258,222677,21645,5709,423289,345,242,702,396,1685,173603,222919,22347,6105,424974,3,0,3,424977
2002,PKB,0,4919,4634,1230,10783,0,48,13945,3166,17159,0,4967,18579,4396,27942,9493,9625,19118,47060
2002,PMD,93,98,3011,6021,9223,149,148,4413,5824,10534,242,246,7424,11845,19757,1050,12545,13595,33352
2002,PMP,0,103,8780,8,8891,0,15,57591,10,57616,0,118,66371,18,66507,146816,2,146818,213325
2002,PNE,0,0,22539,0,22539,0,0,76141,0,76141,0,0,98680,0,98680,73864,0,73864,172544
2002,PNS,10643,19480,18378,19126,67627,475,1107,18881,2958,23421,11118,20587,37259,22084,91048,35430,4316,39746,130794
2002,POC,0,976,14451,2,15429,0,1765,120158,207,122130,0,2741,134609,209,137559,110466,55,110521,248080
2002,POU,0,725,5821,67,6613,0,52,46548,101,46701,0,777,52369,168,53314,80186,18,80204,133518
2002,PPG,109,10410,41,155,10715,136,525,162,211,1034,245,10935,203,366,11749,407,4,411,12160
2002,PRC,0,1433,3640,107,5180,6,748,101642,218,102614,6,2181,105282,325,107794,231188,8,231196,338990
2002,PSC,4068,18702,9354,629,32753,203,2576,21754,255,24788,4271,21278,31108,884,57541,41475,2019,43494,101035
2002,PSP,7629,21264,12800,197,41890,1436,7398,39128,445,48407,9065,28662,51928,642,90297,18988,224,19212,109509
2002,PTK,718,11682,47053,179,59632,32,3093,69823,174,73122,750,14775,116876,353,132754,144848,14,144862,277616
2002,PUB,274,4094,15757,6642,26767,84,861,17784,610,19339,358,4955,33541,7252,46106,25830,16704,42534,88640
2002,PVD,52177,39877,27380,2328,121762,351,2890,8112,185,11538,52528,42767,35492,2513,133300,8445,29,8474,141774
2002,PWA,0,2772,43573,372,46717,0,345,13645,104,14094,0,3117,57218,476,60811,16750,1110,17860,78671
2002,PWK,0,8280,33600,22,41902,0,106,84204,12,84322,0,8386,117804,34,126224,38340,2,38342,164566
2002,PWM,14893,28279,12402,1087,56661,487,1427,21354,608,23876,15380,29706,33756,1695,80537,21823,270,22093,102630
2002,RAL,0,144,10314,15,10473,0,737,33007,46,33790,0,881,43321,61,44263,59586,37,59623,103886
2002,RAP,3617,11545,8397,1033,24592,27,618,16952,2079,19676,3644,12163,25349,3112,44268,16503,2502,19005,63273
2002,RBD,0,14,4669,148,4831,0,15,29702,50,29767,0,29,34371,198,34598,60164,196,60360,94958
2002,RDD,197,7470,3767,218,11652,71,5266,30975,596,36908,268,12736,34742,814,48560,24119,299,24418,72978
2002,RDG,220,8027,17660,678,26585,70,2724,44115,1119,48028,290,10751,61775,1797,74613,71825,1928,73753,148366
2002,RDM,45,12207,1799,117,14168,1005,1855,15234,147,18241,1050,14062,17033,264,32409,20705,128,20833,53242
2002,RDU,79263,88853,41600,1590,211306,1415,2381,21898,2119,27813,80678,91234,63498,3709,239119,875,368,1243,240362
2002,RFD,9776,2971,18052,728,31527,1681,1112,23287,1059,27139,11457,4083,41339,1787,58666,23982,2677,26659,85325
2002,RHV,0,0,3155,0,3155,49,0,84824,53,84926,49,0,87979,53,88081,139397,31,139428,227509
2002,RIC,34091,40401,24864,6701,106057,1570,762,14747,1494,18573,35661,41163,39611,8195,124630,4193,4446,8639,133269
2002,RNO,53787,14788,16717,2072,87364,90,6225,35524,2157,43996,53877,21013,52241,4229,131360,13240,436,13676,145036
2002,RNT,201,176,3348,2,3727,192,641,38469,65,39367,393,817,41817,67,43094,68719,10,68729,111823
2002,ROA,2352,31566,13455,920,48293,29,1137,12248,279,13693,2381,32703,25703,1199,61986,33924,608,34532,96518
2002,ROC,30166,41631,19473,1395,92665,24,770,18439,845,20078,30190,42401,37912,2240,112743,28856,3910,32766,145509
2002,ROW,167,6828,5408,13582,25985,172,1585,11450,3816,17023,339,8413,16858,17398,43008,12066,16090,28156,71164
2002,RST,7792,5610,12555,1374,27331,86,236,14235,288,14845,7878,5846,26790,1662,42176,25144,4014,29158,71334
2002,RSW,38894,12138,11176,1124,63332,583,452,4918,246,6199,39477,12590,16094,1370,69531,2548,2073,4621,74152
2002,RVS,0,120,17329,0,17449,1,192,132711,25,132929,1,312,150040,25,150378,171692,14,171706,322084
2002,RYN,0,2,955,22,979,0,0,47345,732,48077,0,2,48300,754,49056,94105,616,94721,143777
2002,RYY,0,3032,14071,216,17319,313,5617,43612,672,50214,313,8649,57683,888,67533,61993,805,62798,130331
2002,SAC,2,1027,35401,143,36573,8,3701,38056,267,42032,10,4728,73457,410,78605,30185,95,30280,108885
2002,SAF,2,6107,8271,555,14935,0,270,26503,1509,28282,2,6377,34774,2064,43217,42283,1972,44255,87472
2002,SAN,143017,44109,10884,508,198518,1330,1040,3944,721,7035,144347,45149,14828,1229,205553,794,258,1052,206605
2002,SAT,61019,38328,45958,3531,148836,7517,8519,53880,7943,77859,68536,46847,99838,11474,226695,6160,1406,7566,234261
2002,SAV,12620,23158,27779,4435,67992,109,390,17671,1015,19185,12729,23548,45450,5450,87177,24545,2596,27141,114318
2002,SAW,0,2104,595,12,2711,2,41,836,9,888,2,2145,1431,21,3599,583,0,583,4182
2002,SBA,2318,33190,26222,452,62182,66,4331,42785,359,47541,2384,37521,69007,811,109723,49890,222,50112,159835
2002,SBN,7362,25733,15537,169,48801,1,170,10278,46,10495,7363,25903,25815,215,59296,15534,151,15685,74981
2002,SBP,0,14185,6123,186,20494,6,2107,44468,527,47108,6,16292,50591,713,67602,35254,57,35311,102913
2002,SBY,0,7127,3545,351,11023,0,176,20388,1239,21803,0,7303,23933,1590,32826,17039,4642,21681,54507
2002,SCK,1,1166,27845,707,29719,6,194,30926,1402,32528,7,1360,58771,2109,62247,16261,663,16924,79171
2002,SDF,92954,56079,21164,2244,172441,567,307,3002,1172,5048,93521,56386,24166,3416,177489,0,0,0,177489
2002,SDL,0,8400,24194,64,32658,1,1852,86137,456,88446,1,10252,110331,520,121104,74398,62,74460,195564
2002,SDM,0,430,8722,140,9292,0,112,29735,3066,32913,0,542,38457,3206,42205,91199,7418,98617,140822
2002,SEA,215509,135878,1894,3,353284,5224,3915,2179,56,11374,220733,139793,4073,59,364658,13,0,13,364671
2002,SEE,0,6,9086,0,9092,0,8,73247,137,73392,0,14,82333,137,82484,100574,87,100661,183145
2002,SFB,6339,2089,60117,16,68561,2645,289,104224,95,107253,8984,2378,164341,111,175814,197386,77,197463,373277
2002,SFF,0,1773,2966,11,4750,0,5830,27818,241,33889,0,7603,30784,252,38639,29852,13,29865,68504
2002,SFO,256082,70375,15129,2151,343737,3312,2111,1661,632,7716,259394,72486,16790,2783,351453,0,0,0,351453
2002,SGF,6797,23911,18321,2753,51782,177,691,15128,1367,17363,6974,24602,33449,4120,69145,19494,5155,24649,93794
2002,SGJ,0,529,2014,97,2640,0,85,8875,453,9413,0,614,10889,550,12053,13717,548,14265,26318
2002,SGR,0,1706,12579,20,14305,0,1078,30684,104,31866,0,2784,43263,124,46171,47160,116,47276,93447
2002,SHV,5441,29051,17703,3399,55594,165,564,3003,1266,4998,5606,29615,20706,4665,60592,3762,2990,6752,67344
2002,SIG,0,842,3666,636,5144,0,10082,47755,2534,60371,0,10924,51421,3170,65515,45958,562,46520,112035
2002,SJC,126946,27786,26465,30,181227,1859,1169,26824,83,29935,128805,28955,53289,113,211162,12011,26,12037,223199
2002,SJT,36,6167,5367,7403,18973,4,489,14730,192,15415,40,6656,20097,7595,34388,13266,44901,58167,92555
2002,SJU,96067,46657,11122,1732,155578,1034,25494,20468,536,47532,97101,72151,31590,2268,203110,27,0,27,203137
2002,SLC,149552,149139,21837,2134,322662,2336,13231,44048,11147,70762,151888,162370,65885,13281,393424,13374,196,13570,406994
2002,SLE,0,750,6318,718,7786,0,649,25892,1428,27969,0,1399,32210,2146,35755,13559,833,14392,50147
2002,SLN,129,5581,11476,1957,19143,0,139,29531,1958,31628,129,5720,41007,3915,50771,39789,5241,45030,95801
2002,SMF,93242,20937,6442,1247,121868,2467,4294,13988,76,20825,95709,25231,20430,1323,142693,12719,2790,15509,158202
2002,SMO,0,8722,24581,27,33330,0,3044,63236,1547,67827,0,11766,87817,1574,101157,50342,0,50342,151499
2002,SMX,42,5929,5637,320,11928,1,3072,31258,245,34576,43,9001,36895,565,46504,28386,932,29318,75822
2002,SNA,83712,16446,51346,76,151580,1218,197,99082,86,100583,84930,16643,150428,162,252163,124172,0,124172,376335
2002,SNS,0,320,10554,52,10926,0,578,34751,127,35456,0,898,45305,179,46382,23892,18,23910,70292
2002,SPG,0,135,3409,7,3551,0,3864,36309,1507,41680,0,3999,39718,1514,45231,54857,2150,57007,102238
2002,SPI,39,13540,15520,2581,31680,21,321,16427,460,17229,60,13861,31947,3041,48909,19821,2327,22148,71057
2002,SQL,0,39,4036,0,4075,0,229,74657,34,74920,0,268,78693,34,78995,88886,4,88890,167885
2002,SRQ,7730,9841,27118,412,45101,732,2299,63104,778,66913,8462,12140,90222,1190,112014,37520,770,38290,150304
2002,SSF,0,57,7093,6617,13767,0,64,55226,289,55579,0,121,62319,6906,69346,109415,266,109681,179027
2002,STJ,6,59,2915,2266,5246,15,304,6984,1469,8772,21,363,9899,3735,14018,8296,4654,12950,26968
2002,STL,276761,136172,15134,1375,429442,5972,4538,10398,987,21895,282733,140710,25532,2362,451337,277,190,467,451804
2002,STP,0,9002,44307,1042,54351,0,2101,43136,5229,50466,0,11103,87443,6271,104817,59826,6985,66811,171628
2002,STS,0,2274,12045,40,14359,9,3756,59982,160,63907,9,6030,72027,200,78266,35965,162,36127,114393
2002,STT,7965,12967,3632,416,24980,771,38979,14398,1201,55349,8736,51946,18030,1617,80329,6690,259,6949,87278
2002,STX,3648,9755,2302,999,16704,6,23099,9985,1057,34147,3654,32854,12287,2056,50851,2668,514,3182,54033
2002,SUA,0,4429,11607,22,16058,0,2023,56121,615,58759,0,6452,67728,637,74817,49006,551,49557,124374
2002,SUN,986,11664,9266,6,21922,8,3424,23254,35,26721,994,15088,32520,41,48643,7229,6,7235,55878
2002,SUS,50,9575,43739,171,53535,6,2165,44761,145,47077,56,11740,88500,316,100612,69587,23,69610,170222
2002,SUX,1273,5071,10595,2079,19018,11,233,5925,516,6685,1284,5304,16520,2595,25703,5632,4244,9876,35579
2002,SWF,4136,12355,8353,2509,27353,76,114,36810,3366,40366,4212,12469,45163,5875,67719,52172,3637,55809,123528
2002,SWO,0,175,1521,14,1710,2,175,16580,40,16797,2,350,18101,54,18507,21196,58,21254,39761
2002,SYR,24553,40244,17940,5158,87895,213,795,15383,781,17172,24766,41039,33323,5939,105067,15744,7649,23393,128460
2002,TCL,46,1128,7578,4168,12920,14,210,14212,7937,22373,60,1338,21790,12105,35293,23247,4538,27785,63078
2002,TEB,101,67338,97401,108,164948,67,11122,55288,212,66689,168,78460,152689,320,231637,768,0,768,232405
2002,TIW,0,244,10460,55,10759,0,268,33616,434,34318,0,512,44076,489,45077,36279,93,36372,81449
2002,TIX,0,145,15833,95,16073,0,826,42958,299,44083,0,971,58791,394,60156,117718,45,117763,177919
2002,TKI,0,273,7914,14,8201,0,19,28384,13,28416,0,292,36298,27,36617,102704,6,102710,139327
2002,TLH,6635,28651,21188,10063,66537,260,2023,17512,2194,21989,6895,30674,38700,12257,88526,13667,6286,19953,108479
2002,TMB,0,1416,19316,25,20757,0,1308,63614,48,64970,0,2724,82930,73,85727,84868,11,84879,170606
2002,TOA,0,216,11296,34,11546,0,92,81430,1202,82724,0,308,92726,1236,94270,73894,65,73959,168229
2002,TOL,14854,21963,20733,3410,60960,123,680,9872,301,10976,14977,22643,30605,3711,71936,17921,5467,23388,95324
2002,TOP,0,241,3164,110,3515,0,2275,33050,928,36253,0,2516,36214,1038,39768,28762,724,29486,69254
2002,TPA,145751,53903,23160,645,223459,1555,1083,17142,271,20051,147306,54986,40302,916,243510,115,0,115,243625
2002,TRI,7207,16967,17221,287,41682,273,645,20235,291,21444,7480,17612,37456,578,63126,27305,0,27305,90431
2002,TTD,0,76,1897,2,1975,18,319,32332,381,33050,18,395,34229,383,35025,36106,1049,37155,72180
2002,TTN,5,6847,15512,477,22841,0,88,53120,3252,56460,5,6935,68632,3729,79301,40218,187,40405,119706
2002,TUL,35661,18007,40911,34917,129496,1122,613,18030,4880,24645,36783,18620,58941,39797,154141,19689,15306,34995,189136
2002,TUP,18,5516,6653,1833,14020,2,283,27098,2734,30117,20,5799,33751,4567,44137,22182,4776,26958,71095
2002,TUS,35415,14632,22184,18985,91216,2687,4856,63450,11247,82240,38102,19488,85634,30232,173456,80262,18850,99112,272568
2002,TVC,2461,15772,8829,262,27324,30,2926,25758,2805,31519,2491,18698,34587,3067,58843,46218,8698,54916,113759
2002,TVL,1,1171,348,38,1558,1,2444,9071,281,11797,2,3615,9419,319,13355,3855,63,3918,17273
2002,TWF,253,10836,2657,637,14383,27,1195,12575,548,14345,280,12031,15232,1185,28728,7598,984,8582,37310
2002,TXK,16,6516,6283,1302,14117,0,44,11338,352,11734,16,6560,17621,1654,25851,9370,2754,12124,37975
2002,TYR,8,7958,14303,95,22364,0,570,44955,136,45661,8,8528,59258,231,68025,67465,58,67523,135548
2002,TYS,9657,45858,34662,8043,98220,733,2339,15636,3875,22583,10390,48197,50298,11918,120803,23231,5289,28520,149323
2002,TZR,0,68,4398,20,4486,0,20,27436,322,27778,0,88,31834,342,32264,42495,70,42565,74829
2002,UCA,39,8013,5154,584,13790,7,1145,17976,993,20121,46,9158,23130,1577,33911,26715,1424,28139,62050
2002,UES,0,1624,10672,7,12303,0,580,42122,73,42775,0,2204,52794,80,55078,38412,48,38460,93538
2002,UGN,0,3646,13590,309,17545,0,105,25828,390,26323,0,3751,39418,699,43868,56070,216,56286,100154
2002,VCV,559,0,3545,900,5004,264,17,2676,750,3707,823,17,6221,1650,8711,20060,2918,22978,31689
2002,VGT,0,2396,5955,10,8361,0,34094,62574,236,96904,0,36490,68529,246,105265,113019,12,113031,218296
2002,VLD,17,4178,6165,6268,16628,0,80,14304,1515,15899,17,4258,20469,7783,32527,17989,11394,29383,61910
2002,VNY,0,12851,50975,115,63941,0,3557,275316,207,279080,0,16408,326291,322,343021,155420,36,155456,498477
2002,VQQ,0,9,691,1660,2360,2,300,6968,6478,13748,2,309,7659,8138,16108,9472,31797,41269,57377
2002,VRB,0,3369,33366,74,36809,2,153,81864,40,82059,2,3522,115230,114,118868,110397,8,110405,229273
2002,WDG,0,3264,2382,7362,13008,0,84,10391,7669,18144,0,3348,12773,15031,31152,14296,5596,19892,51044
2002,WHP,0,0,2252,0,2252,0,8,55574,83,55665,0,8,57826,83,57917,48357,112,48469,106386
2002,WJF,0,300,1870,135,2305,0,1015,36080,432,37527,0,1315,37950,567,39832,40761,517,41278,81110
2002,XNA,5691,19344,3978,868,29881,17,626,2892,84,3619,5708,19970,6870,952,33500,851,2302,3153,36653
2002,YIP,4822,17034,22662,56,44574,28,47,26224,5,26304,4850,17081,48886,61,70878,51480,24,51504,122382
2002,YKM,264,10487,5636,833,17220,77,1373,13956,778,16184,341,11860,19592,1611,33404,16120,948,17068,50472
2002,YNG,145,2371,17078,8554,28148,236,823,10375,3106,14540,381,3194,27453,11660,42688,26286,21001,47287,89975
2003,ABE,18009,20611,29850,1708,70178,500,1284,25736,134,27654,18509,21895,55586,1842,97832,31977,1308,33285,131117
2003,ABI,112,8183,7639,9392,25326,24,2957,14808,1566,19355,136,11140,22447,10958,44681,18863,20439,39302,83983
2003,ABQ,74145,35542,21666,8167,139520,158,10965,37619,13740,62482,74303,46507,59285,21907,202002,5372,11753,17125,219127
2003,ABY,66,5689,5860,1239,12854,27,424,9629,1723,11803,93,6113,15489,2962,24657,18486,8195,26681,51338
2003,ACK,9,39331,15100,233,54673,2,64956,26388,242,91588,11,104287,41488,475,146261,1341,306,1647,147908
2003,ACT,82,5194,9254,1898,16428,97,2746,14638,1150,18631,179,7940,23892,3048,35059,7356,1510,8866,43925
2003,ACY,10296,8150,16471,14167,49084,3032,2259,11000,4041,20332,13328,10409,27471,18208,69416,22397,29285,51682,121098
2003,ADM,4,33,2260,665,2962,2,36,9491,1342,10871,6,69,11751,2007,13833,22844,6883,29727,43560
2003,ADQ,1780,3353,404,1132,6669,161,8645,1677,2059,12542,1941,11998,2081,3191,19211,2572,11488,14060,33271
2003,ADS,107,11961,37816,64,49948,6,347,76054,46,76453,113,12308,113870,110,126401,22387,20,22407,148808
2003,ADW,100,21,395,31117,31633,69,7,2651,9397,12124,169,28,3046,40514,43757,627,28857,29484,73241
2003,AEX,1286,9455,5273,3197,19211,7,17,15,11,50,1293,9472,5288,3208,19261,30230,7181,37411,56672
2003,AFW,5702,2711,8392,7503,24308,19,992,15503,988,17502,5721,3703,23895,8491,41810,34849,9553,44402,86212
2003,AGC,0,13103,22049,121,35273,0,10109,27325,478,37912,0,23212,49374,599,73185,26447,490,26937,100122
2003,AGS,4143,9119,12150,1978,27390,206,343,5352,807,6708,4349,9462,17502,2785,34098,6128,1650,7778,41876
2003,AHN,4,1646,12206,466,14322,16,346,17893,623,18878,20,1992,30099,1089,33200,35913,1558,37471,70671
2003,AKN,1277,4925,794,636,7632,129,13180,4335,255,17899,1406,18105,5129,891,25531,1244,1050,2294,27825
2003,ALB,24749,66147,15934,1261,108091,32,370,15643,1556,17601,24781,66517,31577,2817,125692,11203,1954,13157,138849
2003,ALN,16,298,12351,221,12886,6,897,20969,222,22094,22,1195,33320,443,34980,39694,1420,41114,76094
2003,ALO,447,3652,7910,445,12454,73,509,9099,1953,11634,520,4161,17009,2398,24088,10268,1546,11814,35902
2003,ALW,13,2370,2187,14,4584,3,750,15289,43,16085,16,3120,17476,57,20669,20822,26,20848,41517
2003,AMA,9846,13617,12428,20479,56370,59,509,11711,15613,27892,9905,14126,24139,36092,84262,4397,38458,42855,127117
2003,ANC,119545,50297,14702,2020,186564,458,26304,70368,3025,100155,120003,76601,85070,5045,286719,6055,24,6079,292798
2003,ANE,0,3438,9749,8,13195,0,1295,51205,707,53207,0,4733,60954,715,66402,65099,644,65743,132145
2003,APA,0,28675,41294,725,70694,0,16973,96339,875,114187,0,45648,137633,1600,184881,174882,1696,176578,361459
2003,APC,2,2719,12256,58,15035,1,459,45965,291,46716,3,3178,58221,349,61751,65372,134,65506,127257
2003,APF,0,9793,27909,52,37754,0,878,46599,184,47661,0,10671,74508,236,85415,29274,19,29293,114708
2003,ARA,0,1025,1761,3841,6627,0,14958,6113,1249,22320,0,15983,7874,5090,28947,44039,3501,47540,76487
2003,ARB,0,260,4337,0,4597,0,1472,22786,13,24271,0,1732,27123,13,28868,48183,0,48183,77051
2003,ARR,0,421,8843,215,9479,0,99,46272,188,46559,0,520,55115,403,56038,69082,353,69435,125473
2003,ASE,6345,9540,15563,11,31459,235,494,8941,105,9775,6580,10034,24504,116,41234,1737,8,1745,42979
2003,ASG,0,1703,8919,3,10625,0,1552,17819,34,19405,0,3255,26738,37,30030,22458,6,22464,52494
2003,ASH,0,310,9069,3,9382,1,78,46183,55,46317,1,388,55252,58,55699,59138,38,59176,114875
2003,ATL,0,0,0,0,0,657582,240973,11909,1324,911788,657582,240973,11909,1324,911788,0,0,0,911788
2003,ATW,5453,15119,8942,2,29516,136,258,11621,20,12035,5589,15377,20563,22,41551,11871,4,11875,53426
2003,AUS,93334,20957,42087,6262,162640,263,1461,40662,1993,44379,93597,22418,82749,8255,207019,7669,7412,15081,222100
2003,AVL,3700,15217,18815,1262,38994,105,508,11938,526,13077,3805,15725,30753,1788,52071,15013,1201,16214,68285
2003,AVP,9121,12585,10620,563,32889,50,402,14430,197,15079,9171,12987,25050,760,47968,35455,566,36021,83989
2003,AZO,2248,16749,14431,26,33454,106,1287,17079,351,18823,2354,18036,31510,377,52277,34953,116,35069,87346
2003,BAF,16,573,3581,995,5165,37,140,19379,2199,21755,53,713,22960,3194,26920,24034,3684,27718,54638
2003,BAK,10,448,5001,72,5531,59,255,19069,1327,20710,69,703,24070,1399,26241,10522,1062,11584,37825
2003,BCT,0,7549,13873,0,21422,2,753,23730,92,24577,2,8302,37603,92,45999,43693,198,43891,89890
2003,BDL,64782,33022,18549,2927,119280,3234,2879,4986,973,12072,68016,35901,23535,3900,131352,3580,314,3894,135246
2003,BDR,0,1950,8486,146,10582,0,388,22414,245,23047,0,2338,30900,391,33629,41426,270,41696,75325
2003,BED,296,17921,36508,850,55575,0,3298,64033,285,67616,296,21219,100541,1135,123191,71688,8,71696,194887
2003,BET,3537,8919,185,136,12777,407,91094,5131,245,96877,3944,100013,5316,381,109654,3457,77,3534,113188
2003,BFI,8014,27256,32245,724,68239,1077,26088,118798,1421,147384,9091,53344,151043,2145,215623,94766,462,95228,310851
2003,BFL,401,15800,17372,531,34104,90,10970,38212,506,49778,491,26770,55584,1037,83882,54701,373,55074,138956
2003,BFM,1916,4124,7920,1063,15023,166,1560,14001,6335,22062,2082,5684,21921,7398,37085,5742,27504,33246,70331
2003,BGM,0,17907,6940,1002,25849,0,80,5000,114,5194,0,17987,11940,1116,31043,6199,721,6920,37963
2003,BGR,2792,21482,9908,10078,44260,164,1188,8620,1649,11621,2956,22670,18528,11727,55881,18178,21211,39389,95270
2003,BHM,31974,41037,44562,4965,122538,768,929,15735,1089,18521,32742,41966,60297,6054,141059,10822,2968,13790,154849
2003,BIL,13303,29813,12923,267,56306,530,7603,20535,229,28897,13833,37416,33458,496,85203,16212,374,16586,101789
2003,BIS,2877,8199,11212,1173,23461,28,915,10877,2699,14519,2905,9114,22089,3872,37980,10324,2466,12790,50770
2003,BJC,0,3332,21033,165,24530,22,1008,57605,604,59239,22,4340,78638,769,83769,80650,647,81297,165066
2003,BKL,67,8557,13159,233,22016,15,9151,28176,412,37754,82,17708,41335,645,59770,34628,228,34856,94626
2003,BLI,74,7285,5228,218,12805,16,8659,37935,1189,47799,90,15944,43163,1407,60604,23752,585,24337,84941
2003,BMG,37,599,6205,56,6897,17,92,13249,79,13437,54,691,19454,135,20334,16146,114,16260,36594
2003,BMI,3350,9675,6826,47,19898,91,193,11617,37,11938,3441,9868,18443,84,31836,20448,78,20526,52362
2003,BNA,117362,48647,40712,2615,209336,1796,1442,12287,522,16047,119158,50089,52999,3137,225383,3587,7,3594,228977
2003,BOI,39231,26199,19623,3712,88765,307,4961,34881,3900,44049,39538,31160,54504,7612,132814,26131,4082,30213,163027
2003,BOS,181328,160493,13945,191,355957,3838,13386,5476,283,22983,185166,173879,19421,474,378940,499,0,499,379439
2003,BPT,60,3788,10133,3689,17670,0,507,8387,469,9363,60,4295,18520,4158,27033,26761,502,27263,54296
2003,BRO,1184,5143,5809,5085,17221,9,32,10699,143,10883,1193,5175,16508,5228,28104,3701,321,4022,32126
2003,BTL,23,932,15093,1332,17380,13,250,45930,1490,47683,36,1182,61023,2822,65063,51031,652,51683,116746
2003,BTR,3212,20176,26239,1321,50948,90,1116,20987,871,23064,3302,21292,47226,2192,74012,28979,772,29751,103763
2003,BTV,4215,32002,9693,3727,49637,379,1697,16954,2375,21405,4594,33699,26647,6102,71042,23814,5364,29178,100220
2003,BUF,49758,40953,26787,2115,119613,47,288,2894,173,3402,49805,41241,29681,2288,123015,9608,1762,11370,134385
2003,BUR,56414,19039,47669,28,123150,2440,8312,21928,275,32955,58854,27351,69597,303,156105,21974,0,21974,178079
2003,BVY,0,473,4890,31,5394,0,135,32319,287,32741,0,608,37209,318,38135,43550,12,43562,81697
2003,BWI,210296,45372,24385,1549,281602,959,388,11316,472,13135,211255,45760,35701,2021,294737,4695,385,5080,299817
2003,BZN,5770,7968,3850,81,17669,158,1354,17207,288,19007,5928,9322,21057,369,36676,28713,21,28734,65410
2003,CAE,9434,47339,18360,2023,77156,840,1053,13100,634,15627,10274,48392,31460,2657,92783,17761,2031,19792,112575
2003,CAK,7664,22422,33184,5707,68977,950,3121,32346,3417,39834,8614,25543,65530,9124,108811,16102,1456,17558,126369
2003,CCR,0,1185,10923,21,12129,3,2409,55134,296,57842,3,3594,66057,317,69971,49087,48,49135,119106
2003,CDW,0,0,7399,0,7399,0,5,61854,0,61859,0,5,69253,0,69258,46473,0,46473,115731
2003,CGF,0,8573,12178,2,20753,0,3330,19099,59,22488,0,11903,31277,61,43241,19696,6,19702,62943
2003,CGX,0,143,2612,0,2755,0,15,1725,28,1768,0,158,4337,28,4523,342,0,342,4865
2003,CHA,4287,17865,26670,4864,53686,558,1591,14708,2393,19250,4845,19456,41378,7257,72936,18107,6506,24613,97549
2003,CHD,0,103,1118,0,1221,0,1836,63662,10,65508,0,1939,64780,10,66729,152929,13,152942,219671
2003,CHO,39,21792,10906,1050,33787,0,280,17819,447,18546,39,22072,28725,1497,52333,15066,1646,16712,69045
2003,CHS,9235,37196,19057,17722,83210,626,1641,10667,914,13848,9861,38837,29724,18636,97058,5429,17701,23130,120188
2003,CIC,0,2127,1885,254,4266,0,3918,25369,474,29761,0,6045,27254,728,34027,8780,565,9345,43372
2003,CID,6774,27931,13631,104,48440,3,224,12500,40,12767,6777,28155,26131,144,61207,10294,124,10418,71625
2003,CKB,163,3717,5060,2083,11023,29,317,12904,2893,16143,192,4034,17964,4976,27166,18058,7814,25872,53038
2003,CLE,128448,104192,16884,1252,250776,2418,2232,2804,230,7684,130866,106424,19688,1482,258460,22,0,22,258482
2003,CLL,50,5624,6773,5541,17988,0,9,19751,5251,25011,50,5633,26524,10792,42999,15367,6600,21967,64966
2003,CLT,203800,194608,27185,1569,427162,3059,1648,10104,407,15218,206859,196256,37289,1976,442380,8,0,8,442388
2003,CMA,0,1374,16056,7,17437,8,1003,86660,165,87836,8,2377,102716,172,105273,80608,6,80614,185887
2003,CMH,43787,120328,27724,1093,192932,1527,1873,35581,135,39116,45314,122201,63305,1228,232048,5930,1,5931,237979
2003,CMI,107,11315,21600,77,33099,57,605,19362,81,20105,164,11920,40962,158,53204,76555,35,76590,129794
2003,CNO,0,125,21627,71,21823,0,199,51245,122,51566,0,324,72872,193,73389,79266,25,79291,152680
2003,CNW,183,30,2946,3485,6644,10,508,14251,807,15576,193,538,17197,4292,22220,33165,10116,43281,65501
2003,COS,19227,26181,13341,11034,69783,755,2428,34805,12688,50676,19982,28609,48146,23722,120459,57379,23109,80488,200947
2003,COU,55,3351,7382,148,10936,40,323,11040,616,12019,95,3674,18422,764,22955,8856,1560,10416,33371
2003,CPR,760,14818,6840,88,22506,130,1739,10110,219,12198,890,16557,16950,307,34704,13391,206,13597,48301
2003,CPS,0,6246,15169,166,21581,0,906,42480,239,43625,0,7152,57649,405,65206,103225,114,103339,168545
2003,CRE,0,773,12873,217,13863,0,282,14792,504,15578,0,1055,27665,721,29441,19432,234,19666,49107
2003,CRG,0,5872,24799,55,30726,0,1029,57107,12509,70645,0,6901,81906,12564,101371,68640,618,69258,170629
2003,CRP,4559,15094,13744,10012,43409,57,1233,12603,262,14155,4616,16327,26347,10274,57564,7791,55676,63467,121031
2003,CRQ,2,9637,40205,238,50082,1,3565,80821,1600,85987,3,13202,121026,1838,136069,57182,85,57267,193336
2003,CRW,93,32149,13181,2612,48035,130,5901,11315,620,17966,223,38050,24496,3232,66001,9030,2692,11722,77723
2003,CSG,2752,664,13084,162,16662,425,325,10475,407,11632,3177,989,23559,569,28294,14018,162,14180,42474
2003,CVG,139871,343836,12687,629,497023,1917,2358,3287,972,8534,141788,346194,15974,1601,505557,0,0,0,505557
2003,CWA,74,17180,1916,344,19514,15,565,6665,317,7562,89,17745,8581,661,27076,6148,1834,7982,35058
2003,CWF,871,628,4244,13180,18923,85,2049,19864,2556,24554,956,2677,24108,15736,43477,3472,27601,31073,74550
2003,CXY,0,663,8588,425,9676,3,208,20115,624,20950,3,871,28703,1049,30626,22484,2033,24517,55143
2003,CYS,4,499,1164,875,2542,100,5717,11183,2146,19146,104,6216,12347,3021,21688,12193,12349,24542,46230
2003,DAB,3496,3722,71765,437,79420,600,1824,191359,434,194217,4096,5546,263124,871,273637,63167,58,63225,336862
2003,DAL,83166,40713,66204,973,191056,249,2857,48204,746,52056,83415,43570,114408,1719,243112,0,0,0,243112
2003,DAY,26172,55856,23373,1119,106520,642,1655,8266,524,11087,26814,57511,31639,1643,117607,7925,80,8005,125612
2003,DBQ,30,3826,5148,25,9029,8,223,22259,36,22526,38,4049,27407,61,31555,22039,30,22069,53624
2003,DCA,141928,108388,2083,286,252685,12,24,819,50,905,141940,108412,2902,336,253590,0,0,0,253590
2003,DEC,10,2632,7159,469,10270,2,132,13324,1649,15107,12,2764,20483,2118,25377,23917,2715,26632,52009
2003,DEN,322638,171133,7188,1095,502054,972,2959,3990,298,8219,323610,174092,11178,1393,510273,32,2,34,510307
2003,DET,111,5155,11819,34,17119,21,646,33390,1437,35494,132,5801,45209,1471,52613,26183,4,26187,78800
2003,DFW,482873,270357,6031,97,759358,3676,759,372,79,4886,486549,271116,6403,176,764244,11415,241,11656,775900
2003,DHN,2745,1381,11487,12744,28357,281,325,12026,10019,22651,3026,1706,23513,22763,51008,18632,17864,36496,87504
2003,DLH,5284,3091,12320,2787,23482,78,400,22797,1081,24356,5362,3491,35117,3868,47838,22858,4973,27831,75669
2003,DPA,4,3846,27161,42,31053,7,1699,72386,489,74581,11,5545,99547,531,105634,76351,69,76420,182054
2003,DSM,27296,35482,24739,2396,89913,665,2203,14396,407,17671,27961,37685,39135,2803,107584,6225,2554,8779,116363
2003,DTN,0,74,3782,60,3916,0,215,17447,1225,18887,0,289,21229,1285,22803,24332,7182,31514,54317
2003,DTW,321643,148585,12487,61,482776,2972,1806,3415,150,8343,324615,150391,15902,211,491119,2297,0,2297,493416
2003,DVT,0,363,6240,2,6605,0,3790,146694,53,150537,0,4153,152934,55,157142,232155,12,232167,389309
2003,DWH,2,521,12589,1266,14378,0,1209,67926,923,70058,2,1730,80515,2189,84436,129754,1040,130794,215230
2003,DXR,0,110,5409,1,5520,0,40,40286,21,40347,0,150,45695,22,45867,42161,16,42177,88044
2003,EGE,4197,6368,10220,79,20864,284,392,8032,2789,11497,4481,6760,18252,2868,32361,6588,2903,9491,41852
2003,EKO,1292,7020,1178,9,9499,56,1956,7770,28,9810,1348,8976,8948,37,19309,8158,0,8158,27467
2003,ELM,10,14064,8709,169,22952,0,47,9000,41,9088,10,14111,17709,210,32040,19946,140,20086,52126
2003,ELP,44221,15610,13423,3770,77024,84,2515,25051,1158,28808,44305,18125,38474,4928,105832,5382,812,6194,112026
2003,EMT,2,1480,4156,2,5640,15,1111,79848,256,81230,17,2591,84004,258,86870,75884,44,75928,162798
2003,ENA,399,5473,1001,275,7148,573,10898,12012,700,24183,972,16371,13013,975,31331,19560,5584,25144,56475
2003,ENW,1,2340,7930,10,10281,2,851,37123,88,38064,3,3191,45053,98,48345,32565,50,32615,80960
2003,ERI,45,15813,8719,499,25076,13,319,14968,126,15426,58,16132,23687,625,40502,17101,500,17601,58103
2003,EUG,2873,22181,12345,341,37740,262,1057,23043,243,24605,3135,23238,35388,584,62345,27952,405,28357,90702
2003,EVV,484,23522,16982,211,41199,195,810,16557,190,17752,679,24332,33539,401,58951,28423,574,28997,87948
2003,EWB,0,3343,12718,88,16149,0,8448,21427,238,30113,0,11791,34145,326,46262,36945,666,37611,83873
2003,EWN,0,7223,5487,650,13360,0,268,12253,767,13288,0,7491,17740,1417,26648,19974,292,20266,46914
2003,EWR,267218,129321,9733,53,406325,404,385,3176,27,3992,267622,129706,12909,80,410317,339,5,344,410661
2003,EYW,4953,25324,15053,256,45586,443,4680,21946,949,28018,5396,30004,36999,1205,73604,12125,7998,20123,93727
2003,FAI,15810,18240,4820,934,39804,819,24600,28071,593,54083,16629,42840,32891,1527,93887,42517,52,42569,136456
2003,FAR,6083,10784,15424,2081,34372,410,810,16990,748,18958,6493,11594,32414,2829,53330,23753,1499,25252,78582
2003,FAT,9078,33679,18542,4963,66262,155,7717,69949,4760,82581,9233,41396,88491,9723,148843,21547,1201,22748,171591
2003,FAY,463,8568,8341,2298,19670,66,314,8363,825,9568,529,8882,16704,3123,29238,13672,3636,17308,46546
2003,FCA,4151,7613,4662,29,16455,423,3530,16689,254,20896,4574,11143,21351,283,37351,14271,452,14723,52074
2003,FCM,0,897,22859,19,23775,0,2843,58376,328,61547,0,3740,81235,347,85322,70395,120,70515,155837
2003,FFZ,265,376,4099,43,4783,43,9603,126133,3463,139242,308,9979,130232,3506,144025,137372,345,137717,281742
2003,FLG,3,4286,2709,76,7074,51,5154,22832,354,28391,54,9440,25541,430,35465,15363,525,15888,51353
2003,FLL,155865,46183,34110,375,236533,1161,21479,28237,224,51101,157026,67662,62347,599,287634,236,0,236,287870
2003,FLO,0,4763,10152,672,15587,0,768,9255,656,10679,0,5531,19407,1328,26266,9306,378,9684,35950
2003,FMN,6,9191,3620,96,12913,0,2112,23561,137,25810,6,11303,27181,233,38723,77514,170,77684,116407
2003,FMY,0,2005,14635,71,16711,0,519,35904,159,36582,0,2524,50539,230,53293,33657,20,33677,86970
2003,FNT,10816,14111,24983,132,50042,527,686,5384,86,6683,11343,14797,30367,218,56725,69559,337,69896,126621
2003,FOE,152,1143,2983,4462,8740,31,310,8804,4354,13499,183,1453,11787,8816,22239,6829,14117,20946,43185
2003,FPR,0,839,32819,19,33677,0,490,70820,73,71383,0,1329,103639,92,105060,78197,12,78209,183269
2003,FRG,154,6661,20668,90,27573,11,650,70595,270,71526,165,7311,91263,360,99099,84318,6036,90354,189453
2003,FSD,7750,26786,14512,3167,52215,181,986,14391,703,16261,7931,27772,28903,3870,68476,20392,3610,24002,92478
2003,FSM,350,9767,11566,12202,33885,56,325,9302,3110,12793,406,10092,20868,15312,46678,5985,9670,15655,62333
2003,FTW,447,2961,24314,355,28077,35,3739,55889,143,59806,482,6700,80203,498,87883,55937,751,56688,144571
2003,FTY,0,7659,37224,555,45438,0,776,30909,228,31913,0,8435,68133,783,77351,46698,64,46762,124113
2003,FUL,0,0,7716,0,7716,0,0,45695,0,45695,0,0,53411,0,53411,36040,2,36042,89453
2003,FWA,9077,28207,17446,2318,57048,669,1094,9534,323,11620,9746,29301,26980,2641,68668,9801,1842,11643,80311
2003,FXE,0,8929,50889,78,59896,0,2096,115218,43,117357,0,11025,166107,121,177253,49429,17,49446,226699
2003,FYV,6,847,4046,34,4933,0,29,13668,85,13782,6,876,17714,119,18715,24715,426,25141,43856
2003,GCK,15,4970,3059,377,8421,4,551,6774,266,7595,19,5521,9833,643,16016,2868,979,3847,19863
2003,GCN,7,1919,831,205,2962,17,98844,4211,259,103331,24,100763,5042,464,106293,2082,398,2480,108773
2003,GEG,39049,20880,7948,550,68427,1731,2764,15984,570,21049,40780,23644,23932,1120,89476,15876,748,16624,106100
2003,GEU,0,136,722,0,858,0,1603,39857,30,41490,0,1739,40579,30,42348,46088,13,46101,88449
2003,GFK,4096,8747,29056,120,42019,216,3770,67982,168,72136,4312,12517,97038,288,114155,174445,37,174482,288637
2003,GGG,252,2805,12026,1628,16711,1,25,18363,227,18616,253,2830,30389,1855,35327,49995,4434,54429,89756
2003,GJT,840,15720,7704,1014,25278,66,2664,27291,516,30537,906,18384,34995,1530,55815,28639,2684,31323,87138
2003,GLH,0,1044,2633,1740,5417,3,76,6280,233,6592,3,1120,8913,1973,12009,3892,19888,23780,35789
2003,GMU,0,10364,6326,42,16732,0,4535,28324,422,33281,0,14899,34650,464,50013,22759,220,22979,72992
2003,GNV,2014,5397,13634,1649,22694,110,211,25190,1604,27115,2124,5608,38824,3253,49809,22613,4128,26741,76550
2003,GON,4,3228,7999,629,11860,0,641,24001,1246,25888,4,3869,32000,1875,37748,22395,1318,23713,61461
2003,GPM,0,0,1225,25,1250,0,0,29105,37,29142,0,0,30330,62,30392,44547,24,44571,74963
2003,GPT,6715,8071,12757,16028,43571,354,490,14598,2278,17720,7069,8561,27355,18306,61291,32769,15226,47995,109286
2003,GRB,7765,16277,13475,121,37638,448,651,3070,123,4292,8213,16928,16545,244,41930,28565,53,28618,70548
2003,GRI,41,5049,4055,163,9308,15,271,6721,267,7274,56,5320,10776,430,16582,4302,190,4492,21074
2003,GRR,15747,39355,24517,599,80218,847,1582,14400,499,17328,16594,40937,38917,1098,97546,11201,1312,12513,110059
2003,GSN,7149,4799,150,106,12204,79,19471,6369,451,26370,7228,24270,6519,557,38574,968,330,1298,39872
2003,GSO,22355,46525,26903,303,96086,565,1108,13796,248,15717,22920,47633,40699,551,111803,7462,282,7744,119547
2003,GSP,7136,40937,8417,862,57352,162,536,3013,260,3971,7298,41473,11430,1122,61323,727,654,1381,62704
2003,GTF,9455,11586,5235,5398,31674,126,1445,9608,3199,14378,9581,13031,14843,8597,46052,8016,3362,11378,57430
2003,GUM,18567,5030,654,368,24619,129,70,4911,3131,8241,18696,5100,5565,3499,32860,15941,5404,21345,54205
2003,GYR,225,60,2164,37,2486,64,3358,60040,3267,66729,289,3418,62204,3304,69215,62531,935,63466,132681
2003,GYY,279,571,7701,115,8666,46,454,12971,557,14028,325,1025,20672,672,22694,22632,841,23473,46167
2003,HEF,0,3296,15297,48,18641,0,2400,77694,207,80301,0,5696,92991,255,98942,26882,140,27022,125964
2003,HFD,0,1749,5446,16,7211,2,1487,42606,191,44286,2,3236,48052,207,51497,34461,76,34537,86034
2003,HGR,0,3407,6060,328,9795,0,53,24030,1379,25462,0,3460,30090,1707,35257,14578,1196,15774,51031
2003,HHR,0,278,6010,21,6309,0,131,32989,575,33695,0,409,38999,596,40004,28660,88,28748,68752
2003,HIO,0,5603,14977,54,20634,0,3783,63965,396,68144,0,9386,78942,450,88778,129141,199,129340,218118
2003,HKS,0,3268,6817,633,10718,0,379,15309,2445,18133,0,3647,22126,3078,28851,31304,2361,33665,62516
2003,HKY,8,773,9302,60,10143,4,81,15734,492,16311,12,854,25036,552,26454,7839,86,7925,34379
2003,HLG,0,558,2032,235,2825,0,332,12549,2868,15749,0,890,14581,3103,18574,16146,8708,24854,43428
2003,HLN,2858,10275,2856,944,16933,113,2575,17952,3196,23836,2971,12850,20808,4140,40769,19814,4817,24631,65400
2003,HND,0,0,1659,0,1659,0,8092,27334,126,35552,0,8092,28993,126,37211,36044,10,36054,73265
2003,HNL,160841,19800,17028,13403,211072,4183,26212,56623,2423,89441,165024,46012,73651,15826,300513,4890,262,5152,305665
2003,HOB,0,2305,1474,92,3871,0,742,7202,75,8019,0,3047,8676,167,11890,6138,468,6606,18496
2003,HOU,109837,28575,58203,202,196817,221,15804,29632,87,45744,110058,44379,87835,289,242561,1731,43,1774,244335
2003,HPN,7008,63016,62125,37,132186,187,584,34208,27,35006,7195,63600,96333,64,167192,20889,16,20905,188097
2003,HRL,9889,4010,3385,4323,21607,15,4,7323,92,7434,9904,4014,10708,4415,29041,3833,6392,10225,39266
2003,HSV,6751,27075,14879,6466,55171,306,826,7970,919,10021,7057,27901,22849,7385,65192,15198,16957,32155,97347
2003,HTS,2360,7507,6524,235,16626,149,340,7780,144,8413,2509,7847,14304,379,25039,15184,235,15419,40458
2003,HUF,77,868,14251,3514,18710,32,166,20698,1362,22258,109,1034,34949,4876,40968,41107,3085,44192,85160
2003,HUM,0,2510,3424,187,6121,0,41965,14750,382,57097,0,44475,18174,569,63218,7718,440,8158,71376
2003,HUT,0,319,4686,1901,6906,0,308,17460,1039,18807,0,627,22146,2940,25713,21442,5524,26966,52679
2003,HVN,3,3539,5257,27,8826,0,163,17524,182,17869,3,3702,22781,209,26695,31443,567,32010,58705
2003,HWD,0,677,7922,7,8606,0,392,56551,68,57011,0,1069,64473,75,65617,84213,12,84225,149842
2003,HWO,0,2,2681,0,2683,0,14,51742,46,51802,0,16,54423,46,54485,81204,15,81219,135704
2003,HYA,6,26257,7347,22,33632,2,54348,18821,72,73243,8,80605,26168,94,106875,8777,544,9321,116196
2003,IAD,117464,170632,71550,1511,361157,1124,1024,1809,120,4077,118588,171656,73359,1631,365234,484,48,532,365766
2003,IAG,341,921,4218,2632,8112,0,39,10634,747,11420,341,960,14852,3379,19532,14278,7434,21712,41244
2003,IAH,277062,179549,14680,96,471387,1092,1263,5237,86,7678,278154,180812,19917,182,479065,15,0,15,479080
2003,ICT,15173,38224,47231,4310,104938,103,2913,38841,213,42070,15276,41137,86072,4523,147008,31188,5819,37007,184015
2003,IDA,418,10500,2027,58,13003,63,3919,18256,458,22696,481,14419,20283,516,35699,15404,88,15492,51191
2003,IFP,1095,75,806,24,2000,98,1407,20556,143,22204,1193,1482,21362,167,24204,5538,43,5581,29785
2003,ILG,127,3451,25948,2101,31627,0,699,21412,805,22916,127,4150,47360,2906,54543,56661,7042,63703,118246
2003,ILM,5483,12088,19162,3636,40369,310,553,18221,1254,20338,5793,12641,37383,4890,60707,14580,4189,18769,79476
2003,IND,83022,80743,30376,1223,195364,1478,1248,5896,191,8813,84500,81991,36272,1414,204177,95,4,99,204276
2003,INT,397,1836,14331,57,16621,65,149,19459,251,19924,462,1985,33790,308,36545,16512,122,16634,53179
2003,IPT,3,5217,4028,54,9302,0,286,9145,103,9534,3,5503,13173,157,18836,7898,54,7952,26788
2003,ISM,6,1497,15201,16,16720,5,208,55335,537,56085,11,1705,70536,553,72805,81775,10,81785,154590
2003,ISO,78,2043,5257,2680,10058,33,139,9652,1047,10871,111,2182,14909,3727,20929,6937,3323,10260,31189
2003,ISP,25907,10249,22234,521,58911,337,314,49454,1179,51284,26244,10563,71688,1700,110195,69863,1455,71318,181513
2003,ITH,2,9803,5365,39,15209,0,220,6750,85,7055,2,10023,12115,124,22264,28484,259,28743,51007
2003,ITO,11721,2910,1352,1812,17795,1108,44864,11325,2944,60241,12829,47774,12677,4756,78036,15486,5893,21379,99415
2003,IWA,745,1627,3903,3068,9343,78,4807,64771,1997,71653,823,6434,68674,5065,80996,96188,4825,101013,182009
2003,IXD,28,1108,10130,189,11455,6,265,17373,579,18223,34,1373,27503,768,29678,30012,1214,31226,60904
2003,JAC,3511,9569,6912,114,20106,141,1611,7029,181,8962,3652,11180,13941,295,29068,4490,35,4525,33593
2003,JAN,12727,17726,13272,5383,49108,624,790,4504,944,6862,13351,18516,17776,6327,55970,1946,21459,23405,79375
2003,JAX,49631,30512,19556,5763,105462,836,662,4533,1128,7159,50467,31174,24089,6891,112621,2387,6135,8522,121143
2003,JEF,0,741,5999,617,7357,0,148,11911,2198,14257,0,889,17910,2815,21614,13445,4489,17934,39548
2003,JFK,258013,25151,4083,264,287511,41,1211,2438,98,3788,258054,26362,6521,362,291299,0,0,0,291299
2003,JLN,2,2857,4833,39,7731,4,121,12886,105,13116,6,2978,17719,144,20847,14560,82,14642,35489
2003,JNU,8960,1953,1153,184,12250,339,89690,13591,422,104042,9299,91643,14744,606,116292,11959,220,12179,128471
2003,JQF,0,7652,19422,11,27085,0,1647,24511,170,26328,0,9299,43933,181,53413,14638,38,14676,68089
2003,JVL,137,3745,3516,22,7420,43,973,33300,53,34369,180,4718,36816,75,41789,33543,140,33683,75472
2003,JXN,0,281,8349,66,8696,0,146,27033,138,27317,0,427,35382,204,36013,25533,45,25578,61591
2003,KOA,22056,1584,2413,2537,28590,261,12940,17481,1690,32372,22317,14524,19894,4227,60962,46904,11344,58248,119210
2003,KWA,907,3066,8,1223,5204,206,1311,48,2002,3567,1113,4377,56,3225,8771,88,914,1002,9773
2003,LAF,23,1787,10909,50,12769,29,123,34693,45,34890,52,1910,45602,95,47659,67581,22,67603,115262
2003,LAL,4,707,14699,656,16066,0,322,67216,327,67865,4,1029,81915,983,83931,55771,1665,57436,141367
2003,LAN,12323,17653,16503,1366,47845,20,151,15129,485,15785,12343,17804,31632,1851,63630,26908,2042,28950,92580
2003,LAS,304740,29593,53441,16005,403779,8914,73224,19414,5363,106915,313654,102817,72855,21368,510694,120,0,120,510814
2003,LAW,105,2771,3106,32306,38288,20,246,3917,562,4745,125,3017,7023,32868,43033,1592,868,2460,45493
2003,LAX,431249,169192,10290,534,611265,2772,2131,4821,1953,11677,434021,171323,15111,2487,622942,423,5,428,623370
2003,LBB,12412,19159,13504,11355,56430,100,1097,5647,876,7720,12512,20256,19151,12231,64150,21642,6794,28436,92586
2003,LBE,261,3705,7217,220,11403,16,31,15172,617,15836,277,3736,22389,837,27239,14561,930,15491,42730
2003,LCH,19,4985,4418,5185,14607,0,4068,6036,351,10455,19,9053,10454,5536,25062,9585,5318,14903,39965
2003,LEB,0,4004,4311,14,8329,0,2451,17633,249,20333,0,6455,21944,263,28662,30435,418,30853,59515
2003,LEX,6150,32206,23165,454,61975,166,762,19831,308,21067,6316,32968,42996,762,83042,7045,248,7293,90335
2003,LFT,923,14825,13443,596,29787,35,14060,17749,107,31951,958,28885,31192,703,61738,9097,494,9591,71329
2003,LGA,206167,160570,10240,410,377387,0,38,1916,28,1982,206167,160608,12156,438,379369,0,0,0,379369
2003,LGB,27664,4920,39845,429,72858,746,2427,102618,494,106285,28410,7347,142463,923,179143,159612,52,159664,338807
2003,LIH,23419,2194,892,2703,29208,414,46573,2698,666,50351,23833,48767,3590,3369,79559,16371,1631,18002,97561
2003,LIT,24480,34770,41942,7375,108567,283,541,26958,940,28722,24763,35311,68900,8315,137289,11037,25771,36808,174097
2003,LMT,0,4637,2657,4516,11810,0,1161,14036,2587,17784,0,5798,16693,7103,29594,7808,5307,13115,42709
2003,LNK,251,17063,18651,12377,48342,79,1621,17495,3372,22567,330,18684,36146,15749,70909,15619,5652,21271,92180
2003,LNS,0,2062,15803,922,18787,0,532,45697,961,47190,0,2594,61500,1883,65977,52977,4107,57084,123061
2003,LOU,0,1829,12823,123,14775,0,722,38943,318,39983,0,2551,51766,441,54758,63997,134,64131,118889
2003,LRD,3076,10721,13144,5589,32530,13,256,11403,1268,12940,3089,10977,24547,6857,45470,10494,13277,23771,69241
2003,LSE,1674,7456,4822,237,14189,49,561,11214,390,12214,1723,8017,16036,627,26403,12222,326,12548,38951
2003,LUK,4,13770,38031,59,51864,71,567,21793,269,22700,75,14337,59824,328,74564,41506,152,41658,116222
2003,LVK,0,1265,12072,59,13396,0,353,67998,380,68731,0,1618,80070,439,82127,109815,10,109825,191952
2003,LWB,852,2296,5387,169,8704,12,14,6849,571,7446,864,2310,12236,740,16150,12376,5454,17830,33980
2003,LWM,0,222,4927,3,5152,0,69,27122,112,27303,0,291,32049,115,32455,52022,22,52044,84499
2003,LWS,168,7873,1717,45,9803,58,2150,20646,113,22967,226,10023,22363,158,32770,14097,216,14313,47083
2003,LYH,20,8745,8070,339,17174,0,94,14209,445,14748,20,8839,22279,784,31922,15132,408,15540,47462
2003,LZU,0,1358,16325,3,17686,0,755,45506,40,46301,0,2113,61831,43,63987,25966,12,25978,89965
2003,MAF,9597,13062,13046,16883,52588,15,1049,10511,821,12396,9612,14111,23557,17704,64984,4703,22745,27448,92432
2003,MBS,13565,5993,11847,194,31599,423,720,10198,127,11468,13988,6713,22045,321,43067,16836,123,16959,60026
2003,MCI,124579,35285,5777,625,166266,1514,590,2248,95,4447,126093,35875,8025,720,170713,99,21,120,170833
2003,MCN,43,332,2902,199,3476,603,2288,16159,816,19866,646,2620,19061,1015,23342,7272,380,7652,30994
2003,MCO,204712,55479,16677,305,277173,17410,1575,4796,318,24099,222122,57054,21473,623,301272,50,0,50,301322
2003,MDH,7,807,1416,14,2244,4,400,33661,176,34241,11,1207,35077,190,36485,80435,60,80495,116980
2003,MDT,12489,35226,9573,2825,60113,7,179,2574,84,2844,12496,35405,12147,2909,62957,2011,6508,8519,71476
2003,MDW,167879,91181,44371,449,303880,6171,3738,13309,873,24091,174050,94919,57680,1322,327971,395,50,445,328416
2003,MEI,99,2433,5406,18755,26693,43,318,5636,3558,9555,142,2751,11042,22313,36248,5220,28692,33912,70160
2003,MEM,206599,129703,31880,1617,369799,22547,2674,7006,325,32552,229146,132377,38886,1942,402351,6,5,11,402362
2003,MFD,3,3970,11234,2228,17435,11,664,10562,1161,12398,14,4634,21796,3389,29833,6077,2476,8553,38386
2003,MFE,6247,1141,12041,8036,27465,11,8,20206,29,20254,6258,1149,32247,8065,47719,16177,657,16834,64553
2003,MFR,1583,19523,5543,60,26709,105,1199,17575,86,18965,1688,20722,23118,146,45674,17178,208,17386,63060
2003,MGM,3068,9991,16601,10714,40374,123,339,8995,2175,11632,3191,10330,25596,12889,52006,6957,14879,21836,73842
2003,MGW,2,3822,4145,467,8436,0,4712,11104,1177,16993,2,8534,15249,1644,25429,6390,294,6684,32113
2003,MHK,114,2835,4490,577,8016,19,117,10767,546,11449,133,2952,15257,1123,19465,10017,316,10333,29798
2003,MHR,4206,6287,8816,1905,21214,284,4623,20891,2220,28018,4490,10910,29707,4125,49232,15261,6216,21477,70709
2003,MHT,37461,28520,10095,162,76238,1009,1194,10087,160,12450,38470,29714,20182,322,88688,9370,2,9372,98060
2003,MIA,305646,54449,36552,2440,399087,1192,936,8276,1990,12394,306838,55385,44828,4430,411481,8,0,8,411489
2003,MIC,0,132,5202,12,5346,0,48,39006,50,39104,0,180,44208,62,44450,54114,48,54162,98612
2003,MIE,6,250,5278,35,5569,0,100,17891,89,18080,6,350,23169,124,23649,9676,254,9930,33579
2003,MKC,5,14953,30545,211,45714,29,4260,30518,520,35327,34,19213,61063,731,81041,36371,99,36470,117511
2003,MKE,50274,126785,20879,4060,201998,81,561,6112,245,6999,50355,127346,26991,4305,208997,2299,0,2299,211296
2003,MKG,8,5361,12722,450,18541,31,883,23520,1194,25628,39,6244,36242,1644,44169,25242,2986,28228,72397
2003,MKK,636,7801,710,438,9585,20,19315,8256,736,28327,656,27116,8966,1174,37912,2498,548,3046,40958
2003,MKL,8,2529,4849,718,8104,0,175,7281,799,8255,8,2704,12130,1517,16359,8562,2460,11022,27381
2003,MLB,2150,3052,31753,544,37499,116,186,48994,84,49380,2266,3238,80747,628,86879,78637,530,79167,166046
2003,MLI,3664,21583,9714,205,35166,362,1328,11294,419,13403,4026,22911,21008,624,48569,16394,391,16785,65354
2003,MLU,32,11035,12532,4061,27660,3,135,9626,85,9849,35,11170,22158,4146,37509,17414,11930,29344,66853
2003,MMU,0,9526,26447,75,36048,0,464,102330,130,102924,0,9990,128777,205,138972,66210,2,66212,205184
2003,MOB,5423,9852,10618,25153,51046,444,673,6883,11375,19375,5867,10525,17501,36528,70421,11998,33561,45559,115980
2003,MOD,0,3431,9526,56,13013,0,8804,32867,182,41853,0,12235,42393,238,54866,33095,22,33117,87983
2003,MOT,1488,4608,2016,233,8345,66,2080,7260,391,9797,1554,6688,9276,624,18142,16368,5012,21380,39522
2003,MQY,53,2074,13418,1396,16941,29,469,23363,2476,26337,82,2543,36781,3872,43278,33865,1297,35162,78440
2003,MRI,0,347,822,0,1169,0,12588,80310,81,92979,0,12935,81132,81,94148,108092,38,108130,202278
2003,MRY,4,4187,4403,54,8648,15,365,5974,121,6475,110,18248,10377,175,28910,3945,52,3997,66716
2003,MSN,13608,27066,23338,3152,67164,482,966,26742,1147,29337,14090,28032,50080,4299,96501,33110,2082,35192,131693
2003,MSO,4950,11119,4210,173,20452,163,3009,15705,272,19149,5113,14128,19915,445,39601,13137,178,13315,52916
2003,MSP,358095,109318,21672,1550,490635,6514,2196,8125,678,17513,364609,111514,29797,2228,508148,14,0,14,508162
2003,MSY,106437,18514,12179,369,137499,168,2531,4977,81,7757,106605,21045,17156,450,145256,0,0,0,145256
2003,MTN,0,937,16360,2803,20100,0,9,40738,1751,42498,0,946,57098,4554,62598,39749,1112,40861,103459
2003,MVY,1,13496,8332,49,21878,1,13238,17506,93,30838,2,26734,25838,142,52716,1778,153,1931,54647
2003,MWA,1,4058,1262,18,5339,6,1051,14376,157,15590,7,5109,15638,175,20929,29932,24,29956,50885
2003,MWC,0,634,5130,0,5764,0,292,41745,38,42075,0,926,46875,38,47839,25284,14,25298,73137
2003,MWH,3190,3724,5175,7469,19558,6899,1480,17186,2100,27665,10089,5204,22361,9569,47223,34168,21088,55256,102479
2003,MYF,0,3664,30366,25,34055,0,1059,97279,126,98464,0,4723,127645,151,132519,83983,69,84052,216571
2003,MYR,10765,12091,10935,1622,35413,335,863,13000,541,14739,11100,12954,23935,2163,50152,5745,1466,7211,57363
2003,NEW,52,6169,24600,2514,33335,63,1195,32012,3479,36749,115,7364,56612,5993,70084,29333,2446,31779,101863
2003,NQA,0,6,2857,5418,8281,38,32,6515,1623,8208,38,38,9372,7041,16489,5052,25670,30722,47211
2003,OAK,154444,27134,29598,134,211310,5398,11231,63819,572,81020,159842,38365,93417,706,292330,50516,15,50531,342861
2003,OGD,13,47,2026,9,2095,0,40,33067,17,33124,13,87,35093,26,35219,46938,40,46978,82197
2003,OGG,45955,4961,2028,1640,54584,1340,71300,11791,1543,85974,47295,76261,13819,3183,140558,10350,650,11000,151558
2003,OJC,0,139,12406,18,12563,0,245,34050,211,34506,0,384,46456,229,47069,35753,32,35785,82854
2003,OKC,26458,17706,47669,51391,143224,615,1485,5313,1733,9146,27073,19191,52982,53124,152370,3830,9215,13045,165415
2003,OLM,0,2099,10521,247,12867,0,264,30223,526,31013,0,2363,40744,773,43880,50222,128,50350,94230
2003,OMA,40565,37300,26206,531,104602,1879,1831,13826,535,18071,42444,39131,40032,1066,122673,17750,983,18733,141406
2003,ONT,88685,21697,9720,26,120128,1770,3879,11795,68,17512,90455,25576,21515,94,137640,8232,17,8249,145889
2003,OPF,261,4341,21364,1683,27649,45,882,56374,5069,62370,306,5223,77738,6752,90019,40983,5541,46524,136543
2003,ORD,543551,357611,12249,225,913636,2932,2733,12082,39,17786,546483,360344,24331,264,931422,0,0,0,931422
2003,ORF,30394,45045,21413,890,97742,65,425,11952,288,12730,30459,45470,33365,1178,110472,5531,5370,10901,121373
2003,ORH,10,742,5198,45,5995,7,109,20831,193,21140,17,851,26029,238,27135,29943,140,30083,57218
2003,ORL,0,9729,58857,320,68906,1,457,48469,216,49143,1,10186,107326,536,118049,42716,75,42791,160840
2003,OSH,13,672,5975,283,6943,0,130,51721,254,52105,13,802,57696,537,59048,52197,555,52752,111800
2003,OSU,0,3363,16927,30,20320,0,169,37296,260,37725,0,3532,54223,290,58045,39302,0,39302,97347
2003,OUN,0,326,10788,173,11287,0,20,32469,651,33140,0,346,43257,824,44427,63856,47,63903,108330
2003,OWB,0,4027,3663,169,7859,0,193,26629,391,27213,0,4220,30292,560,35072,30500,1370,31870,66942
2003,OWD,0,561,6549,10,7120,0,693,28850,163,29706,0,1254,35399,173,36826,27378,96,27474,64300
2003,OXC,0,574,4526,3,5103,0,104,26097,112,26313,0,678,30623,115,31416,23288,466,23754,55170
2003,OXR,0,5964,15233,67,21264,0,5565,26136,755,32456,0,11529,41369,822,53720,29730,0,29730,83450
2003,PAE,1929,1469,20090,268,23756,964,2110,65586,496,69156,2893,3579,85676,764,92912,79162,439,79601,172513
2003,PAH,11,6743,4567,108,11429,2,529,8090,209,8830,13,7272,12657,317,20259,7006,116,7122,27381
2003,PAO,0,16,7184,2,7202,1,92,76895,0,76988,1,108,84079,2,84190,129837,11,129848,214038
2003,PBI,55554,34872,52745,1000,144171,901,787,46988,177,48853,56455,35659,99733,1177,193024,4781,171,4952,197976
2003,PDK,8,16370,75775,207,92360,16,1261,69965,267,71509,24,17631,145740,474,163869,56847,13,56860,220729
2003,PDT,12,4820,968,251,6051,0,2149,14743,1523,18415,12,6969,15711,1774,24466,7958,1440,9398,33864
2003,PDX,117671,92968,20594,5708,236941,4643,9880,10602,1767,26892,122314,102848,31196,7475,263833,1789,566,2355,266188
2003,PFN,4276,12276,14844,1514,32910,117,565,17932,1465,20079,4393,12841,32776,2979,52989,27674,5948,33622,86611
2003,PHF,8241,13410,11057,4049,36757,118,618,42880,11931,55547,8359,14028,53937,15980,92304,73917,41951,115868,208172
2003,PHL,241674,174457,22257,370,438758,3076,1884,1680,574,7214,244750,176341,23937,944,445972,2,0,2,445974
2003,PHX,354340,115542,18389,1869,490140,3710,10986,35144,1791,51631,358050,126528,53533,3660,541771,47452,1869,49321,591092
2003,PIA,3202,20435,12545,2321,38503,303,752,11299,3067,15421,3505,21187,23844,5388,53924,12906,2839,15745,69669
2003,PIE,9067,3966,32030,3359,48422,804,2762,61289,8263,73118,9871,6728,93319,11622,121540,80639,10026,90665,212205
2003,PIH,339,10257,1675,97,12368,314,3970,13155,175,17614,653,14227,14830,272,29982,15265,784,16049,46031
2003,PIT,126154,206637,22063,5179,360033,0,33,1103,160,1296,126154,206670,23166,5339,361329,0,0,0,361329
2003,PKB,3,4880,4872,1159,10914,0,70,12735,2969,15774,3,4950,17607,4128,26688,11248,8346,19594,46282
2003,PMD,59,89,2641,5027,7816,120,163,4239,5417,9939,179,252,6880,10444,17755,1247,11735,12982,30737
2003,PMP,0,91,7214,1,7306,0,30,48406,6,48442,0,121,55620,7,55748,122195,22,122217,177965
2003,PNE,0,0,24020,0,24020,0,0,75413,0,75413,0,0,99433,0,99433,71913,0,71913,171346
2003,PNS,9618,19027,18413,23252,70310,495,1403,16660,3468,22026,10113,20430,35073,26720,92336,30110,4751,34861,127197
2003,POC,0,971,11947,4,12922,6,1423,110440,210,112079,6,2394,122387,214,125001,96555,37,96592,221593
2003,POU,0,709,5794,55,6558,0,71,43529,67,43667,0,780,49323,122,50225,82270,66,82336,132561
2003,PPG,124,8006,59,90,8279,166,664,139,187,1156,290,8670,198,277,9435,69,0,69,9504
2003,PRC,4,2438,3647,120,6209,2,1085,95596,306,96989,6,3523,99243,426,103198,216964,66,217030,320228
2003,PSC,4801,17420,8992,310,31523,356,2356,19256,255,22223,5157,19776,28248,565,53746,33701,1188,34889,88635
2003,PSP,7805,24185,11573,201,43764,475,1954,30030,530,32989,8280,26139,41603,731,76753,16246,244,16490,93243
2003,PTK,1733,10227,44967,56,56983,290,2981,65442,145,68858,2023,13208,110409,201,125841,150123,0,150123,275964
2003,PUB,126,4211,14456,7429,26222,83,766,16909,1474,19232,209,4977,31365,8903,45454,23856,21021,44877,90331
2003,PVD,48632,32451,27907,2229,111219,1239,1979,8513,259,11990,49871,34430,36420,2488,123209,6458,8,6466,129675
2003,PWA,0,2611,36257,191,39059,0,612,14451,179,15242,0,3223,50708,370,54301,9760,930,10690,64991
2003,PWK,0,8780,32152,34,40966,0,314,87743,24,88081,0,9094,119895,58,129047,43504,0,43504,172551
2003,PWM,13094,27342,11590,709,52735,645,1577,17219,553,19994,13739,28919,28809,1262,72729,15227,187,15414,88143
2003,RAL,0,86,10034,46,10166,0,174,34262,117,34553,0,260,44296,163,44719,55593,103,55696,100415
2003,RAP,2954,11135,8876,945,23910,120,655,14552,2400,17727,3074,11790,23428,3345,41637,12259,2268,14527,56164
2003,RBD,0,12,4331,55,4398,0,8,27414,63,27485,0,20,31745,118,31883,58839,181,59020,90903
2003,RDD,1279,6053,3966,101,11399,197,6317,29636,438,36588,1476,12370,33602,539,47987,26366,184,26550,74537
2003,RDG,145,7696,17598,670,26109,2,1564,36130,512,38208,147,9260,53728,1182,64317,63819,1979,65798,130115
2003,RDM,52,12230,2323,120,14725,610,1781,13187,338,15916,662,14011,15510,458,30641,20618,95,20713,51354
2003,RDU,72483,89006,36989,936,199414,853,2146,18416,1475,22890,73336,91152,55405,2411,222304,582,397,979,223283
2003,RFD,9934,2463,16713,538,29648,1771,1319,20263,892,24245,11705,3782,36976,1430,53893,25986,2745,28731,82624
2003,RHV,0,0,3144,0,3144,0,0,76622,56,76678,0,0,79766,56,79822,133684,12,133696,213518
2003,RIC,25800,57931,26813,7937,118481,447,268,1470,205,2390,26247,58199,28283,8142,120871,2708,3981,6689,127560
2003,RNO,51666,16734,16581,1684,86665,576,5849,31584,2003,40012,52242,22583,48165,3687,126677,11968,469,12437,139114
2003,RNT,149,52,2905,3,3109,37,560,33276,44,33917,186,612,36181,47,37026,53539,2,53541,90567
2003,ROA,2594,30345,12059,734,45732,5,930,10731,174,11840,2599,31275,22790,908,57572,24874,522,25396,82968
2003,ROC,27413,41979,16012,622,86026,15,856,19743,1204,21818,27428,42835,35755,1826,107844,28909,2637,31546,139390
2003,ROW,163,6966,4889,12224,24242,235,1613,8972,1170,11990,398,8579,13861,13394,36232,9741,12181,21922,58154
2003,RST,6642,6449,12155,960,26206,161,368,14619,502,15650,6803,6817,26774,1462,41856,22440,3662,26102,67958
2003,RSW,47263,9912,9681,704,67560,1010,1009,4305,267,6591,48273,10921,13986,971,74151,1635,828,2463,76614
2003,RVS,0,329,18168,5,18502,0,185,118622,33,118840,0,514,136790,38,137342,154386,2,154388,291730
2003,RYN,0,0,791,32,823,0,15,46516,1173,47704,0,15,47307,1205,48527,82582,1247,83829,132356
2003,RYY,0,3501,15714,99,19314,0,504,47496,544,48544,0,4005,63210,643,67858,60247,680,60927,128785
2003,SAC,0,649,26475,56,27180,0,4796,67796,334,72926,0,5445,94271,390,100106,34051,77,34128,134234
2003,SAF,0,6733,8172,584,15489,0,161,25182,1187,26530,0,6894,33354,1771,42019,36683,1836,38519,80538
2003,SAN,140056,44821,10731,440,196048,1549,941,3583,757,6830,141605,45762,14314,1197,202878,1361,474,1835,204713
2003,SAT,62185,45022,46214,3264,156685,1559,13747,71454,11240,98000,63744,58769,117668,14504,254685,5948,1118,7066,261751
2003,SAV,10193,24635,28007,4392,67227,261,713,16283,1135,18392,10454,25348,44290,5527,85619,19901,1779,21680,107299
2003,SAW,0,8165,2072,105,10342,14,182,5465,177,5838,14,8347,7537,282,16180,7005,268,7273,23453
2003,SBA,1383,35036,24543,352,61314,118,3849,41662,322,45951,1501,38885,66205,674,107265,44494,637,45131,152396
2003,SBN,3009,30142,13637,117,46905,5,278,10117,24,10424,3014,30420,23754,141,57329,10812,45,10857,68186
2003,SBP,0,12471,6005,201,18677,8,2279,42038,523,44848,8,14750,48043,724,63525,45106,108,45214,108739
2003,SBY,0,5878,4100,280,10258,0,78,18064,1155,19297,0,5956,22164,1435,29555,18627,5321,23948,53503
2003,SCK,148,1240,20190,391,21969,47,468,30025,661,31201,195,1708,50215,1052,53170,12774,358,13132,66302
2003,SDF,86629,61711,17743,1444,167527,2198,1277,2885,697,7057,88827,62988,20628,2141,174584,0,0,0,174584
2003,SDL,0,8419,26401,182,35002,4,1800,86299,212,88315,4,10219,112700,394,123317,71121,34,71155,194472
2003,SDM,0,713,8705,136,9554,0,259,22319,2284,24862,0,972,31024,2420,34416,65297,5614,70911,105327
2003,SEA,205561,136945,1461,1,343968,5042,3832,1875,53,10802,210603,140777,3336,54,354770,49,0,49,354819
2003,SEE,0,5,8738,0,8743,11,12,70181,244,70448,11,17,78919,244,79191,101345,213,101558,180749
2003,SFB,5631,1437,51818,42,58928,1760,72,116006,110,117948,7391,1509,167824,152,176876,208367,60,208427,385303
2003,SFF,0,1672,3581,13,5266,0,5687,26502,212,32401,0,7359,30083,225,37667,31626,46,31672,69339
2003,SFO,230074,81166,14830,2187,328257,2503,1442,1755,558,6258,232577,82608,16585,2745,334515,0,0,0,334515
2003,SGF,3150,25816,18235,3542,50743,297,929,13453,1836,16515,3447,26745,31688,5378,67258,13803,6152,19955,87213
2003,SGJ,0,3341,8312,408,12061,0,414,39896,1836,42146,0,3755,48208,2244,54207,52883,3100,55983,110190
2003,SGR,0,1577,13606,41,15224,0,2096,30623,47,32766,0,3673,44229,88,47990,49212,188,49400,97390
2003,SHV,3313,30768,16247,4824,55152,90,282,2704,1326,4402,3403,31050,18951,6150,59554,6823,2973,9796,69350
2003,SIG,0,1473,4490,372,6335,0,13993,47013,1933,62939,0,15466,51503,2305,69274,50235,265,50500,119774
2003,SJC,116258,35562,23882,43,175745,1872,1387,25107,110,28476,118130,36949,48989,153,204221,12530,0,12530,216751
2003,SJT,76,6715,5186,5710,17687,0,810,12944,149,13903,76,7525,18130,5859,31590,10481,37635,48116,79706
2003,SJU,96926,41576,13364,1474,153340,938,28357,18537,447,48279,97864,69933,31901,1921,201619,34,0,34,201653
2003,SLC,142430,157644,22141,1621,323836,1882,11439,46618,4537,64476,144312,169083,68759,6158,388312,12020,120,12140,400452
2003,SLE,0,1006,6594,686,8286,0,751,21117,1145,23013,0,1757,27711,1831,31299,14976,568,15544,46843
2003,SLN,161,5702,11421,1351,18635,24,436,26682,1977,29119,185,6138,38103,3328,47754,35624,2836,38460,86214
2003,SMF,98004,18470,14726,751,131951,2728,1473,6837,603,11641,100732,19943,21563,1354,143592,13173,2456,15629,159221
2003,SMO,0,8696,23878,28,32602,0,2252,60380,1309,63941,0,10948,84258,1337,96543,46316,0,46316,142859
2003,SMX,35,6273,5070,179,11557,18,5720,24874,218,30830,53,11993,29944,397,42387,23264,684,23948,66335
2003,SNA,83950,22495,50610,68,157123,1011,401,86928,93,88433,84961,22896,137538,161,245556,112013,0,112013,357569
2003,SNS,0,244,7680,37,7961,1,1056,37049,154,38260,1,1300,44729,191,46221,30281,67,30348,76569
2003,SPG,0,151,3260,24,3435,0,3721,37402,2075,43198,0,3872,40662,2099,46633,48963,1944,50907,97540
2003,SPI,36,12005,14229,2482,28752,17,334,15402,447,16200,53,12339,29631,2929,44952,15488,3203,18691,63643
2003,SQL,0,110,3740,0,3850,0,814,76552,28,77394,0,924,80292,28,81244,89850,11,89861,171105
2003,SRQ,9157,8354,26117,608,44236,781,1592,56340,1158,59871,9938,9946,82457,1766,104107,31984,769,32753,136860
2003,SSF,0,32,6581,6184,12797,0,8,42576,267,42851,0,40,49157,6451,55648,75210,390,75600,131248
2003,STJ,0,83,3613,1610,5306,3,238,10481,1511,12233,3,321,14094,3121,17539,8835,2943,11778,29317
2003,STL,207820,154529,10569,2444,375362,2503,2911,11856,959,18229,210323,157440,22425,3403,393591,645,227,872,394463
2003,STP,0,8140,30117,980,39237,0,2205,32931,4285,39421,0,10345,63048,5265,78658,48922,4214,53136,131794
2003,STS,0,2532,11224,26,13782,1,3038,60483,147,63669,1,5570,71707,173,77451,43091,8,43099,120550
2003,STT,9224,10187,5023,328,24762,1049,40120,15128,920,57217,10273,50307,20151,1248,81979,5343,197,5540,87519
2003,STX,4361,5903,2247,822,13333,152,25452,11001,820,37425,4513,31355,13248,1642,50758,6008,710,6718,57476
2003,SUA,0,4656,12437,14,17107,0,2407,53565,679,56651,0,7063,66002,693,73758,40860,428,41288,115046
2003,SUN,1357,11335,8670,6,21368,51,1820,17036,48,18955,1408,13155,25706,54,40323,4272,0,4272,44595
2003,SUS,62,8501,41665,217,50445,33,2289,40987,190,43499,95,10790,82652,407,93944,56275,36,56311,150255
2003,SUX,144,4900,10555,728,16327,12,245,6525,263,7045,156,5145,17080,991,23372,5227,1627,6854,30226
2003,SWF,4765,11584,9676,2260,28285,0,16,33206,2247,35469,4765,11600,42882,4507,63754,40150,3066,43216,106970
2003,SWO,17,362,1877,101,2357,0,175,24910,48,25133,17,537,26787,149,27490,33544,152,33696,61186
2003,SYR,20010,44916,15250,3721,83897,29,218,15997,326,16570,20039,45134,31247,4047,100467,13178,5474,18652,119119
2003,TCL,83,1125,8096,4544,13848,24,189,14299,7908,22420,107,1314,22395,12452,36268,24400,5402,29802,66070
2003,TEB,77,65281,100597,154,166109,48,8416,41144,75,49683,125,73697,141741,229,215792,333,0,333,216125
2003,TIW,0,290,9663,19,9972,0,375,32672,319,33366,0,665,42335,338,43338,29322,28,29350,72688
2003,TIX,0,129,16121,51,16301,0,709,37210,506,38425,0,838,53331,557,54726,111281,0,111281,166007
2003,TKI,0,225,7076,10,7311,0,10,25707,15,25732,0,235,32783,25,33043,87077,4,87081,120124
2003,TLH,4988,26333,22241,10747,64309,212,1473,15860,2052,19597,5200,27806,38101,12799,83906,14202,4838,19040,102946
2003,TMB,0,1451,18921,13,20385,1,1030,66953,39,68023,1,2481,85874,52,88408,96977,4,96981,185389
2003,TOA,0,142,11418,24,11584,1,85,86088,1692,87866,1,227,97506,1716,99450,79902,101,80003,179453
2003,TOL,12314,27407,21159,4165,65045,24,1072,9806,280,11182,12338,28479,30965,4445,76227,20306,5054,25360,101587
2003,TOP,0,185,3148,36,3369,0,1029,33373,814,35216,0,1214,36521,850,38585,27251,924,28175,66760
2003,TPA,140167,49999,23120,262,213548,2275,1573,15792,214,19854,142442,51572,38912,476,233402,490,0,490,233892
2003,TRI,4760,17500,17343,261,39864,323,1205,19162,459,21149,5083,18705,36505,720,61013,29296,14,29310,90323
2003,TTD,0,161,1500,0,1661,0,967,34090,296,35353,0,1128,35590,296,37014,35105,68,35173,72187
2003,TTN,12,7410,16218,407,24047,0,54,49950,2486,52490,12,7464,66168,2893,76537,35583,198,35781,112318
2003,TUL,32633,19114,38140,34409,124296,330,266,15364,4126,20086,32963,19380,53504,38535,144382,16357,14482,30839,175221
2003,TUP,17,3961,6766,2553,13297,22,383,23199,1825,25429,39,4344,29965,4378,38726,23219,4341,27560,66286
2003,TUS,34643,13846,21266,18538,88293,2314,2590,55525,9071,69500,36957,16436,76791,27609,157793,72842,17178,90020,247813
2003,TVC,2017,16455,7937,235,26644,113,3304,26643,2565,32625,2130,19759,34580,2800,59269,49366,7658,57024,116293
2003,TVL,4,1340,378,45,1767,0,4356,9596,214,14166,4,5696,9974,259,15933,2929,54,2983,18916
2003,TWF,205,10640,2898,381,14124,68,1435,13005,496,15004,273,12075,15903,877,29128,10319,762,11081,40209
2003,TXK,12,4038,6352,1914,12316,0,33,10058,331,10422,12,4071,16410,2245,22738,10063,4858,14921,37659
2003,TYR,0,8494,12042,110,20646,0,551,44705,89,45345,0,9045,56747,199,65991,77865,181,78046,144037
2003,TYS,8993,46847,32756,7277,95873,742,2726,13805,3680,20953,9735,49573,46561,10957,116826,18925,3889,22814,139640
2003,TZR,0,55,4263,21,4339,0,16,30991,285,31292,0,71,35254,306,35631,31204,14,31218,66849
2003,UCA,55,5425,5620,483,11583,0,883,17237,870,18990,55,6308,22857,1353,30573,33106,1210,34316,64889
2003,UES,0,2391,12427,15,14833,10,150,36475,89,36724,10,2541,48902,104,51557,40583,58,40641,92198
2003,UGN,0,2670,13254,282,16206,0,142,19517,427,20086,0,2812,32771,709,36292,42896,313,43209,79501
2003,VBG,3,0,49,361,413,25,721,341,349,1436,28,721,390,710,1849,13,2223,2236,4085
2003,VCV,1288,0,5066,2006,8360,449,0,4656,1076,6181,1737,0,9722,3082,14541,31241,4364,35605,50146
2003,VGT,0,4676,7056,21,11753,0,43155,63256,337,106748,0,47831,70312,358,118501,108764,37,108801,227302
2003,VLD,1054,1591,5824,7350,15819,93,75,14414,2700,17282,1147,1666,20238,10050,33101,16146,16936,33082,66183
2003,VNY,0,11395,50934,199,62528,0,2536,248504,230,251270,0,13931,299438,429,313798,146778,110,146888,460686
2003,VQQ,5,73,3560,2203,5841,24,517,9799,8691,19031,29,590,13359,10894,24872,16643,44995,61638,86510
2003,VRB,1,3472,26892,48,30413,0,221,58407,78,58706,1,3693,85299,126,89119,81421,10,81431,170550
2003,WDG,0,3434,2869,8195,14498,0,11,10515,11204,21730,0,3445,13384,19399,36228,11881,13166,25047,61275
2003,WHP,0,0,2413,0,2413,0,39,52150,115,52304,0,39,54563,115,54717,44889,2,44891,99608
2003,WJF,0,277,2176,215,2668,0,1180,36296,513,37989,0,1457,38472,728,40657,42241,609,42850,83507
2003,XNA,8564,21861,4245,2072,36742,14,377,2476,159,3026,8578,22238,6721,2231,39768,627,3864,4491,44259
2003,YIP,4920,17315,20873,57,43165,1,63,26038,12,26114,4921,17378,46911,69,69279,44881,53,44934,114213
2003,YKM,39,9631,5699,448,15817,12,1910,13073,390,15385,51,11541,18772,838,31202,15148,583,15731,46933
2003,YNG,109,1112,15061,5597,21879,190,543,10269,2555,13557,299,1655,25330,8152,35436,23668,16307,39975,75411
2004,ABE,17751,18317,29809,2098,67975,3119,741,26815,177,30852,20870,19058,56624,2275,98827,32851,1420,34271,133098
2004,ABI,91,9976,7907,7458,25432,169,1878,10727,1269,14043,260,11854,18634,8727,39475,15773,18359,34132,73607
2004,ABQ,72479,37992,14277,6426,131174,1887,11868,27076,14627,55458,74366,49860,41353,21053,186632,3343,7682,11025,197657
2004,ABY,63,4883,6383,1541,12870,61,572,12587,2135,15355,124,5455,18970,3676,28225,18687,10045,28732,56957
2004,ACK,1,35716,14034,149,49900,9,67929,25202,286,93426,10,103645,39236,435,143326,837,213,1050,144376
2004,ACT,104,6365,9965,1664,18098,139,3303,14059,1471,18972,243,9668,24024,3135,37070,6141,1845,7986,45056
2004,ACY,11102,7232,17601,12964,48899,3145,2123,11920,4379,21567,14247,9355,29521,17343,70466,21871,27518,49389,119855
2004,ADM,0,18,2155,584,2757,0,32,4718,890,5640,0,50,6873,1474,8397,17359,6418,23777,32174
2004,ADQ,1572,3491,355,1159,6577,368,9540,1212,1917,13037,1940,13031,1567,3076,19614,1024,12317,13341,32955
2004,ADS,222,12363,38621,28,51234,28,618,64929,35,65610,250,12981,103550,63,116844,16908,4,16912,133756
2004,ADW,117,23,437,34623,35200,88,10,2898,9997,12993,205,33,3335,44620,48193,830,32062,32892,81085
2004,AEX,1776,8625,5295,3009,18705,237,360,239,410,1246,2013,8985,5534,3419,19951,22531,8551,31082,51033
2004,AFW,5999,3046,8321,7661,25027,153,1103,16190,911,18357,6152,4149,24511,8572,43384,39004,10578,49582,92966
2004,AGC,0,11109,21619,151,32879,1,9723,25746,502,35972,1,20832,47365,653,68851,22581,342,22923,91774
2004,AGS,4429,8337,12828,1488,27082,569,774,4683,918,6944,4998,9111,17511,2406,34026,6063,1715,7778,41804
2004,AHN,1,1415,12765,452,14633,13,386,19318,811,20528,14,1801,32083,1263,35161,32998,1018,34016,69177
2004,AKN,1144,5386,723,433,7686,418,13465,4675,343,18901,1562,18851,5398,776,26587,1131,930,2061,28648
2004,ALB,27484,66648,11646,1412,107190,0,969,14329,1539,16837,27484,67617,25975,2951,124027,9201,1699,10900,134927
2004,ALN,0,420,10970,163,11553,23,1109,19152,277,20561,23,1529,30122,440,32114,35300,952,36252,68366
2004,ALO,902,4005,8703,312,13922,127,477,8828,1915,11347,1029,4482,17531,2227,25269,10235,1003,11238,36507
2004,ALW,1,2834,2494,0,5329,25,869,12987,87,13968,26,3703,15481,87,19297,17962,40,18002,37299
2004,AMA,9174,12134,12120,15465,48893,235,839,9896,11777,22747,9409,12973,22016,27242,71640,4390,34953,39343,110983
2004,ANC,127382,55030,13973,2188,198573,213,29428,70552,3746,103939,127595,84458,84525,5934,302512,6946,2,6948,309460
2004,ANE,0,2904,9608,3,12515,0,752,44342,358,45452,0,3656,53950,361,57967,51610,276,51886,109853
2004,APA,0,31116,42798,838,74752,0,20772,92044,1206,114022,0,51888,134842,2044,188774,166040,2095,168135,356909
2004,APC,2,2903,11324,45,14274,0,718,41856,280,42854,2,3621,53180,325,57128,55299,212,55511,112639
2004,APF,0,10476,31000,19,41495,0,896,58103,156,59155,0,11372,89103,175,100650,36934,20,36954,137604
2004,ARA,44,859,1518,3638,6059,51,13793,7491,1621,22956,95,14652,9009,5259,29015,37293,2394,39687,68702
2004,ARB,0,256,4135,0,4391,0,1585,20718,73,22376,0,1841,24853,73,26767,38749,0,38749,65516
2004,ARR,0,341,8771,122,9234,0,203,43873,161,44237,0,544,52644,283,53471,59202,63,59265,112736
2004,ASE,4743,11515,16704,5,32967,481,931,8319,66,9797,5224,12446,25023,71,42764,1205,22,1227,43991
2004,ASG,0,1874,8589,3,10466,0,1728,18720,55,20503,0,3602,27309,58,30969,25696,16,25712,56681
2004,ASH,0,284,9013,2,9299,0,160,48611,52,48823,0,444,57624,54,58122,65129,72,65201,123323
2004,ATL,0,0,0,0,0,697966,254127,11187,1513,964793,697966,254127,11187,1513,964793,0,0,0,964793
2004,ATW,4952,16842,8893,11,30698,247,727,11121,61,12156,5199,17569,20014,72,42854,7696,36,7732,50586
2004,AUS,89560,26328,40314,6788,162990,3326,3236,39454,2620,48636,92886,29564,79768,9408,211626,5148,5076,10224,221850
2004,AVL,3679,17542,18539,1297,41057,268,1476,11526,850,14120,3947,19018,30065,2147,55177,14138,1909,16047,71224
2004,AVP,10016,11936,10505,739,33196,21,482,14634,271,15408,10037,12418,25139,1010,48604,39032,577,39609,88213
2004,AZO,2227,13999,14741,23,30990,267,1736,22033,140,24176,2494,15735,36774,163,55166,46207,0,46207,101373
2004,BAF,0,507,3735,1195,5437,0,224,19285,4281,23790,0,731,23020,5476,29227,27173,3976,31149,60376
2004,BAK,141,836,5031,142,6150,138,224,17353,1210,18925,279,1060,22384,1352,25075,9576,632,10208,35283
2004,BCT,0,8027,14377,1,22405,0,1075,23183,72,24330,0,9102,37560,73,46735,40916,415,41331,88066
2004,BDL,63674,40976,16424,1865,122939,2174,1963,9680,1378,15195,65848,42939,26104,3243,138134,5891,845,6736,144870
2004,BDR,0,2082,8395,193,10670,0,437,25070,546,26053,0,2519,33465,739,36723,43104,314,43418,80141
2004,BED,407,20138,36636,771,57952,3,3520,58105,373,62001,410,23658,94741,1144,119953,60678,51,60729,180682
2004,BET,2900,7681,254,65,10900,738,82195,5142,198,88273,3638,89876,5396,263,99173,2253,84,2337,101510
2004,BFI,9479,33886,34295,631,78291,925,25108,101570,786,128389,10404,58994,135865,1417,206680,92116,263,92379,299059
2004,BFL,368,16242,16320,281,33211,149,11714,31445,518,43826,517,27956,47765,799,77037,53962,251,54213,131250
2004,BFM,1737,3681,7886,3728,17032,317,1636,14414,9571,25938,2054,5317,22300,13299,42970,6846,34636,41482,84452
2004,BGM,4,15749,6612,997,23362,0,22,4395,63,4480,4,15771,11007,1060,27842,5514,690,6204,34046
2004,BGR,3314,19486,10036,8835,41671,743,1427,7894,2407,12471,4057,20913,17930,11242,54142,11954,18434,30388,84530
2004,BHM,32574,41779,45732,4159,124244,1660,1376,14496,1110,18642,34234,43155,60228,5269,142886,5520,2590,8110,150996
2004,BIL,14218,29740,12265,142,56365,1010,5505,18948,319,25782,15228,35245,31213,461,82147,17835,303,18138,100285
2004,BIS,3070,10904,10573,1064,25611,1,1002,11784,1823,14610,3071,11906,22357,2887,40221,12735,2208,14943,55164
2004,BJC,0,3765,22626,115,26506,14,954,61081,342,62391,14,4719,83707,457,88897,98250,855,99105,188002
2004,BKL,44,9583,13481,164,23272,53,10483,24053,369,34958,97,20066,37534,533,58230,25399,346,25745,83975
2004,BLI,311,7644,5751,187,13893,88,8195,37002,904,46189,399,15839,42753,1091,60082,21145,394,21539,81621
2004,BMG,16,430,7177,34,7657,24,192,12114,103,12433,40,622,19291,137,20090,12008,59,12067,32157
2004,BMI,2389,9965,6445,17,18816,166,493,8832,127,9618,2555,10458,15277,144,28434,12036,100,12136,40570
2004,BNA,112285,56874,42044,3211,214414,3852,2335,11756,1183,19126,116137,59209,53800,4394,233540,3206,48,3254,236794
2004,BOI,38995,23167,20859,5348,88369,112,3757,37072,2138,43079,39107,26924,57931,7486,131448,29574,4988,34562,166010
2004,BOS,197695,147335,15671,238,360939,22091,23794,14996,540,61421,219786,171129,30667,778,422360,97,3,100,422460
2004,BPT,34,5539,10798,3852,20223,7,746,9228,779,10760,41,6285,20026,4631,30983,34201,253,34454,65437
2004,BRO,349,4429,6757,5440,16975,35,248,10308,622,11213,384,4677,17065,6062,28188,5005,1717,6722,34910
2004,BTL,13,596,17510,1982,20101,30,304,29607,2181,32122,43,900,47117,4163,52223,38790,876,39666,91889
2004,BTR,3679,15418,24916,1174,45187,636,2488,20337,648,24109,4315,17906,45253,1822,69296,26416,836,27252,96548
2004,BTV,5412,34632,10174,3917,54135,269,1396,16631,2603,20899,5681,36028,26805,6520,75034,27884,5885,33769,108803
2004,BUF,52342,48525,24013,2165,127045,8,199,3063,164,3434,52350,48724,27076,2329,130479,11580,1497,13077,143556
2004,BUR,54474,22501,34689,94,111758,1826,9010,33518,215,44569,56300,31511,68207,309,156327,24076,13,24089,180416
2004,BVY,0,502,4613,2,5117,0,229,29568,439,30236,0,731,34181,441,35353,38598,24,38622,73975
2004,BWI,218262,51917,23605,886,294670,0,24,9185,98,9307,218262,51941,32790,984,303977,5090,179,5269,309246
2004,BZN,5837,10147,4202,29,20215,277,912,18831,209,20229,6114,11059,23033,238,40444,26185,4,26189,66633
2004,CAE,9102,51701,17927,1668,80398,1288,1906,12743,727,16664,10390,53607,30670,2395,97062,15120,2197,17317,114379
2004,CAK,12202,22105,34559,5114,73980,893,2384,23829,2281,29387,13095,24489,58388,7395,103367,15098,899,15997,119364
2004,CCR,0,1294,9641,2,10937,0,2673,55403,209,58285,0,3967,65044,211,69222,58991,170,59161,128383
2004,CDW,0,41,7668,4,7713,0,19,60780,122,60921,0,60,68448,126,68634,39892,2,39894,108528
2004,CGF,0,7079,12303,0,19382,0,2892,19720,60,22672,0,9971,32023,60,42054,17850,0,17850,59904
2004,CHA,4875,16882,26497,5770,54024,380,967,13221,2294,16862,5255,17849,39718,8064,70886,15710,6753,22463,93349
2004,CHD,0,172,1405,0,1577,0,2358,60221,41,62620,0,2530,61626,41,64197,168850,32,168882,233079
2004,CHO,35,21708,11866,1211,34820,0,156,18865,589,19610,35,21864,30731,1800,54430,15638,1842,17480,71910
2004,CHS,9489,40741,20687,17163,88080,504,1739,9213,970,12426,9993,42480,29900,18133,100506,4243,18807,23050,123556
2004,CIC,0,2129,2036,117,4282,2,3461,25043,392,28898,2,5590,27079,509,33180,8191,760,8951,42131
2004,CID,8858,26170,13083,99,48210,12,226,12195,39,12472,8870,26396,25278,138,60682,8418,84,8502,69184
2004,CKB,116,3259,5260,2006,10641,25,251,12929,3020,16225,141,3510,18189,5026,26866,18682,9207,27889,54755
2004,CLE,75727,164400,11775,145,252047,4799,4202,2725,272,11998,80526,168602,14500,417,264045,183,5,188,264233
2004,CLL,43,6470,7290,4808,18611,14,288,16977,4541,21820,57,6758,24267,9349,40431,12483,7437,19920,60351
2004,CLT,209867,210896,27724,1429,449916,3933,3087,10258,448,17726,213800,213983,37982,1877,467642,31,3,34,467676
2004,CMA,0,1453,15836,15,17304,0,914,75667,161,76742,0,2367,91503,176,94046,68827,16,68843,162889
2004,CMH,43160,115513,27495,594,186762,2791,3495,32170,724,39180,45951,119008,59665,1318,225942,4123,30,4153,230095
2004,CMI,50,11108,20913,37,32108,55,1078,19725,115,20973,105,12186,40638,152,53081,72504,51,72555,125636
2004,CNO,0,85,21214,20,21319,0,250,52942,86,53278,0,335,74156,106,74597,87584,21,87605,162202
2004,CNW,99,21,2886,3708,6714,34,863,12418,1283,14598,133,884,15304,4991,21312,28749,12737,41486,62798
2004,COS,17850,28785,15999,10633,73267,629,1896,30432,7506,40463,18479,30681,46431,18139,113730,45797,15775,61572,175302
2004,COU,73,3081,7649,121,10924,104,594,12084,521,13303,177,3675,19733,642,24227,7962,759,8721,32948
2004,CPR,639,13459,6538,115,20751,129,1413,7913,226,9681,768,14872,14451,341,30432,6875,230,7105,37537
2004,CPS,0,7827,15088,137,23052,0,1240,44562,211,46013,0,9067,59650,348,69065,100911,36,100947,170012
2004,CRE,0,525,13335,249,14109,0,478,25168,668,26314,0,1003,38503,917,40423,17560,104,17664,58087
2004,CRG,0,5383,24915,38,30336,0,1235,61229,11961,74425,0,6618,86144,11999,104761,68913,440,69353,174114
2004,CRP,4330,15200,12661,10457,42648,171,1494,12503,163,14331,4501,16694,25164,10620,56979,6068,58685,64753,121732
2004,CRQ,0,10703,45632,343,56678,2,3748,78610,1133,83493,2,14451,124242,1476,140171,67663,59,67722,207893
2004,CRW,42,36282,13469,2717,52510,6,5331,11221,732,17290,48,41613,24690,3449,69800,12086,2436,14522,84322
2004,CSG,2664,292,12026,177,15159,569,255,12835,541,14200,3233,547,24861,718,29359,15976,418,16394,45753
2004,CVG,174225,325373,7112,50,506760,3307,3820,1863,101,9091,177532,329193,8975,151,515851,0,0,0,515851
2004,CWA,33,16503,2213,83,18832,48,757,5258,199,6262,81,17260,7471,282,25094,4094,500,4594,29688
2004,CWF,649,1557,4680,13314,20200,107,1196,29350,4253,34906,756,2753,34030,17567,55106,2474,15539,18013,73119
2004,CXY,0,710,8834,459,10003,0,40,19904,626,20570,0,750,28738,1085,30573,25882,1398,27280,57853
2004,CYS,0,745,1177,643,2565,43,6871,13410,2191,22515,43,7616,14587,2834,25080,16423,12978,29401,54481
2004,DAB,4797,4199,56169,550,65715,507,950,171107,497,173061,5304,5149,227276,1047,238776,59170,9,59179,297955
2004,DAL,84049,40368,69215,995,194627,1048,3531,49072,1013,54664,85097,43899,118287,2008,249291,0,0,0,249291
2004,DAY,26918,55066,20948,767,103699,1848,4345,7345,542,14080,28766,59411,28293,1309,117779,6529,16,6545,124324
2004,DBQ,14,3258,6365,33,9670,14,371,22221,91,22697,28,3629,28586,124,32367,22937,12,22949,55316
2004,DCA,153805,113209,2485,245,269744,417,338,961,20,1736,154222,113547,3446,265,271480,0,0,0,271480
2004,DEC,7,2367,5832,261,8467,7,410,13468,691,14576,14,2777,19300,952,23043,19461,426,19887,42930
2004,DEN,328650,221728,6740,482,557600,2009,3242,3190,467,8908,330659,224970,9930,949,566508,5,1,6,566514
2004,DET,104,4935,11991,25,17055,119,823,29089,1529,31560,223,5758,41080,1554,48615,33902,16,33918,82533
2004,DFW,515835,276517,6222,86,798660,1150,837,314,67,2368,516985,277354,6536,153,801028,13255,211,13466,814494
2004,DHN,2911,1720,11862,10332,26825,482,352,12034,10141,23009,3393,2072,23896,20473,49834,18351,22642,40993,90827
2004,DLH,5178,5408,13353,2607,26546,108,402,21307,712,22529,5286,5810,34660,3319,49075,19073,2983,22056,71131
2004,DPA,25,4087,29208,4,33324,62,2069,72853,152,75136,87,6156,102061,156,108460,89408,0,89408,197868
2004,DSM,25806,35185,26663,1913,89567,1465,2583,11026,774,15848,27271,37768,37689,2687,105415,5103,2493,7596,113011
2004,DTN,0,70,4351,57,4478,0,306,16012,1310,17628,0,376,20363,1367,22106,26128,7182,33310,55416
2004,DTO,0,371,2549,1,2921,0,195,19626,13,19834,0,566,22175,14,22755,34855,2,34857,57612
2004,DTW,297856,157599,11694,52,467201,33773,18095,2741,98,54707,331629,175694,14435,150,521908,733,0,733,522641
2004,DVT,0,689,6238,2,6929,0,3390,131312,42,134744,0,4079,137550,44,141673,198759,5,198764,340437
2004,DWH,0,822,12066,1142,14030,0,1502,67853,732,70087,0,2324,79919,1874,84117,128065,570,128635,212752
2004,DXR,0,34,4726,0,4760,0,75,37978,23,38076,0,109,42704,23,42836,41390,12,41402,84238
2004,EGE,4256,5890,10719,72,20937,525,605,6831,2428,10389,4781,6495,17550,2500,31326,4714,2552,7266,38592
2004,EKO,880,6263,1363,6,8512,118,1947,7134,112,9311,998,8210,8497,118,17823,8678,0,8678,26501
2004,ELM,10,13061,8714,145,21930,0,21,8117,46,8184,10,13082,16831,191,30114,16282,286,16568,46682
2004,ELP,44263,18489,14838,4123,81713,344,2915,21033,1407,25699,44607,21404,35871,5530,107412,6808,2131,8939,116351
2004,EMT,0,1241,4496,1,5738,22,1085,73879,116,75102,22,2326,78375,117,80840,74033,27,74060,154900
2004,ENA,364,5446,988,228,7026,619,11965,10058,394,23036,983,17411,11046,622,30062,16776,6520,23296,53358
2004,ENW,0,2301,7743,3,10047,6,1047,37906,129,39088,6,3348,45649,132,49135,32146,24,32170,81305
2004,ERI,74,16747,8521,309,25651,0,161,12514,116,12791,74,16908,21035,425,38442,15383,331,15714,54156
2004,EUG,3928,22185,11597,298,38008,453,1509,22509,372,24843,4381,23694,34106,670,62851,28154,425,28579,91430
2004,EVB,0,2,1753,0,1755,0,1,5933,4,5938,0,3,7686,4,7693,11149,0,11149,18842
2004,EVV,615,21755,14398,155,36923,114,1284,13148,316,14862,729,23039,27546,471,51785,21860,310,22170,73955
2004,EWB,0,3246,11320,54,14620,0,7784,26635,248,34667,0,11030,37955,302,49287,42017,484,42501,91788
2004,EWN,0,7221,5788,524,13533,6,573,13036,801,14416,6,7794,18824,1325,27949,15222,512,15734,43683
2004,EWR,272172,154384,10905,75,437536,28,111,2546,90,2775,272200,154495,13451,165,440311,126,0,126,440437
2004,EYW,4434,24970,15538,96,45038,614,3953,20819,247,25633,5048,28923,36357,343,70671,9295,6872,16167,86838
2004,FAI,14164,22383,6042,966,43555,1574,20776,21311,951,44612,15738,43159,27353,1917,88167,33952,76,34028,122195
2004,FAR,5519,12145,12371,1745,31780,542,1350,14225,932,17049,6061,13495,26596,2677,48829,20262,1098,21360,70189
2004,FAT,8733,32783,17461,4428,63405,375,6551,59329,4726,70981,9108,39334,76790,9154,134386,19980,724,20704,155090
2004,FAY,484,8181,8801,2031,19497,151,730,8484,1237,10602,635,8911,17285,3268,30099,12786,4062,16848,46947
2004,FCA,2943,11218,5057,38,19256,286,2476,17957,211,20930,3229,13694,23014,249,40186,22345,406,22751,62937
2004,FCM,0,768,22531,24,23323,282,3223,55592,289,59386,282,3991,78123,313,82709,76782,157,76939,159648
2004,FFZ,33,546,4596,50,5225,86,8852,121615,3793,134346,119,9398,126211,3843,139571,122102,336,122438,262009
2004,FLG,4,4586,2397,63,7050,2,4342,23268,362,27974,6,8928,25665,425,35024,14756,474,15230,50254
2004,FLL,171472,51274,38536,250,261532,2068,17221,34032,379,53700,173540,68495,72568,629,315232,98,6,104,315336
2004,FLO,0,4874,8467,622,13963,0,346,9691,831,10868,0,5220,18158,1453,24831,6207,506,6713,31544
2004,FMN,4,10658,3565,37,14264,0,2655,19412,142,22209,4,13313,22977,179,36473,68537,175,68712,105185
2004,FMY,0,2116,15334,30,17480,0,926,34597,210,35733,0,3042,49931,240,53213,27250,51,27301,80514
2004,FNT,12108,16200,22571,84,50963,804,1127,4474,97,6502,12912,17327,27045,181,57465,66289,161,66450,123915
2004,FOE,80,516,3149,6095,9840,101,305,7718,5900,14024,181,821,10867,11995,23864,5288,15588,20876,44740
2004,FPR,0,652,27786,14,28452,0,402,74391,65,74858,0,1054,102177,79,103310,82345,99,82444,185754
2004,FRG,173,6800,22123,169,29265,7,660,77267,248,78182,180,7460,99390,417,107447,97189,17,97206,204653
2004,FSD,7621,27040,17166,2703,54530,412,1298,13150,989,15849,8033,28338,30316,3692,70379,19528,3018,22546,92925
2004,FSM,151,6744,11177,13777,31849,41,401,9439,5026,14907,192,7145,20616,18803,46756,6183,14369,20552,67308
2004,FTW,253,3109,25217,286,28865,73,3735,43177,265,47250,326,6844,68394,551,76115,51091,466,51557,127672
2004,FTY,0,14065,36990,437,51492,4,2355,30974,342,33675,4,16420,67964,779,85167,41199,74,41273,126440
2004,FUL,0,0,6147,0,6147,0,0,40139,5,40144,0,0,46286,5,46291,30811,34,30845,77136
2004,FWA,7990,28720,16033,1699,54442,1736,2181,7895,561,12373,9726,30901,23928,2260,66815,14918,1383,16301,83116
2004,FXE,0,10336,48927,13,59276,0,3348,101289,37,104674,0,13684,150216,50,163950,48184,112,48296,212246
2004,FYV,36,484,4594,19,5133,2,113,14634,93,14842,38,597,19228,112,19975,24552,602,25154,45129
2004,GCK,5,5105,3256,367,8733,28,554,7987,563,9132,33,5659,11243,930,17865,3493,1359,4852,22717
2004,GCN,21,2578,858,96,3553,14,105871,4085,288,110258,35,108449,4943,384,113811,2371,236,2607,116418
2004,GEG,39523,20633,6785,241,67182,2607,2822,13053,400,18882,42130,23455,19838,641,86064,12357,613,12970,99034
2004,GEU,0,151,1031,8,1190,0,1515,42041,216,43772,0,1666,43072,224,44962,73080,98,73178,118140
2004,GFK,4290,13113,23108,65,40576,546,12867,48912,224,62549,4836,25980,72020,289,103125,163124,17,163141,266266
2004,GGG,21,2384,12052,1752,16209,13,111,16204,478,16806,34,2495,28256,2230,33015,47419,4665,52084,85099
2004,GJT,726,17188,7877,909,26700,177,2815,25742,705,29439,903,20003,33619,1614,56139,25571,2772,28343,84482
2004,GLH,9,1512,2591,1676,5788,21,311,6277,352,6961,30,1823,8868,2028,12749,3429,18494,21923,34672
2004,GMU,0,10686,6768,32,17486,34,5091,28734,364,34223,34,15777,35502,396,51709,24790,141,24931,76640
2004,GNV,2648,5861,12452,1410,22371,238,438,26689,1668,29033,2886,6299,39141,3078,51404,26653,4774,31427,82831
2004,GON,0,1851,7751,627,10229,1,1011,22467,1671,25150,1,2862,30218,2298,35379,29084,1693,30777,66156
2004,GPM,0,4,1191,52,1247,0,11,25981,109,26101,0,15,27172,161,27348,37739,42,37781,65129
2004,GPT,7593,5736,12582,13341,39252,677,868,14799,3149,19493,8270,6604,27381,16490,58745,40805,15127,55932,114677
2004,GRB,6253,18634,15415,103,40405,581,816,15170,123,16690,6834,19450,30585,226,57095,38490,15,38505,95600
2004,GRI,17,4786,3424,102,8329,17,565,5809,800,7191,34,5351,9233,902,15520,3076,630,3706,19226
2004,GRR,18595,35981,26167,890,81633,1254,1804,14583,854,18495,19849,37785,40750,1744,100128,14691,1767,16458,116586
2004,GSN,6541,5621,158,65,12385,224,21582,7497,593,29896,6765,27203,7655,658,42281,1054,104,1158,43439
2004,GSO,20388,53612,27102,401,101503,858,2145,14680,343,18026,21246,55757,41782,744,119529,8490,480,8970,128499
2004,GSP,7154,44604,8068,695,60521,365,1415,3036,401,5217,7519,46019,11104,1096,65738,756,432,1188,66926
2004,GTF,11634,10176,4408,4759,30977,120,579,8773,2188,11660,11754,10755,13181,6947,42637,9087,2944,12031,54668
2004,GTR,26,2530,1823,5844,10223,7,373,6615,3194,10189,33,2903,8438,9038,20412,11570,7606,19176,39588
2004,GUM,18299,6525,513,742,26079,470,330,5057,5173,11030,18769,6855,5570,5915,37109,15630,5333,20963,58072
2004,GYH,0,253,593,214,1060,0,280,2016,191,2487,0,533,2609,405,3547,2447,85,2532,6079
2004,GYR,265,97,1746,25,2133,151,3343,55960,2591,62045,416,3440,57706,2616,64178,40389,904,41293,105471
2004,GYY,1082,704,7862,55,9703,264,552,13239,699,14754,1346,1256,21101,754,24457,21188,1012,22200,46657
2004,HEF,0,3994,18292,72,22358,0,2251,74579,241,77071,0,6245,92871,313,99429,36531,150,36681,136110
2004,HFD,0,2310,5062,15,7387,0,1353,48767,222,50342,0,3663,53829,237,57729,43634,88,43722,101451
2004,HGR,0,2260,5641,668,8569,0,868,23198,2055,26121,0,3128,28839,2723,34690,11508,2076,13584,48274
2004,HHR,0,483,6568,6,7057,1,1059,36621,570,38251,1,1542,43189,576,45308,31890,66,31956,77264
2004,HIO,0,5062,13579,35,18676,0,3225,58865,799,62889,0,8287,72444,834,81565,111250,18,111268,192833
2004,HKS,0,3715,7729,341,11785,0,715,13578,1852,16145,0,4430,21307,2193,27930,30501,1566,32067,59997
2004,HKY,0,484,8856,30,9370,3,238,14995,363,15599,3,722,23851,393,24969,9659,89,9748,34717
2004,HLG,2,802,2135,441,3380,0,367,11663,3160,15190,2,1169,13798,3601,18570,15615,9115,24730,43300
2004,HLN,1901,12001,3143,628,17673,228,2000,14776,2284,19288,2129,14001,17919,2912,36961,15177,2690,17867,54828
2004,HND,0,0,2346,0,2346,0,11050,29961,210,41221,0,11050,32307,210,43567,43269,22,43291,86858
2004,HNL,172192,28794,15396,13557,229939,2711,28883,51043,3268,85905,174903,57677,66439,16825,315844,4155,276,4431,320275
2004,HOB,0,2397,1399,74,3870,0,605,5451,126,6182,0,3002,6850,200,10052,5224,344,5568,15620
2004,HOU,109870,29426,60327,119,199742,1065,16700,25792,166,43723,110935,46126,86119,285,243465,1631,6,1637,245102
2004,HPN,5888,66932,62711,95,135626,21,189,41164,2,41376,5909,67121,103875,97,177002,16774,6,16780,193782
2004,HRL,10803,4077,3710,4603,23193,310,174,7839,480,8803,11113,4251,11549,5083,31996,3308,8468,11776,43772
2004,HSV,6284,30410,14739,5996,57429,560,1280,8594,1794,12228,6844,31690,23333,7790,69657,19212,16148,35360,105017
2004,HTS,1880,8471,6557,337,17245,23,121,7175,235,7554,1903,8592,13732,572,24799,16103,127,16230,41029
2004,HUF,38,1132,13588,2722,17480,58,519,22022,1796,24395,96,1651,35610,4518,41875,42640,2491,45131,87006
2004,HUM,0,1841,3485,143,5469,0,43475,15710,530,59715,0,45316,19195,673,65184,9269,484,9753,74937
2004,HUT,2,308,5555,1721,7586,8,1137,17628,898,19671,10,1445,23183,2619,27257,22371,5082,27453,54710
2004,HVN,0,4100,5449,14,9563,2,399,17303,178,17882,2,4499,22752,192,27445,36129,800,36929,64374
2004,HWD,0,728,7977,1,8706,0,472,58498,112,59082,0,1200,66475,113,67788,67681,71,67752,135540
2004,HWO,0,0,2608,0,2608,0,19,52833,62,52914,0,19,55441,62,55522,84770,68,84838,140360
2004,HXD,0,5395,11079,9,16483,0,451,7618,206,8275,0,5846,18697,215,24758,1623,107,1730,26488
2004,HYA,0,23084,7207,11,30302,0,60134,19161,65,79360,0,83218,26368,76,109662,8794,431,9225,118887
2004,IAD,130936,291652,74406,1585,498579,1092,2275,283,27,3677,132028,293927,74689,1612,502256,230,33,263,502519
2004,IAG,495,934,3926,3278,8633,6,111,9913,656,10686,501,1045,13839,3934,19319,14313,7365,21678,40997
2004,IAH,273655,226362,14153,144,514314,880,1380,4448,76,6784,274535,227742,18601,220,521098,0,0,0,521098
2004,ICT,16093,39659,48714,4855,109321,681,3913,33210,1107,38911,16774,43572,81924,5962,148232,24219,5980,30199,178431
2004,IDA,559,9605,2354,18,12536,126,3335,17845,192,21498,685,12940,20199,210,34034,13315,46,13361,47395
2004,IFP,1076,211,937,14,2238,392,2694,19675,217,22978,1468,2905,20612,231,25216,7394,145,7539,32755
2004,ILG,131,3144,22323,1814,27412,1,504,21694,774,22973,132,3648,44017,2588,50385,58370,6240,64610,114995
2004,ILM,5486,13137,20500,2716,41839,539,1545,18374,1723,22181,6025,14682,38874,4439,64020,14559,3585,18144,82164
2004,IND,78391,95042,27968,1085,202486,2246,2458,4994,363,10061,80637,97500,32962,1448,212547,18,0,18,212565
2004,INT,567,2194,14471,19,17251,184,592,19285,188,20249,751,2786,33756,207,37500,19043,89,19132,56632
2004,IPT,0,6014,3774,63,9851,0,223,9252,127,9602,0,6237,13026,190,19453,8770,28,8798,28251
2004,ISM,11,1493,15818,6,17328,4,395,49003,51,49453,15,1888,64821,57,66781,62337,8,62345,129126
2004,ISO,48,1950,4381,2621,9000,77,353,10187,1643,12260,125,2303,14568,4264,21260,7133,4032,11165,32425
2004,ISP,25037,8537,22516,330,56420,0,96,49078,1292,50466,25037,8633,71594,1622,106886,68229,1083,69312,176198
2004,ITH,2,9218,5293,26,14539,0,101,6832,49,6982,2,9319,12125,75,21521,31256,168,31424,52945
2004,ITO,13673,5275,1049,1835,21832,736,49800,11771,2175,64482,14409,55075,12820,4010,86314,18856,4745,23601,109915
2004,IWA,818,1293,3787,3495,9393,164,5388,67673,2620,75845,982,6681,71460,6115,85238,149492,5756,155248,240486
2004,IXD,6,1180,8921,168,10275,7,318,18194,893,19412,13,1498,27115,1061,29687,23306,602,23908,53595
2004,JAC,2528,9831,6926,57,19342,296,1728,6803,125,8952,2824,11559,13729,182,28294,3489,10,3499,31793
2004,JAN,12640,17405,13142,5989,49176,831,1022,4222,1437,7512,13471,18427,17364,7426,56688,2519,20867,23386,80074
2004,JAX,45464,40107,16659,4574,106804,2142,1480,3940,1451,9013,47606,41587,20599,6025,115817,1456,4443,5899,121716
2004,JEF,0,426,5976,422,6824,0,184,10969,1627,12780,0,610,16945,2049,19604,8619,1943,10562,30166
2004,JFK,287133,37385,4413,223,329154,50,1294,2217,101,3662,287183,38679,6630,324,332816,0,0,0,332816
2004,JLN,9,2410,5028,21,7468,19,242,12845,71,13177,28,2652,17873,92,20645,13194,14,13208,33853
2004,JNU,8902,1494,918,163,11477,543,96546,12883,530,110502,9445,98040,13801,693,121979,8155,378,8533,130512
2004,JQF,0,7036,17569,10,24615,0,1253,22445,199,23897,0,8289,40014,209,48512,13663,18,13681,62193
2004,JRF,39,35,496,518,1088,142,211,10698,1370,12421,181,246,11194,1888,13509,48875,5466,54341,67850
2004,JVL,206,3513,4128,20,7867,90,1232,29242,259,30823,296,4745,33370,279,38690,29285,776,30061,68751
2004,JXN,0,254,8819,13,9086,1,304,24106,166,24577,1,558,32925,179,33663,19713,16,19729,53392
2004,KOA,21357,5103,2957,1906,31323,790,15800,17165,1164,34919,22147,20903,20122,3070,66242,60105,11571,71676,137918
2004,KWA,1084,3571,50,666,5371,150,1038,56,2075,3319,1234,4609,106,2741,8690,178,775,953,9643
2004,LAF,27,530,11603,22,12182,19,267,36595,64,36945,46,797,48198,86,49127,70940,14,70954,120081
2004,LAL,0,603,14190,662,15455,6,328,67099,696,68129,6,931,81289,1358,83584,41896,1925,43821,127405
2004,LAN,13952,17277,15377,1147,47753,105,246,16358,392,17101,14057,17523,31735,1539,64854,28461,2081,30542,95396
2004,LAS,337547,31889,50074,1729,421239,29413,104365,18837,501,153116,366960,136254,68911,2230,574355,0,0,0,574355
2004,LAW,32,2712,3807,36734,43285,39,542,5335,4978,10894,71,3254,9142,41712,54179,2971,1064,4035,58214
2004,LAX,456043,176099,10692,575,643409,2500,3224,3305,2349,11378,458543,179323,13997,2924,654787,0,0,0,654787
2004,LBB,11999,17956,14271,10029,54255,330,1362,7127,1514,10333,12329,19318,21398,11543,64588,12279,6658,18937,83525
2004,LBE,386,2269,8234,260,11149,17,25,17559,729,18330,403,2294,25793,989,29479,15710,1156,16866,46345
2004,LCH,12,4420,4740,4893,14065,19,3669,6232,623,10543,31,8089,10972,5516,24608,11447,5575,17022,41630
2004,LEB,0,3718,3974,15,7707,0,2702,18148,344,21194,0,6420,22122,359,28901,32312,376,32688,61589
2004,LEX,7062,29985,23192,491,60730,399,1751,19821,465,22436,7461,31736,43013,956,83166,7698,376,8074,91240
2004,LFT,447,14035,13227,503,28212,65,14796,17561,185,32607,512,28831,30788,688,60819,11581,595,12176,72995
2004,LGA,211278,182564,9587,508,403937,0,56,1592,13,1661,211278,182620,11179,521,405598,0,0,0,405598
2004,LGB,27008,4477,37172,321,68978,1086,2906,99761,475,104228,28094,7383,136933,796,173206,165961,9,165970,339176
2004,LIH,24097,2355,982,1625,29059,860,48164,4013,1177,54214,24957,50519,4995,2802,83273,18999,2214,21213,104486
2004,LIT,24738,34908,44489,8625,112760,786,986,26496,1926,30194,25524,35894,70985,10551,142954,10300,31744,42044,184998
2004,LMT,0,4984,3040,4018,12042,0,802,3399,1614,5815,0,5786,6439,5632,17857,19128,7059,26187,44044
2004,LNK,599,17083,17591,12556,47829,140,2200,15374,4993,22707,739,19283,32965,17549,70536,10538,6227,16765,87301
2004,LNS,0,2509,15719,686,18914,0,578,48344,639,49561,0,3087,64063,1325,68475,57300,2539,59839,128314
2004,LOU,0,1612,12679,145,14436,8,916,39193,638,40755,8,2528,51872,783,55191,58056,361,58417,113608
2004,LRD,3774,11215,14337,4984,34310,178,453,13074,1621,15326,3952,11668,27411,6605,49636,12292,11541,23833,73469
2004,LSE,1341,7469,5175,186,14171,137,780,12078,451,13446,1478,8249,17253,637,27617,15334,676,16010,43627
2004,LUK,8,15216,33054,141,48419,88,2957,26188,407,29640,96,18173,59242,548,78059,30673,172,30845,108904
2004,LVK,0,1374,11811,70,13255,0,376,69569,489,70434,0,1750,81380,559,83689,117990,206,118196,201885
2004,LWB,815,3190,5610,115,9730,22,38,7325,402,7787,837,3228,12935,517,17517,11813,3395,15208,32725
2004,LWM,0,82,5188,0,5270,0,94,22191,5,22290,0,176,27379,5,27560,46547,15,46562,74122
2004,LWS,80,7680,1648,14,9422,41,2303,16491,103,18938,121,9983,18139,117,28360,10007,46,10053,38413
2004,LYH,14,8931,8963,278,18186,0,91,16913,510,17514,14,9022,25876,788,35700,23762,298,24060,59760
2004,LZU,0,1596,16887,2,18485,0,1046,54451,15,55512,0,2642,71338,17,73997,34160,2,34162,108159
2004,MAF,9257,11256,14827,14886,50226,346,1008,10310,1669,13333,9603,12264,25137,16555,63559,4149,18401,22550,86109
2004,MBS,10672,4409,11229,57,26367,784,811,8953,157,10705,11456,5220,20182,214,37072,13732,121,13853,50925
2004,MCI,124816,31063,5937,434,162250,3720,1055,2538,276,7589,128536,32118,8475,710,169839,0,0,0,169839
2004,MCN,51,217,2587,154,3009,682,2176,17672,3203,23733,733,2393,20259,3357,26742,7835,454,8289,35031
2004,MCO,229380,66425,18591,288,314684,4490,1438,5610,188,11726,233870,67863,24201,476,326410,60,0,60,326470
2004,MDH,3,982,1703,5,2693,6,503,33064,93,33666,9,1485,34767,98,36359,71850,26,71876,108235
2004,MDT,11855,36674,9080,2581,60190,0,120,2816,109,3045,11855,36794,11896,2690,63235,2346,5830,8176,71411
2004,MDW,162999,85910,41732,229,290870,20086,11346,16867,261,48560,183085,97256,58599,490,339430,240,0,240,339670
2004,MEI,9,1759,5538,15590,22896,21,305,5636,2550,8512,30,2068,11174,18140,31412,5520,18531,24051,55488
2004,MEM,198548,126621,30755,1048,356972,13711,4184,5674,472,24041,212259,130805,36429,1520,381013,6,17,23,381036
2004,MFD,4,2994,10741,1418,15157,16,1182,10848,943,12989,20,4176,21589,2361,28146,5277,1586,6863,35009
2004,MFE,5697,3719,12821,5521,27758,265,230,20743,538,21776,5962,3949,33564,6059,49534,13186,248,13434,62968
2004,MFR,1602,20666,5227,75,27570,151,1426,16823,254,18654,1753,22092,22050,329,46224,12968,70,13038,59262
2004,MGM,3103,7951,17136,10208,38398,241,618,9278,3268,13405,3344,8569,26414,13476,51803,5965,14260,20225,72028
2004,MGW,2,4011,4683,617,9313,0,5953,13637,2232,21822,2,9964,18320,2849,31135,6002,976,6978,38113
2004,MHK,85,2481,4754,364,7684,33,248,10373,876,11530,118,2729,15127,1240,19214,11152,284,11436,30650
2004,MHR,4240,6549,9123,1906,21818,452,5268,28210,2604,36534,4692,11817,37333,4510,58352,16858,5375,22233,80585
2004,MHT,36439,29956,4078,250,70723,4724,4241,15165,375,24505,41163,34197,19243,625,95228,8460,107,8567,103795
2004,MIA,306807,57577,19504,1493,385381,1061,1111,5908,1701,9781,307868,58688,25412,3194,395162,437,202,639,395801
2004,MIC,0,6,4763,8,4777,0,29,31987,58,32074,0,35,36750,66,36851,37925,103,38028,74879
2004,MIE,2,303,5912,18,6235,4,182,16648,143,16977,6,485,22560,161,23212,8910,222,9132,32344
2004,MKC,2,12534,22493,191,35220,100,7558,34050,751,42459,102,20092,56543,942,77679,29931,104,30035,107714
2004,MKE,67385,116710,17159,2868,204122,8,844,6386,82,7320,67393,117554,23545,2950,211442,1187,26,1213,212655
2004,MKG,114,5490,11535,356,17495,119,878,17607,551,19155,233,6368,29142,907,36650,21278,1911,23189,59839
2004,MKK,342,7799,736,236,9113,82,16522,7568,483,24655,424,24321,8304,719,33768,2398,583,2981,36749
2004,MKL,0,1976,4595,587,7158,0,616,8708,1853,11177,0,2592,13303,2440,18335,13123,4936,18059,36394
2004,MLB,2756,1881,34640,204,39481,281,369,50070,200,50920,3037,2250,84710,404,90401,71108,42,71150,161551
2004,MLI,4145,21632,9897,358,36032,239,993,10546,360,12138,4384,22625,20443,718,48170,17094,284,17378,65548
2004,MLU,49,10569,11009,5381,27008,0,159,10323,1166,11648,49,10728,21332,6547,38656,11439,8626,20065,58721
2004,MMU,0,10226,26794,127,37147,0,373,106352,89,106814,0,10599,133146,216,143961,71141,4,71145,215106
2004,MOB,5452,9473,10289,17969,43183,673,1300,6624,8927,17524,6125,10773,16913,26896,60707,9829,33957,43786,104493
2004,MOD,0,3369,8409,102,11880,0,7313,30090,259,37662,0,10682,38499,361,49542,27468,88,27556,77098
2004,MOT,1380,4284,2293,129,8086,203,1885,7922,301,10311,1583,6169,10215,430,18397,15646,4422,20068,38465
2004,MQY,21,1860,13646,1369,16896,36,602,24606,1873,27117,57,2462,38252,3242,44013,34928,1239,36167,80180
2004,MRI,0,662,1027,0,1689,0,14215,76703,12,90930,0,14877,77730,12,92619,98895,2,98897,191516
2004,MRY,432,19047,23001,490,42970,97,1487,27727,457,29768,529,20534,50728,947,72738,5356,116,5472,78210
2004,MSN,12939,26612,23757,3003,66311,953,1417,24247,1909,28526,13892,28029,48004,4912,94837,33249,2298,35547,130384
2004,MSO,3528,13612,4483,40,21663,248,3940,16963,177,21328,3776,17552,21446,217,42991,13886,194,14080,57071
2004,MSP,348497,148547,28654,1732,527430,5511,2915,4328,517,13271,354008,151462,32982,2249,540701,26,0,26,540727
2004,MSY,104214,20762,12128,399,137503,1275,3062,5596,166,10099,105489,23824,17724,565,147602,0,0,0,147602
2004,MTN,0,2223,15817,4274,22314,0,1075,41666,2606,45347,0,3298,57483,6880,67661,31424,1128,32552,100213
2004,MVY,0,12233,8617,26,20876,0,11884,19924,141,31949,0,24117,28541,167,52825,1598,104,1702,54527
2004,MWA,7,4021,1007,10,5045,10,1392,8590,168,10160,17,5413,9597,178,15205,13576,61,13637,28842
2004,MWC,0,192,5328,0,5520,0,577,36069,15,36661,0,769,41397,15,42181,26882,69,26951,69132
2004,MWH,2612,3588,5399,7144,18743,7510,1280,15941,2671,27402,10122,4868,21340,9815,46145,33703,24055,57758,103903
2004,MYF,0,2756,32990,33,35779,0,1201,97180,249,98630,0,3957,130170,282,134409,95366,40,95406,229815
2004,MYR,13053,12793,9691,1407,36944,1248,5099,8151,810,15308,14301,17892,17842,2217,52252,4719,1494,6213,58465
2004,NEW,4,5469,24960,2129,32562,38,1217,28028,2557,31840,42,6686,52988,4686,64402,25631,2230,27861,92263
2004,NQA,32,10,2911,5574,8527,21,32,6140,1827,8020,53,42,9051,7401,16547,5218,26610,31828,48375
2004,OAK,165706,27300,28446,99,221551,3575,8766,50435,425,63201,169281,36066,78881,524,284752,55167,37,55204,339956
2004,OGD,5,109,2393,3,2510,0,104,38981,51,39136,5,213,41374,54,41646,66236,56,66292,107938
2004,OGG,48522,9340,2444,1976,62282,2180,71377,13448,1203,88208,50702,80717,15892,3179,150490,9732,573,10305,160795
2004,OJC,0,138,11334,24,11496,0,198,39087,237,39522,0,336,50421,261,51018,36477,109,36586,87604
2004,OKC,35821,29781,16132,11028,92762,745,1986,8238,1743,12712,36566,31767,24370,12771,105474,1788,5770,7558,113032
2004,OLM,0,1796,8257,113,10166,0,390,33952,882,35224,0,2186,42209,995,45390,48284,210,48494,93884
2004,OMA,40743,38166,28158,763,107830,1544,2180,12717,558,16999,42287,40346,40875,1321,124829,17203,1275,18478,143307
2004,OMN,0,6,1837,1,1844,0,16,13254,29,13299,0,22,15091,30,15143,23849,6,23855,38998
2004,ONT,90791,23253,10692,21,124757,2289,3983,12355,120,18747,93080,27236,23047,141,143504,9653,1,9654,153158
2004,OPF,115,4331,19984,1440,25870,127,2043,57885,5093,65148,242,6374,77869,6533,91018,35141,4876,40017,131035
2004,ORD,612447,347398,12228,123,972196,4021,4159,11968,127,20275,616468,351557,24196,250,992471,0,0,0,992471
2004,ORF,28151,52805,20598,831,102385,25,269,10911,279,11484,28176,53074,31509,1110,113869,4474,4619,9093,122962
2004,ORH,14,448,5245,26,5733,33,234,23231,370,23868,47,682,28476,396,29601,32138,134,32272,61873
2004,ORL,0,9332,50252,279,59863,0,582,53347,99,54028,0,9914,103599,378,113891,43030,88,43118,157009
2004,OSH,2,569,6098,103,6772,6,274,47281,262,47823,8,843,53379,365,54595,45805,188,45993,100588
2004,OSU,0,2942,17881,40,20863,0,525,43964,265,44754,0,3467,61845,305,65617,34695,84,34779,100396
2004,OUN,0,401,10928,176,11505,0,102,31430,864,32396,0,503,42358,1040,43901,65844,38,65882,109783
2004,OWB,0,3253,3899,284,7436,0,419,24976,523,25918,0,3672,28875,807,33354,32882,2696,35578,68932
2004,OWD,0,310,7381,1,7692,0,1287,38018,248,39553,0,1597,45399,249,47245,34689,70,34759,82004
2004,OXC,0,775,5120,1,5896,0,811,25317,224,26352,0,1586,30437,225,32248,19475,514,19989,52237
2004,OXR,0,6207,14823,74,21104,0,13879,24672,1270,39821,0,20086,39495,1344,60925,35145,14,35159,96084
2004,PAE,1356,1989,18216,181,21742,504,1412,44624,378,46918,1860,3401,62840,559,68660,59105,198,59303,127963
2004,PAH,7,6277,4380,101,10765,16,735,10712,693,12156,23,7012,15092,794,22921,11350,346,11696,34617
2004,PAO,0,50,7409,1,7460,0,793,67393,3,68189,0,843,74802,4,75649,116079,30,116109,191758
2004,PBI,56782,37188,50559,733,145262,2093,1883,45818,474,50268,58875,39071,96377,1207,195530,3484,94,3578,199108
2004,PDK,7,15191,75004,103,90305,21,1317,66291,241,67870,28,16508,141295,344,158175,53547,3,53550,211725
2004,PDT,4,4909,836,102,5851,6,2282,12559,1373,16220,10,7191,13395,1475,22071,6709,1221,7930,30001
2004,PDX,124471,86320,19350,5258,235399,4849,7440,10337,1499,24125,129320,93760,29687,6757,259524,3512,459,3971,263495
2004,PFN,4141,12150,15944,1448,33683,293,1125,17347,1479,20244,4434,13275,33291,2927,53927,33609,5109,38718,92645
2004,PHF,12034,12079,11860,5081,41054,21,359,47425,14239,62044,12055,12438,59285,19320,103098,77132,47512,124644,227742
2004,PHL,266238,177737,20251,479,464705,2486,3202,3261,970,9919,269325,181389,23512,1449,475675,0,0,0,475741
2004,PHX,353944,120253,19400,1875,495472,2526,11584,32647,1619,48376,356470,131837,52047,3494,543848,41134,1553,42687,586535
2004,PIA,2695,18328,11423,2240,34686,489,1001,8897,3598,13985,3184,19329,20320,5838,48671,8482,3310,11792,60463
2004,PIE,12564,3722,30071,2897,49254,1577,3367,62812,8136,75892,14141,7089,92883,11033,125146,77063,7274,84337,209483
2004,PIH,799,9513,1896,37,12245,113,2971,12155,151,15390,912,12484,14051,188,27635,15103,458,15561,43196
2004,PIT,104291,200123,24421,6455,335290,3,72,784,197,1056,104294,200195,25205,6652,336346,0,0,0,336346
2004,PKB,7,5000,5131,1080,11218,0,6,13651,2572,16229,7,5006,18782,3652,27447,12815,6114,18929,46376
2004,PMD,31,107,2881,4810,7829,178,246,4307,5218,9949,209,353,7188,10028,17778,1088,12230,13318,31096
2004,PMP,0,21,7638,0,7659,0,57,44573,19,44649,0,78,52211,19,52308,103194,0,103194,155502
2004,PNE,0,0,21647,0,21647,0,0,46471,0,46471,0,0,68118,0,68118,39663,0,39663,107781
2004,PNS,9633,20261,17858,21433,69185,937,2061,16176,4760,23934,10570,22322,34034,26193,93119,30649,3689,34338,127457
2004,POC,0,403,10032,2,10437,6,896,85960,230,87092,6,1299,95992,232,97529,85324,73,85397,182926
2004,POU,0,508,4980,30,5518,0,17,45569,77,45663,0,525,50549,107,51181,79604,220,79824,131005
2004,PPG,247,5591,93,68,5999,169,1043,179,102,1493,416,6634,272,170,7492,249,0,249,7741
2004,PRC,0,3655,3644,115,7414,1,1761,85438,437,87637,1,5416,89082,552,95051,177662,142,177804,272855
2004,PSC,5987,16586,7943,167,30683,652,2259,21284,369,24564,6639,18845,29227,536,55247,25999,1052,27051,82298
2004,PSP,8316,23856,12674,202,45048,442,1571,30086,422,32521,8758,25427,42760,624,77569,17991,274,18265,95834
2004,PTK,2141,12964,44227,53,59385,540,2759,52055,137,55491,2681,15723,96282,190,114876,110536,4,110540,225416
2004,PUB,116,4732,14809,6949,26606,400,930,14997,1075,17402,516,5662,29806,8024,44008,29020,19988,49008,93016
2004,PVD,51083,26639,12630,91,90443,2268,4136,18373,225,25002,53351,30775,31003,316,115445,4368,44,4412,119857
2004,PWA,0,2420,24503,82,27005,0,975,28656,183,29814,0,3395,53159,265,56819,22126,914,23040,79859
2004,PWK,0,10324,32972,3,43299,0,783,80015,16,80814,0,11107,112987,19,124113,24444,0,24444,148557
2004,PWM,7888,34701,11054,571,54214,919,4026,16576,607,22128,8807,38727,27630,1178,76342,13737,162,13899,90241
2004,RAL,0,80,9253,5,9338,0,110,34837,282,35229,0,190,44090,287,44567,49001,66,49067,93634
2004,RAP,2812,13069,9086,642,25609,171,997,14806,2019,17993,2983,14066,23892,2661,43602,11971,1715,13686,57288
2004,RBD,0,4,4781,49,4834,0,0,26316,52,26368,0,4,31097,101,31202,62359,220,62579,93781
2004,RDD,1397,5886,3675,166,11124,164,6024,32753,465,39406,1561,11910,36428,631,50530,25608,274,25882,76412
2004,RDG,59,5473,15020,855,21407,11,1463,34984,627,37085,70,6936,50004,1482,58492,58581,1999,60580,119072
2004,RDM,7,12664,2236,67,14974,200,1762,15522,250,17734,207,14426,17758,317,32708,25602,284,25886,58594
2004,RDU,75210,107986,36415,1172,220783,2083,3500,18915,2515,27013,77293,111486,55330,3687,247796,801,264,1065,248861
2004,RFD,10665,2469,16799,405,30338,1957,620,17964,619,21160,12622,3089,34763,1024,51498,19262,1746,21008,72506
2004,RHV,0,0,2767,0,2767,0,1,72777,2,72780,0,1,75544,2,75547,128253,2,128255,203802
2004,RIC,23828,64357,28740,9346,126271,2,0,0,0,2,23830,64357,28740,9346,126273,3037,4069,7106,133379
2004,RNM,0,117,915,4,1036,0,404,26881,176,27461,0,521,27796,180,28497,57664,266,57930,86427
2004,RNO,54409,19085,17059,1502,92055,1412,8808,31031,2540,43791,55821,27893,48090,4042,135846,12184,452,12636,148482
2004,RNT,131,66,3282,0,3479,84,935,31745,29,32793,215,1001,35027,29,36272,51200,2,51202,87474
2004,ROA,3032,32381,13119,676,49208,2,1047,10401,149,11599,3034,33428,23520,825,60807,22460,514,22974,83781
2004,ROC,30179,44499,14626,288,89592,1,1893,15892,818,18604,30180,46392,30518,1106,108196,29639,1139,30778,138974
2004,ROW,62,7982,6067,11128,25239,32,1436,12480,2367,16315,94,9418,18547,13495,41554,12800,13032,25832,67386
2004,RST,3990,10821,12150,985,27946,335,622,12966,961,14884,4325,11443,25116,1946,42830,22123,4011,26134,68964
2004,RSW,49336,10434,10090,457,70317,6760,1137,4721,479,13097,56096,11571,14811,936,83414,1552,612,2164,85578
2004,RVS,0,996,20046,3,21045,0,356,107914,39,108309,0,1352,127960,42,129354,156057,33,156090,285444
2004,RYN,0,2,950,28,980,0,2,52512,1805,54319,0,4,53462,1833,55299,101261,1942,103203,158502
2004,RYY,0,3368,15436,95,18899,0,1025,46073,584,47682,0,4393,61509,679,66581,50527,439,50966,117547
2004,SAC,0,1183,25746,49,26978,0,4002,53784,312,58098,0,5185,79530,361,85076,43505,148,43653,128729
2004,SAF,0,7145,8395,508,16048,0,546,24682,1268,26496,0,7691,33077,1776,42544,38973,1914,40887,83431
2004,SAN,132450,43051,11142,662,187305,13820,5139,5155,1049,25163,146270,48190,16297,1711,212468,2025,718,2743,215211
2004,SAT,86660,24163,45045,3701,159569,2879,5456,44156,4522,57013,89539,29619,89201,8223,216582,4803,858,5661,222243
2004,SAV,11658,28729,25553,4160,70100,611,1693,14785,1547,18636,12269,30422,40338,5707,88736,14086,1342,15428,104164
2004,SAW,6,8337,2303,157,10803,3,381,5109,490,5983,9,8718,7412,647,16786,4519,403,4922,21708
2004,SBA,2795,34573,23349,314,61031,261,4371,41455,436,46523,3056,38944,64804,750,107554,44121,249,44370,151924
2004,SBN,3312,29803,13482,94,46691,1,320,9545,20,9886,3313,30123,23027,114,56577,11509,38,11547,68124
2004,SBP,0,12770,6641,157,19568,0,2524,41268,677,44469,0,15391,47909,834,64134,40525,22,40547,104965
2004,SBY,5,6447,3985,449,10886,0,370,17751,1539,19660,5,6817,21736,1988,30546,17619,5220,22839,53385
2004,SCK,493,1245,18120,747,20605,133,620,31605,1160,33518,626,1865,49725,1907,54123,20937,1077,22014,76137
2004,SDF,71296,67553,14005,1630,154484,3828,2694,3098,896,10516,75124,70247,17103,2526,165000,569,6,575,165575
2004,SDL,0,9145,29731,95,38971,8,1910,86169,328,88415,8,11055,115900,423,127386,75264,31,75295,202681
2004,SDM,0,1540,9047,114,10701,0,297,18283,1897,20477,0,1837,27330,2011,31178,68007,5007,73014,104192
2004,SEA,222981,94429,1677,46,319133,27624,10948,1008,75,39655,250605,105377,2685,121,358788,103,3,106,358894
2004,SEE,0,0,9691,0,9691,0,15,67752,202,67969,0,15,77443,202,77660,130456,47,130503,208163
2004,SFB,9925,1756,40379,23,52083,2020,1,110234,690,112945,11945,1757,150613,713,165028,192040,8,192048,357076
2004,SFF,0,1675,3421,7,5103,0,5003,25714,279,30996,0,6678,29135,286,36099,29638,54,29692,65791
2004,SFO,221924,80287,15539,2010,319760,22085,8522,2923,736,34266,244009,88809,18462,2746,354026,46,1,47,354073
2004,SGF,3045,27338,17555,2398,50336,394,1345,11609,1734,15082,3439,28683,29164,4132,65418,14000,5946,19946,85364
2004,SGJ,3,4213,9645,565,14426,1,695,45863,2378,48937,4,4908,55508,2943,63363,62345,4208,66553,129916
2004,SGR,0,2009,14108,31,16148,0,2792,28402,111,31305,0,4801,42510,142,47453,42330,176,42506,89959
2004,SHV,2369,27464,16372,4310,50515,209,575,2447,1445,4676,2578,28039,18819,5755,55191,5645,3285,8930,64121
2004,SIG,0,212,4819,186,5217,0,15346,49819,1249,66414,0,15558,54638,1435,71631,52918,283,53201,124832
2004,SJC,123372,30661,22734,25,176792,3290,1889,23822,90,29091,126662,32550,46556,115,205883,16322,0,16322,222205
2004,SJT,289,6787,5314,5100,17490,31,774,12781,103,13689,320,7561,18095,5203,31179,13227,33557,46784,77963
2004,SJU,102791,37037,14779,1523,156130,3397,27201,19204,587,50389,106188,64238,33983,2110,206519,21,0,21,206540
2004,SLC,128042,196082,26534,1864,352522,1181,7021,46083,1095,55380,129223,203103,72617,2959,407902,5315,29,5344,413246
2004,SLE,0,851,6368,628,7847,0,694,19172,1917,21783,0,1545,25540,2545,29630,13010,1197,14207,43837
2004,SLN,32,5173,11216,1080,17501,53,723,24323,1632,26731,85,5896,35539,2712,44232,33034,4199,37233,81465
2004,SMF,95637,15771,13693,723,125824,10751,2657,7623,608,21639,106388,18428,21316,1331,147463,14103,2649,16752,164215
2004,SMO,0,10184,25693,31,35908,4,1882,52942,1375,56203,4,12066,78635,1406,92111,41303,0,41303,133414
2004,SMX,19,6611,5469,161,12260,37,6233,24079,302,30651,56,12844,29548,463,42911,27865,840,28705,71616
2004,SNA,88395,24280,52038,34,164747,1768,1403,91875,106,95152,90163,25683,143913,140,259899,113018,0,113018,372917
2004,SNS,0,315,7931,46,8292,0,1034,33645,186,34865,0,1349,41576,232,43157,36096,138,36234,79391
2004,SPG,0,79,3636,3,3718,0,3797,35916,1553,41266,0,3876,39552,1556,44984,46930,1869,48799,93783
2004,SPI,20,9812,14365,2098,26295,36,749,13740,885,15410,56,10561,28105,2983,41705,14911,3025,17936,59641
2004,SQL,0,660,3480,0,4140,0,2680,69504,24,72208,0,3340,72984,24,76348,79260,35,79295,155643
2004,SRQ,10628,10566,27488,569,49251,733,1334,54288,771,57126,11361,11900,81776,1340,106377,30880,800,31680,138057
2004,SSF,0,37,5062,6109,11208,0,9,37556,509,38074,0,46,42618,6618,49282,73689,332,74021,123303
2004,STC,0,417,501,0,918,0,5,2924,6,2935,0,422,3425,6,3853,5074,8,5082,8935
2004,STJ,0,84,3095,2261,5440,5,402,10417,1886,12710,5,486,13512,4147,18150,8671,3811,12482,30632
2004,STL,119346,139776,10361,4428,273911,1172,4435,8001,966,14574,120518,144211,18362,5394,288485,940,282,1222,289707
2004,STP,0,8908,29581,731,39220,8,3040,32145,3599,38792,8,11948,61726,4330,78012,45884,3582,49466,127478
2004,STS,0,2594,11220,21,13835,0,2663,62737,293,65693,0,5257,73957,314,79528,52217,18,52235,131763
2004,STT,8184,7159,4588,190,20121,3581,39409,17340,750,61080,11765,46568,21928,940,81201,4824,39,4863,86064
2004,STX,4897,4999,2493,617,13006,383,22957,10776,674,34790,5280,27956,13269,1291,47796,7845,500,8345,56141
2004,SUA,0,4622,13582,9,18213,0,2618,52932,570,56120,0,7240,66514,579,74333,36034,381,36415,110748
2004,SUN,1004,11284,8907,2,21197,125,2404,16608,28,19165,1129,13688,25515,30,40362,4588,0,4588,44950
2004,SUS,46,9411,41885,190,51532,70,2659,48154,393,51276,116,12070,90039,583,102808,55941,22,55963,158771
2004,SUX,11,4998,10474,1944,17427,50,578,6661,912,8201,61,5576,17135,2856,25628,4666,2449,7115,32743
2004,SWF,5220,14062,9863,2124,31269,59,131,32514,2183,34887,5279,14193,42377,4307,66156,38684,2940,41624,107780
2004,SWO,24,268,2273,55,2620,0,339,24954,95,25388,24,607,27227,150,28008,30391,50,30441,58449
2004,SYR,21708,47485,14336,5553,89082,13,101,18337,339,18790,21721,47586,32673,5892,107872,11408,6998,18406,126278
2004,TCL,101,1128,8421,3290,12940,61,384,14381,6228,21054,162,1512,22802,9518,33994,24136,3232,27368,61362
2004,TEB,46,67583,98536,137,166302,320,9944,45852,61,56177,366,77527,144388,198,222479,90,1,91,222570
2004,TIW,0,269,10263,34,10566,0,592,39076,419,40087,0,861,49339,453,50653,39669,71,39740,90393
2004,TIX,0,178,18715,8,18901,5,1786,38224,202,40217,5,1964,56939,210,59118,117596,20,117616,176734
2004,TKI,0,375,8046,6,8427,0,262,26573,31,26866,0,637,34619,37,35293,81609,12,81621,116914
2004,TLH,5076,26040,21914,8209,61239,542,2230,16903,2792,22467,5618,28270,38817,11001,83706,13095,3658,16753,100459
2004,TMB,0,1620,19392,7,21019,0,1182,68183,47,69412,0,2802,87575,54,90431,93416,515,93931,184362
2004,TOA,0,67,12971,14,13052,28,188,89794,1622,91632,28,255,102765,1636,104684,76548,115,76663,181347
2004,TOL,14107,23144,19078,2661,58990,17,616,7054,180,7867,14124,23760,26132,2841,66857,14342,2645,16987,83844
2004,TOP,0,256,3443,64,3763,0,1038,31851,1248,34137,0,1294,35294,1312,37900,26772,1118,27890,65790
2004,TPA,143903,52986,23877,323,221089,4199,2500,16683,278,23660,148102,55486,40560,601,244749,526,0,526,245275
2004,TRI,5183,17824,17387,204,40598,628,1246,17447,368,19689,5811,19070,34834,572,60287,28209,24,28233,88520
2004,TTD,0,173,1724,1,1898,0,1291,31521,234,33046,0,1464,33245,235,34944,30884,16,30900,65844
2004,TTN,8,7442,16290,357,24097,0,137,51687,2523,54347,8,7579,67977,2880,78444,34191,106,34297,112741
2004,TUL,30626,16502,37412,34254,118794,555,421,13765,4423,19164,31181,16923,51177,38677,137958,14740,14816,29556,167514
2004,TUP,12,3061,6474,2534,12081,26,467,23571,2917,26981,38,3528,30045,5451,39062,26053,5074,31127,70189
2004,TUS,38158,15292,21525,19789,94764,1664,3491,49627,9055,63837,39822,18783,71152,28844,158601,75926,18768,94694,253295
2004,TVC,1790,16302,7974,307,26373,185,2576,23344,2891,28996,1975,18878,31318,3198,55369,44192,9324,53516,108885
2004,TVL,0,1142,340,22,1504,7,2831,10988,423,14249,7,3973,11328,445,15753,1472,91,1563,17316
2004,TWF,175,9537,3147,192,13051,135,1253,12385,436,14209,310,10790,15532,628,27260,9630,670,10300,37560
2004,TXK,0,4250,6431,1489,12170,0,951,8962,507,10420,0,5201,15393,1996,22590,13795,3970,17765,40355
2004,TYR,9,9676,9725,117,19527,12,495,19278,240,20025,21,10171,29003,357,39552,23652,247,23899,63451
2004,TYS,8603,49907,33546,8126,100182,572,1913,12743,2883,18111,9175,51820,46289,11009,118293,16823,4062,20885,139178
2004,TZR,0,49,4334,16,4399,1,348,30722,299,31370,1,397,35056,315,35769,32703,71,32774,68543
2004,UCA,69,2642,4075,506,7292,6,886,18337,805,20034,75,3528,22412,1311,27326,33367,1618,34985,62311
2004,UES,0,2104,13492,4,15600,0,332,35545,131,36008,0,2436,49037,135,51608,38194,20,38214,89822
2004,UGN,0,2692,13541,168,16401,0,419,19176,434,20029,0,3111,32717,602,36430,43841,214,44055,80485
2004,VBG,11,14,30,1145,1200,44,4451,981,2103,7579,55,4465,1011,3248,8779,0,6595,6595,15374
2004,VCV,1458,49,3965,1423,6895,580,2555,14592,2457,20184,2038,2604,18557,3880,27079,23508,8255,31763,58842
2004,VGT,0,4754,7276,1,12031,0,41606,62972,205,104783,0,46519,70248,206,116973,100241,46,100287,217487
2004,VLD,1221,1573,6531,7272,16597,203,290,14165,2916,17574,1424,1863,20696,10188,34171,16013,19885,35898,70069
2004,VNY,0,13421,53239,71,66731,0,2597,244437,177,247211,0,16018,297676,248,313942,134714,46,134760,448702
2004,VQQ,42,63,3523,2657,6285,63,554,13652,7922,22191,105,617,17175,10579,28476,24844,30596,55440,83916
2004,VRB,0,3879,25854,73,29806,0,122,56686,58,56866,0,4001,82540,131,86672,64051,10,64061,150733
2004,WDG,0,2789,2996,7535,13320,0,191,11527,10067,21785,0,2980,14523,17602,35105,15042,11298,26340,61445
2004,WHP,0,0,2299,0,2299,0,52,54921,58,55031,0,52,57220,58,57330,50780,4,50784,108114
2004,WJF,0,363,2117,168,2648,0,1270,33193,480,34943,0,1633,35310,648,37591,40123,394,40517,78108
2004,XNA,8060,26412,4185,2131,40788,144,514,2356,402,3416,8204,26926,6541,2533,44204,337,4838,5175,49379
2004,YIP,5689,19499,21882,28,47098,0,1,25026,20,25047,5689,19500,46908,48,72145,39779,14,39793,111938
2004,YKM,26,8952,5987,556,15521,41,1576,12676,422,14715,67,10528,18663,978,30236,16964,591,17555,47791
2004,YNG,318,1067,15380,4925,21690,173,450,9425,2850,12898,491,1517,24805,7775,34588,23888,13394,37282,71870
2005,ABE,19965,16938,25335,1606,63844,0,1118,25319,132,26569,19965,18056,50654,1738,90413,34789,1030,35819,126232
2005,ABI,152,11990,7445,7633,27220,0,1236,12736,784,14756,152,13226,20181,8417,41976,17121,16970,34091,76067
2005,ABQ,74904,36355,14691,7386,133336,5,11544,24262,16297,52108,74909,47899,38953,23683,185444,4698,6557,11255,196699
2005,ABY,221,5843,6015,2473,14552,31,229,12666,1353,14279,252,6072,18681,3826,28831,17289,6904,24193,53024
2005,ACK,8,38622,14205,157,52992,0,68966,23957,205,93128,8,107588,38162,362,146120,1210,191,1401,147521
2005,ACT,257,8283,9224,2065,19829,19,1427,11453,838,13737,276,9710,20677,2903,33566,4344,1401,5745,39311
2005,ACY,12105,5858,18865,14356,51184,1103,2234,10976,4210,18523,13208,8092,29841,18566,69707,24114,30091,54205,123912
2005,ADM,0,5,2206,509,2720,3,0,4837,760,5600,3,5,7043,1269,8320,17618,5152,22770,31090
2005,ADQ,1390,4256,361,1076,7083,70,11173,1021,1452,13716,1460,15429,1382,2528,20799,1471,11588,13059,33858
2005,ADS,147,14074,36976,21,51218,6,2565,69370,92,72033,153,16639,106346,113,123251,11591,10,11601,134852
2005,ADW,113,14,578,33409,34114,0,0,5623,7481,13104,113,14,6201,40890,47218,1455,41855,43310,90528
2005,AEX,1764,8222,5412,4003,19401,0,0,0,0,0,1764,8222,5412,4003,19401,26218,15385,41603,61004
2005,AFW,7654,4050,8918,7740,28362,50,1203,22358,1153,24764,7704,5253,31276,8893,53126,26372,9820,36192,89318
2005,AGC,0,10998,20624,140,31762,1,10344,22717,481,33543,1,21342,43341,621,65305,24059,348,24407,89712
2005,AGS,4413,8126,12371,1678,26588,1,31,886,64,982,4414,8157,13257,1742,27570,3770,1508,5278,32848
2005,AHN,7,1358,11847,944,14156,0,214,16935,615,17764,7,1572,28782,1559,31920,28392,1766,30158,62078
2005,AKN,1429,5939,539,387,8294,43,20816,7016,222,28097,1472,26755,7555,609,36391,898,1323,2221,38612
2005,ALB,28717,46494,10176,1281,86668,12,1679,16155,1936,19782,28729,48173,26331,3217,106450,7923,1717,9640,116090
2005,ALN,0,616,9913,334,10863,0,1110,18814,162,20086,0,1726,28727,496,30949,34483,1080,35563,66512
2005,ALO,508,3983,7934,461,12886,40,56,6991,1748,8835,548,4039,14925,2209,21721,8900,1102,10002,31723
2005,ALW,4,2259,2244,31,4538,2,738,11850,46,12636,6,2997,14094,77,17174,15539,56,15595,32769
2005,AMA,9197,11733,11142,11583,43655,48,682,9529,7932,18191,9245,12415,20671,19515,61846,7502,28214,35716,97562
2005,ANC,131746,56264,12702,1860,202572,1568,31497,69572,4122,106759,133314,87761,82274,5982,309331,6895,16,6911,316242
2005,ANE,0,2980,9538,2,12520,0,316,41340,312,41968,0,3296,50878,314,54488,46370,414,46784,101272
2005,APA,0,32282,43285,697,76264,0,23730,89430,810,113970,0,56012,132715,1507,190234,155689,1581,157270,347504
2005,APC,0,2968,10219,36,13223,0,557,45450,229,46236,0,3525,55669,265,59459,58803,92,58895,118354
2005,APF,0,13308,32603,49,45960,0,287,60196,64,60547,0,13595,92799,113,106507,51892,21,51913,158420
2005,ARA,148,1205,1722,4863,7938,21,29161,6858,2227,38267,169,30366,8580,7090,46205,46742,2788,49530,95735
2005,ARB,0,227,3843,0,4070,0,1878,21099,17,22994,0,2105,24942,17,27064,40871,5,40876,67940
2005,ARR,0,624,7985,188,8797,0,45,30958,239,31242,0,669,38943,427,40039,41849,176,42025,82064
2005,ASE,5125,12416,17405,16,34962,98,106,7735,94,8033,5223,12522,25140,110,42995,1243,15,1258,44253
2005,ASG,0,2405,7571,6,9982,0,2703,20056,13,22772,0,5108,27627,19,32754,28497,16,28513,61267
2005,ASH,0,366,9069,15,9450,0,220,51739,19,51978,0,586,60808,34,61428,66085,60,66145,127573
2005,ATL,231260,91225,2793,139,325417,460905,184343,7974,1747,654969,692165,275568,10767,1886,980386,0,0,0,980386
2005,ATW,5465,16776,8040,37,30318,17,75,12375,30,12497,5482,16851,20415,67,42815,6843,56,6899,49714
2005,AUS,94786,23412,38470,5167,161835,5018,698,35645,2362,43723,99804,24110,74115,7529,205558,5137,2315,7452,213010
2005,AVL,2932,18798,19471,1863,43064,39,732,12011,381,13163,2971,19530,31482,2244,56227,13181,1124,14305,70532
2005,AVP,8942,14512,8642,355,32451,165,821,13144,93,14223,9107,15333,21786,448,46674,34706,437,35143,81817
2005,AZO,2659,14466,12687,24,29836,65,898,21643,179,22785,2724,15364,34330,203,52621,35259,40,35299,87920
2005,BAF,6,498,3541,1260,5305,18,160,20050,3256,23484,24,658,23591,4516,28789,28276,3776,32052,60841
2005,BAK,36,861,5152,174,6223,92,7,16030,1401,17530,128,868,21182,1575,23753,10942,1242,12184,35937
2005,BCT,0,7515,16187,4,23706,0,502,23814,78,24394,0,8017,40001,82,48100,38109,399,38508,86608
2005,BDL,72602,45273,15695,1734,135304,273,900,7490,832,9495,72875,46173,23185,2566,144799,10156,1135,11291,156090
2005,BDR,0,2068,7190,292,9550,0,207,22880,594,23681,0,2275,30070,886,33231,35690,256,35946,69177
2005,BED,346,19174,35361,556,55437,4,3678,51960,319,55961,350,22852,87321,875,111398,58584,72,58656,170054
2005,BET,3619,7644,419,119,11801,113,81761,6953,97,88924,3732,89405,7372,216,100725,3085,14,3099,103824
2005,BFI,9710,34404,33855,620,78589,257,28688,102797,759,132501,9967,63092,136652,1379,211090,89014,374,89388,300478
2005,BFL,442,18789,16510,422,36163,134,6728,29726,453,37041,576,25517,46236,875,73204,27358,468,27826,101030
2005,BFM,2058,4044,8161,4939,19202,137,1658,14587,9399,25781,2195,5702,22748,14338,44983,9930,38678,48608,93591
2005,BGM,2,12147,5313,862,18324,0,57,3684,41,3782,2,12204,8997,903,22106,4830,604,5434,27540
2005,BGR,3661,20700,9676,8178,42215,290,1325,7266,1919,10800,3951,22025,16942,10097,53015,13074,14057,27131,80146
2005,BHM,36496,40438,47915,4243,129092,75,293,13271,561,14200,36571,40731,61186,4804,143292,3908,1662,5570,148862
2005,BIL,12348,33798,13011,249,59406,391,5409,17979,129,23908,12739,39207,30990,378,83314,21021,270,21291,104605
2005,BIS,2918,8609,10444,807,22778,14,1087,12165,1868,15134,2932,9696,22609,2675,37912,12651,1795,14446,52358
2005,BJC,0,4577,22281,172,27030,0,548,59407,413,60368,0,5125,81688,585,87398,82073,1435,83508,170906
2005,BKL,111,10616,14173,201,25101,0,10002,19561,315,29878,111,20618,33734,516,54979,17761,328,18089,73068
2005,BLI,865,7251,6293,261,14670,33,8220,36657,953,45863,898,15471,42950,1214,60533,21093,474,21567,82100
2005,BMG,47,702,7320,99,8168,0,18,12280,85,12383,47,720,19600,184,20551,13916,108,14024,34575
2005,BMI,2648,9068,6527,94,18337,5,267,9546,71,9889,2653,9335,16073,165,28226,13910,250,14160,42386
2005,BNA,103222,68765,36269,2931,211187,62,1134,11072,610,12878,103284,69899,47341,3541,224065,1212,32,1244,225309
2005,BOI,39786,27171,19299,4807,91063,9,4922,37186,3708,45825,39795,32093,56485,8515,136888,31811,4054,35865,172753
2005,BOS,216247,162199,14103,284,392833,1528,14556,12062,446,28592,217775,176755,26165,730,421425,59,22,81,421506
2005,BPT,99,5828,9811,4559,20297,0,1315,9071,541,10927,99,7143,18882,5100,31224,35679,224,35903,67127
2005,BRO,62,4694,6115,5569,16440,1,4,8502,15,8522,63,4698,14617,5584,24962,5657,5320,10977,35939
2005,BTL,38,878,16446,1590,18952,0,84,29897,1801,31782,38,962,46343,3391,50734,39475,866,40341,91075
2005,BTR,7169,21796,30587,2393,61945,0,730,25209,3869,29808,7169,22526,55796,6262,91753,18586,928,19514,111267
2005,BTV,7759,35616,10051,4656,58082,15,597,15009,1635,17256,7774,36213,25060,6291,75338,24828,5177,30005,105343
2005,BUF,51013,45610,13934,845,111402,44,1498,5344,139,7025,51057,47108,19278,984,118427,12503,1276,13779,132206
2005,BUR,52282,31654,26122,97,110155,312,8720,47222,433,56687,52594,40374,73344,530,166842,6186,72,6258,173100
2005,BVY,0,791,4533,23,5347,0,106,27724,229,28059,0,897,32257,252,33406,30680,24,30704,64110
2005,BWI,216520,54780,22299,738,294337,0,10,9399,112,9521,216520,54790,31698,850,303858,5826,117,5943,309801
2005,BZN,5765,12090,5234,32,23121,57,721,21720,82,22580,5822,12811,26954,114,45701,26473,28,26501,72202
2005,CAE,10476,51670,17810,1720,81676,900,2406,12002,350,15658,11376,54076,29812,2070,97334,14109,1559,15668,113002
2005,CAK,15091,23305,34011,465,72872,10,467,14422,964,15863,15101,23772,48433,1429,88735,17863,579,18442,107177
2005,CCR,0,1198,9662,11,10871,0,3067,55091,52,58210,0,4265,64753,63,69081,54715,29,54744,123825
2005,CDW,2,129,7081,16,7228,130,192,58313,727,59362,132,321,65394,743,66590,44963,373,45336,111926
2005,CGF,0,4942,10672,2,15616,0,2928,18874,49,21851,0,7870,29546,51,37467,17608,0,17608,55075
2005,CHA,4729,18335,25385,8577,57026,9,216,12243,668,13136,4738,18551,37628,9245,70162,13016,8545,21561,91723
2005,CHD,0,226,1538,8,1772,0,2514,61288,32,63834,0,2740,62826,40,65606,169489,16,169505,235111
2005,CHO,16,21138,11253,1118,33525,0,115,18013,662,18790,16,21253,29266,1780,52315,13419,2296,15715,68030
2005,CHS,13651,44484,21016,16255,95406,34,46,9194,629,9903,13685,44530,30210,16884,105309,2578,13032,15610,120919
2005,CIC,0,2321,1910,157,4388,3,3420,24957,263,28643,3,5741,26867,420,33031,7498,778,8276,41307
2005,CID,8176,26271,12298,205,46950,3,141,10664,87,10895,8179,26412,22962,292,57845,8088,6,8094,65939
2005,CKB,137,3680,4468,2000,10285,31,256,13571,3405,17263,168,3936,18039,5405,27548,21358,10446,31804,59352
2005,CLE,80744,164095,11311,151,256301,234,1156,1782,198,3370,80978,165251,13093,349,259671,88,3,91,259762
2005,CLL,65,7411,6686,5804,19966,1,24,19340,5011,24376,66,7435,26026,10815,44342,12518,8226,20744,65086
2005,CLT,258686,225143,27297,1528,512654,7,1608,8805,161,10581,258693,226751,36102,1689,523235,35,0,35,523270
2005,CMA,0,1762,17191,79,19032,3,781,69674,55,70513,3,2543,86865,134,89545,63936,20,63956,153501
2005,CMH,49900,96740,24630,299,171569,35,685,31534,676,32930,49935,97425,56164,975,204499,5957,24,5981,210480
2005,CMI,90,12611,19407,114,32222,0,128,17847,43,18018,90,12739,37254,157,50240,72776,325,73101,123341
2005,CNO,0,107,20935,29,21071,0,69,48044,26,48139,0,176,68979,55,69210,113125,22,113147,182357
2005,CNW,128,23,2860,3309,6320,3,862,12087,1287,14239,131,885,14947,4596,20559,30470,13124,43594,64153
2005,COS,20600,26517,15690,10473,73280,56,992,30819,6957,38824,20656,27509,46509,17430,112104,42185,12217,54402,166506
2005,COU,118,3072,7333,168,10691,19,111,11926,514,12570,137,3183,19259,682,23261,7773,1205,8978,32239
2005,CPR,904,14863,5634,241,21642,32,1075,8662,108,9877,936,15938,14296,349,31519,10366,247,10613,42132
2005,CPS,0,9299,15066,178,24543,34,739,41935,114,42822,34,10038,57001,292,67365,92840,34,92874,160239
2005,CRE,0,720,11961,342,13023,0,340,19386,608,20334,0,1060,31347,950,33357,20446,134,20580,53937
2005,CRG,0,7560,26761,45,34366,0,794,50504,12403,63701,0,8354,77265,12448,98067,63653,268,63921,161988
2005,CRP,4187,17365,11140,9674,42366,6,1114,13765,302,15187,4193,18479,24905,9976,57553,3990,47323,51313,108866
2005,CRQ,0,10695,45248,270,56213,0,3964,74880,1144,79988,0,14659,120128,1414,136201,72396,171,72567,208768
2005,CRW,74,36900,12237,2726,51937,99,5649,8912,562,15222,173,42549,21149,3288,67159,9178,2126,11304,78463
2005,CSG,2220,609,12740,247,15816,98,164,12278,243,12783,2318,773,25018,490,28599,19027,303,19330,47929
2005,CVG,165360,322019,6469,124,493972,37,412,967,60,1476,165397,322431,7436,184,495448,3,1,4,495452
2005,CWA,69,14539,2351,304,17263,0,319,4962,113,5394,69,14858,7313,417,22657,3797,928,4725,27382
2005,CWF,570,1140,8779,7883,18372,20,1145,22747,2662,26574,590,2285,31526,10545,44946,1613,11409,13022,57968
2005,CXY,0,618,9930,837,11385,0,60,19411,822,20293,0,678,29341,1659,31678,20374,1103,21477,53155
2005,CYS,4,413,997,818,2232,94,5490,11235,2522,19341,98,5903,12232,3340,21573,18743,14392,33135,54708
2005,DAB,4924,3791,38642,697,48054,0,350,121291,341,121982,4924,4141,159933,1038,170036,48297,22,48319,218355
2005,DAL,79003,36240,66897,989,183129,12,8799,40289,1575,50675,79015,45039,107186,2564,233804,34,0,34,233838
2005,DAY,32205,50262,20464,850,103781,37,53,5875,222,6187,32242,50315,26339,1072,109968,11143,12,11155,121123
2005,DBQ,28,3868,5881,27,9804,0,90,19979,43,20112,28,3958,25860,70,29916,25078,39,25117,55033
2005,DCA,183001,91721,2295,241,277258,0,0,806,70,876,183001,91721,3101,311,278134,0,0,0,278134
2005,DEC,20,2571,5426,600,8617,0,15,13341,1296,14652,20,2586,18767,1896,23269,16509,1669,18178,41447
2005,DEN,384345,170859,6832,464,562500,39,1616,2947,414,5016,384384,172475,9779,878,567516,106,10,116,567632
2005,DET,124,4377,10386,39,14926,1,284,27383,1350,29018,125,4661,37769,1389,43944,30924,6,30930,74874
2005,DFW,483459,219230,6647,156,709492,2942,651,2752,162,6507,486401,219881,9399,318,715999,2178,30,2208,718207
2005,DHN,3008,2133,11923,11511,28575,32,188,11350,10095,21665,3040,2321,23273,21606,50240,15817,21657,37474,87714
2005,DLH,4140,4858,13943,2614,25555,61,230,20426,764,21481,4201,5088,34369,3378,47036,16203,4242,20445,67481
2005,DPA,19,4048,27303,56,31426,0,1679,49652,67,51398,19,5727,76955,123,82824,50406,12,50418,133242
2005,DSM,23713,36140,26668,1849,88370,4,1471,10517,215,12207,23717,37611,37185,2064,100577,4353,1902,6255,106832
2005,DTN,0,236,4016,100,4352,0,244,17177,1299,18720,0,480,21193,1399,23072,30709,8011,38720,61792
2005,DTO,0,456,4339,12,4807,1,638,29742,23,30404,1,1094,34081,35,35211,51423,168,51591,86802
2005,DTW,264919,162279,10533,97,437828,50112,31201,2647,111,84071,315031,193480,13180,208,521899,1050,15,1065,522964
2005,DVT,0,614,6109,0,6723,0,3970,140027,51,144048,0,4584,146136,51,150771,226325,745,227070,377841
2005,DWH,0,890,11942,1495,14327,0,2102,76446,544,79092,0,2992,88388,2039,93419,116316,886,117202,210621
2005,DXR,0,58,3919,0,3977,2,166,35985,41,36194,2,224,39904,41,40171,32649,108,32757,72928
2005,EGE,4926,6254,11063,87,22330,63,113,6792,2919,9887,4989,6367,17855,3006,32217,6090,2925,9015,41232
2005,EKO,1066,6731,1155,10,8962,3,2219,7390,117,9729,1069,8950,8545,127,18691,6896,6,6902,25593
2005,ELM,19,11798,8703,112,20632,0,46,8213,60,8319,19,11844,16916,172,28951,14008,148,14156,43107
2005,ELP,46327,18416,12598,3614,80955,50,2363,16645,1187,20245,46377,20779,29243,4801,101200,6452,1563,8015,109215
2005,EMT,2,1253,4308,1,5564,38,666,68513,49,69266,40,1919,72821,50,74830,72596,41,72637,147467
2005,ENA,141,6113,669,159,7082,515,13595,10473,308,24891,656,19708,11142,467,31973,15472,6380,21852,53825
2005,ENW,1,2422,5382,14,7819,0,1612,32150,186,33948,1,4034,37532,200,41767,37337,70,37407,79174
2005,ERI,37,16543,8418,186,25184,50,316,11499,46,11911,87,16859,19917,232,37095,15808,214,16022,53117
2005,EUG,4345,20864,11664,831,37704,95,1777,23191,403,25466,4440,22641,34855,1234,63170,27738,549,28287,91457
2005,EVB,0,227,10529,0,10756,122,412,38895,94,39523,122,639,49424,94,50279,80819,238,81057,131336
2005,EVV,104,22333,12692,394,35523,74,228,12396,208,12906,178,22561,25088,602,48429,18987,311,19298,67727
2005,EWB,0,3329,9418,68,12815,22,6743,27689,227,34681,22,10072,37107,295,47496,42988,527,43515,91011
2005,EWN,841,7277,6179,774,15071,70,191,12003,611,12875,911,7468,18182,1385,27946,14687,628,15315,43261
2005,EWR,265089,161468,13442,67,440066,211,0,62,2,275,265300,161468,13504,69,440341,438,174,612,440953
2005,EYW,5692,24992,14218,216,45118,2,3337,19554,584,23477,5694,28329,33772,800,68595,14684,5846,20530,89125
2005,FAI,15095,19974,4410,846,40325,192,20999,22364,341,43896,15287,40973,26774,1187,84221,28367,172,28539,112760
2005,FAR,6535,13620,11841,3006,35002,16,2994,14162,870,18042,6551,16614,26003,3876,53044,21802,3053,24855,77899
2005,FAT,9971,33225,17529,4420,65145,22,6365,53093,4264,63744,9993,39590,70622,8684,128889,19635,796,20431,149320
2005,FAY,1651,7254,7999,2669,19573,57,428,8763,1440,10688,1708,7682,16762,4109,30261,13886,3992,17878,48139
2005,FCA,2441,8631,3676,140,14888,28,2052,13285,397,15762,2469,10683,16961,537,30650,15560,911,16471,47121
2005,FCM,0,790,22199,25,23014,0,2964,57167,103,60234,0,3754,79366,128,83248,74365,97,74462,157710
2005,FFZ,23,322,4803,16,5164,24,7874,119779,3638,131315,47,8196,124582,3654,136479,133087,617,133704,270183
2005,FLG,4,4390,2472,107,6973,0,3716,20852,336,24904,4,8106,23324,443,31877,11800,450,12250,44127
2005,FLL,180465,68940,37789,237,287431,81,12896,30188,97,43262,180546,81836,67977,334,330693,274,0,274,330967
2005,FLO,0,5227,9796,985,16008,18,399,8282,628,9327,18,5626,18078,1613,25335,5770,659,6429,31764
2005,FMN,2,8653,3964,96,12715,0,2007,18872,165,21044,2,10660,22836,261,33759,77648,88,77736,111495
2005,FMY,0,3585,15732,79,19396,0,725,34032,75,34832,0,4310,49764,154,54228,31752,270,32022,86250
2005,FNT,13159,12379,21821,77,47436,30,153,4254,120,4557,13189,12532,26075,197,51993,76960,362,77322,129315
2005,FOE,156,926,2580,5668,9330,0,227,8659,5659,14545,156,1153,11239,11327,23875,3533,15185,18718,42593
2005,FPR,0,637,24539,22,25198,0,123,56641,27,56791,0,760,81180,49,81989,61244,0,61244,143233
2005,FRG,132,7202,20841,124,28299,0,1126,76509,165,77800,132,8328,97350,289,106099,93157,996,94153,200252
2005,FSD,7365,27508,16557,3041,54471,90,897,11862,432,13281,7455,28405,28419,3473,67752,18366,3629,21995,89747
2005,FSM,283,7391,9750,14576,32000,4,242,10009,4589,14844,287,7633,19759,19165,46844,7477,14669,22146,68990
2005,FTG,0,99,819,4,922,0,323,12227,60,12610,0,422,13046,64,13532,22143,37,22180,35712
2005,FTW,60,3121,23321,468,26970,0,918,26718,290,27926,60,4039,50039,758,54896,20050,264,20314,75210
2005,FTY,0,6986,35505,717,43208,0,678,31114,113,31905,0,7664,66619,830,75113,39312,74,39386,114499
2005,FUL,0,0,5783,2,5785,1,0,39721,2,39724,1,0,45504,4,45509,28659,2,28661,74170
2005,FWA,8996,27410,14955,2459,53820,24,843,7045,84,7996,9020,28253,22000,2543,61816,15458,1677,17135,78951
2005,FXE,0,11648,47885,68,59601,0,3930,94445,81,98456,0,15578,142330,149,158057,39168,90,39258,197315
2005,FYV,55,685,4616,30,5386,1,278,17315,130,17724,56,963,21931,160,23110,23099,656,23755,46865
2005,GCK,36,5004,3809,473,9322,12,226,6868,167,7273,48,5230,10677,640,16595,2660,1006,3666,20261
2005,GCN,48,2384,904,270,3606,2,107846,3341,170,111359,50,110230,4245,440,114965,1439,332,1771,116736
2005,GEG,41646,18051,7182,523,67402,9,2328,11364,600,14301,41655,20379,18546,1123,81703,17654,444,18098,99801
2005,GEU,0,274,1233,4,1511,0,1595,41942,54,43591,0,1869,43175,58,45102,87697,66,87763,132865
2005,GFK,4580,28960,4684,103,38327,14,47050,7246,199,54509,4594,76010,11930,302,92836,150927,22,150949,243785
2005,GGG,30,2460,11829,2369,16688,1,60,19573,287,19921,31,2520,31402,2656,36609,54061,6379,60440,97049
2005,GJT,1107,17849,7277,1653,27886,7,2572,23352,579,26510,1114,20421,30629,2232,54396,20964,3650,24614,79010
2005,GLH,68,1203,2033,1410,4714,2,60,6480,241,6783,70,1263,8513,1651,11497,3134,16514,19648,31145
2005,GLS,0,59,687,13,759,0,7660,2550,25,10235,0,7719,3237,38,10994,2398,88,2486,13480
2005,GMU,0,11916,6837,92,18845,0,5554,26688,494,32736,0,17470,33525,586,51581,27081,874,27955,79536
2005,GNV,2410,12101,13893,2538,30942,7,231,26846,1896,28980,2417,12332,40739,4434,59922,23558,4165,27723,87645
2005,GON,4,1988,7051,719,9762,29,723,19948,1992,22692,33,2711,26999,2711,32454,23517,1950,25467,57921
2005,GPI,681,2530,984,23,4218,7,270,1968,19,2264,688,2800,2952,42,6482,2636,72,2708,9190
2005,GPM,0,35,880,35,950,0,2,25822,54,25878,0,37,26702,89,26828,33466,46,33512,60340
2005,GPT,6655,6868,12952,12900,39375,17,36,13823,3775,17651,6672,6904,26775,16675,57026,38963,13259,52222,109248
2005,GRB,7272,20181,14431,268,42152,0,9,8194,27,8230,7272,20190,22625,295,50382,34639,122,34761,85143
2005,GRI,55,4956,3489,171,8671,0,327,5972,848,7147,55,5283,9461,1019,15818,3957,1302,5259,21077
2005,GRR,18598,33435,26956,1497,80486,67,960,14842,152,16021,18665,34395,41798,1649,96507,15106,2275,17381,113888
2005,GSN,5620,5241,144,93,11098,13,20438,7946,341,28738,5633,25679,8090,434,39836,504,113,617,40453
2005,GSO,18597,59953,27032,644,106226,5,33,13355,131,13524,18602,59986,40387,775,119750,9502,599,10101,129851
2005,GSP,6693,45811,8166,999,61669,20,163,2655,293,3131,6713,45974,10821,1292,64800,655,694,1349,66149
2005,GTF,12571,10151,4268,4595,31585,20,523,6491,1236,8270,12591,10674,10759,5831,39855,7508,1908,9416,49271
2005,GTR,33,3905,2608,8289,14835,0,256,8670,2288,11214,33,4161,11278,10577,26049,13083,4408,17491,43540
2005,GUM,17792,7712,448,572,26524,0,111,5420,2627,8158,17792,7823,5868,3199,34682,15501,1411,16912,51594
2005,GYH,0,1380,3739,1427,6546,0,2885,12059,1366,16310,0,4265,15798,2793,22856,20273,764,21037,43893
2005,GYR,322,144,1206,18,1690,21,3648,51798,2749,58216,343,3792,53004,2767,59906,39910,1230,41140,101046
2005,GYY,722,913,7647,114,9396,27,664,12765,448,13904,749,1577,20412,562,23300,21673,768,22441,45741
2005,HEF,0,5622,18065,79,23766,0,1214,55637,178,57029,0,6836,73702,257,80795,44642,156,44798,125593
2005,HFD,0,3129,4267,9,7405,7,2217,49581,166,51971,7,5346,53848,175,59376,42032,242,42274,101650
2005,HGR,0,1659,5235,607,7501,0,1565,23514,2003,27082,0,3224,28749,2610,34583,14556,2326,16882,51465
2005,HHR,0,484,7265,12,7761,1,731,32825,503,34060,1,1215,40090,515,41821,29014,18,29032,70853
2005,HIO,0,5277,13633,57,18967,0,4412,55307,170,59889,0,9689,68940,227,78856,140311,60,140371,219227
2005,HKS,0,3448,7599,558,11605,0,303,15659,2180,18142,0,3751,23258,2738,29747,22961,2240,25201,54948
2005,HKY,6,1614,8946,35,10601,0,0,14549,156,14705,6,1614,23495,191,25306,11256,116,11372,36678
2005,HLG,0,989,1593,350,2932,7,413,12354,2840,15614,7,1402,13947,3190,18546,17176,8504,25680,44226
2005,HLN,1307,12765,3076,416,17564,0,1486,14586,1436,17508,1307,14251,17662,1852,35072,17494,2123,19617,54689
2005,HND,0,167,3368,0,3535,0,9231,30016,145,39392,0,9398,33384,145,42927,37922,30,37952,80879
2005,HNL,181988,34437,13262,13169,242856,1522,31265,51170,1500,85457,183510,65702,64432,14669,328313,2083,150,2233,330546
2005,HOB,0,1918,869,37,2824,0,359,4213,40,4612,0,2277,5082,77,7436,3660,166,3826,11262
2005,HOU,105729,29437,61673,182,197021,30,21948,20486,101,42565,105759,51385,82159,283,239586,2746,53,2799,242385
2005,HPN,5795,63757,59221,46,128819,193,1373,43061,201,44828,5988,65130,102282,247,173647,20175,84,20259,193906
2005,HRL,11644,4065,3877,4985,24571,58,8,7262,193,7521,11702,4073,11139,5178,32092,4207,20566,24773,56865
2005,HSV,6387,31132,13130,7522,58171,37,178,7858,290,8363,6424,31310,20988,7812,66534,18628,16757,35385,101919
2005,HTS,1693,8662,5821,318,16494,64,383,6008,131,6586,1757,9045,11829,449,23080,13698,46,13744,36824
2005,HUF,76,1153,11426,3030,15685,0,114,20808,954,21876,76,1267,32234,3984,37561,40695,2674,43369,80930
2005,HUM,0,1412,3303,75,4790,0,57044,18272,994,76310,0,58456,21575,1069,81100,14278,100,14378,95478
2005,HUT,0,216,4612,1258,6086,0,690,19831,151,20672,0,906,24443,1409,26758,20974,2973,23947,50705
2005,HVN,0,6090,4885,52,11027,0,47,17768,192,18007,0,6137,22653,244,29034,38240,819,39059,68093
2005,HWD,0,919,8154,3,9076,0,328,53535,56,53919,0,1247,61689,59,62995,62004,58,62062,125057
2005,HWO,0,1,2474,0,2475,1,5,48787,19,48812,1,6,51261,19,51287,86358,22,86380,137667
2005,HXD,0,8436,14428,33,22897,0,130,9497,163,9790,0,8566,23925,196,32687,1896,75,1971,34658
2005,HYA,4,24688,7271,16,31979,0,60968,17113,41,78122,4,85656,24384,57,110101,7257,445,7702,117803
2005,IAD,153427,319667,73212,1041,547347,859,2181,417,48,3505,154286,321848,73629,1089,550852,2102,67,2169,553021
2005,IAG,515,870,4026,3099,8510,40,55,11322,968,12385,555,925,15348,4067,20895,17239,8254,25493,46388
2005,IAH,268703,278279,14299,173,561454,12,197,1752,29,1990,268715,278476,16051,202,563444,70,0,70,563514
2005,ICT,16564,37029,46958,5253,105804,566,3264,33849,528,38207,17130,40293,80807,5781,144011,24724,7819,32543,176554
2005,IDA,712,9699,2455,56,12922,8,3254,17039,71,20372,720,12953,19494,127,33294,11221,134,11355,44649
2005,IFP,1021,194,929,47,2191,42,3630,16227,165,20064,1063,3824,17156,212,22255,5117,190,5307,27562
2005,ILG,70,3765,22730,1856,28421,0,38,26650,787,27475,70,3803,49380,2643,55896,70247,7969,78216,134112
2005,ILM,4882,17415,20454,2331,45082,13,1121,14937,886,16957,4895,18536,35391,3217,62039,9879,2296,12175,74214
2005,IND,77365,113186,27466,1196,219213,124,138,3810,166,4238,77489,113324,31276,1362,223451,735,1,736,224187
2005,INT,429,1951,14883,50,17313,12,1059,20456,271,21798,441,3010,35339,321,39111,24224,136,24360,63471
2005,IPT,2,5199,3706,66,8973,0,1325,10367,292,11984,2,6524,14073,358,20957,8045,177,8222,29179
2005,ISM,5,1848,17969,65,19887,0,477,57381,63,57921,5,2325,75350,128,77808,72224,210,72434,150242
2005,ISO,195,3082,4544,3044,10865,0,51,9106,1019,10176,195,3133,13650,4063,21041,5499,5152,10651,31692
2005,ISP,21258,9111,18957,360,49686,3956,1897,50206,1611,57670,25214,11008,69163,1971,107356,65288,491,65779,173135
2005,ITH,0,10231,5283,60,15574,0,78,7872,64,8014,0,10309,13155,124,23588,28751,244,28995,52583
2005,ITO,16567,4789,1069,3128,25553,431,52283,10198,1639,64551,16998,57072,11267,4767,90104,16641,5240,21881,111985
2005,IWA,881,1377,3396,3077,8731,64,6372,89183,2211,97830,945,7749,92579,5288,106561,163839,6089,169928,276489
2005,IXD,13,1376,7769,200,9358,0,60,15491,807,16358,13,1436,23260,1007,25716,16718,428,17146,42862
2005,JAC,3708,9471,7447,123,20749,71,1521,6978,150,8720,3779,10992,14425,273,29469,3585,18,3603,33072
2005,JAN,12842,17483,12346,5470,48141,4,668,3720,631,5023,12846,18151,16066,6101,53164,1895,15517,17412,70576
2005,JAX,53154,41468,16076,4397,115095,2,233,3497,568,4300,53156,41701,19573,4965,119395,717,3326,4043,123438
2005,JEF,0,466,6331,422,7219,0,57,10807,2538,13402,0,523,17138,2960,20621,7184,4160,11344,31965
2005,JFK,296222,58012,4648,176,359058,6,1206,2328,82,3622,296228,59218,6976,258,362680,0,0,0,362680
2005,JLN,12,2428,4806,27,7273,0,11,11297,90,11398,12,2439,16103,117,18671,11112,54,11166,29837
2005,JNU,9235,1297,982,140,11654,134,73563,11651,376,85724,9369,74860,12633,516,97378,7386,404,7790,105168
2005,JQF,0,8569,19038,27,27634,0,244,23784,81,24109,0,8813,42822,108,51743,13164,8,13172,64915
2005,JRF,89,65,857,1031,2042,1741,393,17386,3291,22811,1830,458,18243,4322,24853,122181,16258,138439,163292
2005,JVL,113,3836,3903,84,7936,2,733,26821,258,27814,115,4569,30724,342,35750,22243,515,22758,58508
2005,JXN,4,326,8268,44,8642,2,426,23612,46,24086,6,752,31880,90,32728,16008,110,16118,48846
2005,KOA,22494,8601,2794,3004,36893,3,13939,16943,682,31567,22497,22540,19737,3686,68460,73055,13456,86511,154971
2005,KWA,800,2868,53,252,3973,108,1256,18,1872,3254,908,4124,71,2124,7227,136,534,670,7897
2005,LAF,32,489,11048,36,11605,0,178,33905,24,34107,32,667,44953,60,45712,69502,28,69530,115242
2005,LAL,0,664,14074,716,15454,0,79,49533,443,50055,0,743,63607,1159,65509,34618,1234,35852,101361
2005,LAN,11546,15211,13007,777,40541,274,249,14517,523,15563,11820,15460,27524,1300,56104,23953,1550,25503,81607
2005,LAS,392256,41784,57097,1805,492942,881,108429,11215,845,121370,393137,150213,68312,2650,614312,0,0,0,614312
2005,LAW,129,3603,2513,26044,32289,1,1,5358,178,5538,130,3604,7871,26222,37827,2737,904,3641,41468
2005,LAX,449284,174497,13022,545,637348,5636,3454,1961,2047,13098,454920,177951,14983,2592,650446,90,3,93,650539
2005,LBB,10849,19908,13398,12677,56832,70,2102,14085,450,16707,10919,22010,27483,13127,73539,15492,11099,26591,100130
2005,LBE,239,2898,7173,219,10529,6,46,16328,606,16986,245,2944,23501,825,27515,16593,1382,17975,45490
2005,LCH,21,4363,4405,3805,12594,84,4968,5125,385,10562,105,9331,9530,4190,23156,8612,3732,12344,35500
2005,LEB,2,3835,3880,19,7736,0,3272,18560,381,22213,2,7107,22440,400,29949,32523,444,32967,62916
2005,LEX,5453,32197,21671,532,59853,0,183,16311,242,16736,5453,32380,37982,774,76589,5452,409,5861,82450
2005,LFT,891,15015,14442,542,30890,230,23239,14101,325,37895,1121,38254,28543,867,68785,14182,968,15150,83935
2005,LGA,211334,182757,9503,289,403883,0,63,1554,13,1630,211334,182820,11057,302,405513,0,0,0,405513
2005,LGB,28802,4398,39205,404,72809,855,2559,109154,316,112884,29657,6957,148359,720,185693,172598,4,172602,358295
2005,LIH,27218,2988,1032,2569,33807,1,51999,3894,808,56702,27219,54987,4926,3377,90509,14713,2281,16994,107503
2005,LIT,25802,38341,38815,7250,110208,2,650,24037,857,25546,25804,38991,62852,8107,135754,7361,24765,32126,167880
2005,LMT,0,4512,3715,4828,13055,0,251,1172,489,1912,0,4763,4887,5317,14967,28561,10130,38691,53658
2005,LNK,654,16200,17931,10752,45537,18,1399,13166,2579,17162,672,17599,31097,13331,62699,8481,5494,13975,76674
2005,LNS,0,4438,13440,431,18309,0,555,45976,571,47102,0,4993,59416,1002,65411,50784,1601,52385,117796
2005,LOU,0,1545,12168,183,13896,0,770,36897,325,37992,0,2315,49065,508,51888,52414,154,52568,104456
2005,LRD,4101,12197,11914,2980,31192,15,149,8808,1194,10166,4116,12346,20722,4174,41358,4576,9539,14115,55473
2005,LSE,1483,7518,4860,295,14156,21,826,10733,401,11981,1504,8344,15593,696,26137,12797,1086,13883,40020
2005,LUK,12,15592,27758,139,43501,351,1505,17544,197,19597,363,17097,45302,336,63098,17721,32,17753,80851
2005,LVK,0,1306,10807,40,12153,0,248,63616,146,64010,0,1554,74423,186,76163,94296,24,94320,170483
2005,LWB,849,3210,6032,128,10219,12,26,6040,464,6542,861,3236,12072,592,16761,9844,7748,17592,34353
2005,LWM,0,102,4191,0,4293,1,6,18651,1,18659,1,108,22842,1,22952,47747,130,47877,70829
2005,LWS,48,9826,2011,117,12002,0,1548,16095,111,17754,48,11374,18106,228,29756,10394,636,11030,40786
2005,LYH,40,7093,8502,299,15934,0,119,16898,360,17377,40,7212,25400,659,33311,23474,356,23830,57141
2005,LZU,0,2500,16192,25,18717,0,934,48493,128,49555,0,3434,64685,153,68272,28295,6,28301,96573
2005,MAF,9547,13032,14146,15354,52079,13,751,10425,866,12055,9560,13783,24571,16220,64134,4696,18060,22756,86890
2005,MBS,10754,4237,10240,104,25335,3,420,8158,20,8601,10757,4657,18398,124,33936,16446,66,16512,50448
2005,MCI,126869,32092,8442,778,168181,6,82,3512,54,3654,126875,32174,11954,832,171835,246,123,369,172204
2005,MCN,73,155,2332,184,2744,665,1393,14998,4611,21667,738,1548,17330,4795,24411,4384,273,4657,29068
2005,MCO,255533,80086,18355,643,354617,15,555,4324,86,4980,255548,80641,22679,729,359597,12,0,12,359609
2005,MDH,2,1130,1578,12,2722,0,310,36484,293,37087,2,1440,38062,305,39809,70350,8,70358,110167
2005,MDT,9311,37646,9056,2416,58429,689,535,3647,115,4986,10000,38181,12703,2531,63415,2655,5787,8442,71857
2005,MDW,178436,43479,45395,477,267787,7180,1887,13414,323,22804,185616,45366,58809,800,290591,161,4,165,290756
2005,MEI,21,2561,5452,17620,25654,0,34,5787,2100,7921,21,2595,11239,19720,33575,6109,23022,29131,62706
2005,MEM,223667,132463,30201,1410,387741,40,1062,5379,392,6873,223707,133525,35580,1802,394614,0,0,0,394614
2005,MFD,12,4212,10798,2125,17147,28,277,9183,672,10160,40,4489,19981,2797,27307,4162,2114,6276,33583
2005,MFE,6348,3504,13097,6867,29816,37,25,20103,6,20171,6385,3529,33200,6873,49987,10728,352,11080,61067
2005,MFR,2375,21001,5242,169,28787,1,1389,17643,96,19129,2376,22390,22885,265,47916,13650,416,14066,61982
2005,MGM,3514,8822,15856,11302,39494,137,31,8234,2478,10880,3651,8853,24090,13780,50374,4671,12551,17222,67596
2005,MGW,0,4137,4758,700,9595,0,6154,13440,1244,20838,0,10291,18198,1944,30433,9963,1166,11129,41562
2005,MHK,129,2884,4064,459,7536,0,11,8834,487,9332,129,2895,12898,946,16868,10122,636,10758,27626
2005,MHR,4639,6441,10549,2121,23750,9,4623,28414,2490,35536,4648,11064,38963,4611,59286,20474,5824,26298,85584
2005,MHT,43425,32490,5129,363,81407,5,195,13819,71,14090,43430,32685,18948,434,95497,8113,43,8156,103653
2005,MIA,294085,59485,19434,1324,374328,380,583,5899,116,6978,294465,60068,25333,1440,381306,0,0,0,381306
2005,MIC,0,12,4554,6,4572,0,74,30854,77,31005,0,86,35408,83,35577,36062,65,36127,71704
2005,MIE,12,297,4870,85,5264,0,53,16666,150,16869,12,350,21536,235,22133,8632,532,9164,31297
2005,MKC,0,0,0,0,0,16,15204,55719,464,71403,16,15204,55719,464,71403,26986,209,27195,98598
2005,MKE,70790,122204,15787,2395,211176,1,784,6853,123,7761,70791,122988,22640,2518,218937,177,0,177,219114
2005,MKG,19,5603,11867,570,18059,68,233,12024,479,12804,87,5836,23891,1049,30863,18830,1336,20166,51029
2005,MKK,0,7629,775,771,9175,0,18720,7841,730,27291,0,26349,8616,1501,36466,2342,530,2872,39338
2005,MKL,0,2470,4225,356,7051,0,639,11995,1695,14329,0,3109,16220,2051,21380,16084,2957,19041,40421
2005,MLB,3654,3693,32595,398,40340,0,0,48452,103,48555,3654,3693,81047,501,88895,67577,48,67625,156520
2005,MLI,4761,19951,9666,447,34825,52,672,9395,120,10239,4813,20623,19061,567,45064,13158,224,13382,58446
2005,MLU,53,8861,11021,6571,26506,29,228,11640,2950,14847,82,9089,22661,9521,41353,8295,6260,14555,55908
2005,MMU,0,11839,26647,275,38761,0,1151,106933,203,108287,0,12990,133580,478,147048,68950,274,69224,216272
2005,MOB,5629,10160,11113,17438,44340,257,1337,7351,7583,16528,5886,11497,18464,25021,60868,8364,26382,34746,95614
2005,MOD,2,3030,8308,179,11519,0,5799,28886,101,34786,2,8829,37194,280,46305,25861,65,25926,72231
2005,MOT,1570,4239,1919,175,7903,0,1943,9301,198,11442,1570,6182,11220,373,19345,15716,4740,20456,39801
2005,MQY,46,1764,14167,1559,17536,0,224,22121,1747,24092,46,1988,36288,3306,41628,26457,1671,28128,69756
2005,MRI,0,425,608,0,1033,0,14655,73154,103,87912,0,15080,73762,103,88945,101607,264,101871,190816
2005,MRY,1143,20536,25694,562,47935,41,731,30538,259,31569,1184,21267,56232,821,79504,10711,129,10840,90344
2005,MSN,13406,25799,20797,3698,63700,94,1527,22633,1717,25971,13500,27326,43430,5415,89671,25506,2345,27851,117522
2005,MSO,3635,13639,4239,190,21703,16,3369,16521,148,20054,3651,17008,20760,338,41757,12127,577,12704,54461
2005,MSP,338344,157840,30841,2787,529812,152,274,1659,50,2135,338496,158114,32500,2837,531947,0,0,0,531947
2005,MSY,83253,12352,13666,1338,110609,72,5448,11262,6315,23097,83325,17800,24928,7653,133706,0,5,5,133711
2005,MTN,0,2265,14161,2833,19259,0,1355,34509,1604,37468,0,3620,48670,4437,56727,28049,1080,29129,85856
2005,MVY,8,12201,8394,37,20640,1,11621,18098,118,29838,9,23822,26492,155,50478,2152,115,2267,52745
2005,MWA,17,4204,934,40,5195,2,1451,7608,299,9360,19,5655,8542,339,14555,12014,117,12131,26686
2005,MWC,0,948,4930,1,5879,0,138,38265,22,38425,0,1086,43195,23,44304,33810,6,33816,78120
2005,MWH,2650,3195,5218,5763,16826,4365,1731,13009,1681,20786,7015,4926,18227,7444,37612,25940,16979,42919,80531
2005,MYF,0,2777,32091,59,34927,0,962,94689,107,95758,0,3739,126780,166,130685,114511,38,114549,245234
2005,MYR,14525,15395,8784,2256,40960,745,3481,5482,307,10015,15270,18876,14266,2563,50975,3433,1953,5386,56361
2005,NEW,3,3501,17005,1900,22409,28,591,19131,2308,22058,31,4092,36136,4208,44467,19984,1312,21296,65763
2005,NQA,47,65,2985,4863,7960,3,384,5974,1221,7582,50,449,8959,6084,15542,4614,22662,27276,42818
2005,OAK,171323,22337,24832,127,218619,0,1169,58241,512,59922,171323,23506,83073,639,278541,69148,24,69172,347713
2005,OGD,6,205,2244,27,2482,8,23,38834,140,39005,14,228,41078,167,41487,75003,300,75303,116790
2005,OGG,51090,8404,2224,2823,64541,6747,69055,12657,559,89018,57837,77459,14881,3382,153559,13373,517,13890,167449
2005,OJC,0,330,11752,43,12125,270,242,39553,89,40154,270,572,51305,132,52279,36076,96,36172,88451
2005,OKC,42135,25152,15772,10811,93870,1143,990,6110,1001,9244,43278,26142,21882,11812,103114,2158,7999,10157,113271
2005,OLM,0,1157,6259,130,7546,0,276,33467,576,34319,0,1433,39726,706,41865,41034,129,41163,83028
2005,OLV,0,624,718,10,1352,0,75,2856,23,2954,0,699,3574,33,4306,3705,10,3715,8021
2005,OMA,49453,37070,27043,1010,114576,9,1828,11974,212,14023,49462,38898,39017,1222,128599,14373,1145,15518,144117
2005,OMN,0,16,7895,3,7914,2,28,69046,37,69113,2,44,76941,40,77027,59239,204,59443,136470
2005,ONT,92287,24241,10944,74,127546,3,1814,7382,32,9231,92290,26055,18326,106,136777,6605,12,6617,143394
2005,OPF,97,5461,21348,1428,28334,0,1198,49279,4735,55212,97,6659,70627,6163,83546,37970,7395,45365,128911
2005,ORD,620311,325053,11543,121,957028,564,612,13933,109,15218,620875,325665,25476,230,972246,0,0,0,972246
2005,ORF,40665,39100,19687,1003,100455,87,408,10788,328,11611,40752,39508,30475,1331,112066,5505,4452,9957,122023
2005,ORH,51,675,5438,45,6209,0,2001,24960,140,27101,51,2676,30398,185,33310,32345,334,32679,65989
2005,ORL,0,10311,41031,278,51620,0,1917,53339,137,55393,0,12228,94370,415,107013,49810,129,49939,156952
2005,OSH,1,1041,5045,297,6384,0,98,48687,133,48918,1,1139,53732,430,55302,40906,392,41298,96600
2005,OSU,0,3135,16361,77,19573,0,18,45833,299,46150,0,3153,62194,376,65723,28516,27,28543,94266
2005,OUN,0,359,10145,247,10751,0,74,27629,772,28475,0,433,37774,1019,39226,54147,196,54343,93569
2005,OWB,0,3643,3910,230,7783,0,202,24236,415,24853,0,3845,28146,645,32636,34481,2093,36574,69210
2005,OWD,0,385,7050,5,7440,0,426,30954,75,31455,0,811,38004,80,38895,31509,92,31601,70496
2005,OXC,0,1320,5421,25,6766,0,1139,27224,436,28799,0,2459,32645,461,35565,19652,484,20136,55701
2005,OXR,0,5658,15613,106,21377,0,4798,34366,1134,40298,0,10456,49979,1240,61675,40183,4,40187,101862
2005,PAE,1818,2187,18162,365,22532,324,1123,53078,307,54832,2142,3310,71240,672,77364,71893,322,72215,149579
2005,PAH,8,6292,4580,131,11011,1,547,11896,584,13028,9,6839,16476,715,24039,11678,276,11954,35993
2005,PAO,0,137,7694,2,7833,0,2577,65627,12,68216,0,2714,73321,14,76049,110357,14,110371,186420
2005,PBI,61151,36588,53975,848,152562,276,1158,40020,76,41530,61427,37746,93995,924,194092,3672,187,3859,197951
2005,PDK,13,17675,75469,205,93362,7,846,60703,146,61702,20,18521,136172,351,155064,47891,7,47898,202962
2005,PDT,0,4751,898,135,5784,0,1843,10615,657,13115,0,6594,11513,792,18899,5252,420,5672,24571
2005,PDX,134472,86075,18320,5457,244324,1080,3716,9662,547,15005,135552,89791,27982,6004,259329,2505,519,3024,262353
2005,PFN,4571,9228,16321,2027,32147,20,903,17493,1253,19669,4591,10131,33814,3280,51816,30928,5205,36133,87949
2005,PHF,12791,15495,11861,4520,44667,869,737,48091,14181,63878,13660,16232,59952,18701,108545,73464,41862,115326,223871
2005,PHL,291728,215139,19208,250,526325,3,1817,6497,1510,9827,291731,216956,25705,1760,536152,1,0,1,536153
2005,PHX,409677,86951,20828,1760,519216,34,9284,20512,1133,30963,409711,96235,41340,2893,550179,13275,82,13357,563536
2005,PIA,3371,17546,11238,3130,35285,111,357,8017,3248,11733,3482,17903,19255,6378,47018,7948,3529,11477,58495
2005,PIE,7807,3063,31211,2746,44827,1,3720,62863,7714,74298,7808,6783,94074,10460,119125,79381,5571,84952,204077
2005,PIH,378,8822,1874,103,11177,171,3814,13400,114,17499,549,12636,15274,217,28676,14678,746,15424,44100
2005,PIT,82486,155504,20173,8795,266958,5,154,1330,176,1665,82491,155658,21503,8971,268623,0,0,0,268623
2005,PKB,2,4813,4862,925,10602,28,37,12751,2212,15028,30,4850,17613,3137,25630,9870,5750,15620,41250
2005,PMD,117,753,4370,4195,9435,124,458,8656,5201,14439,241,1211,13026,9396,23874,2012,11913,13925,37799
2005,PMP,0,41,6644,3,6688,0,9,35992,13,36014,0,50,42636,16,42702,88080,2,88082,130784
2005,PNE,0,3143,16562,0,19705,0,658,52052,0,52710,0,3801,68614,0,72415,35639,0,35639,108054
2005,PNS,10540,28182,17178,20901,76801,0,958,14956,2314,18228,10540,29140,32134,23215,95029,30769,3689,34458,129487
2005,POC,0,46,9699,0,9745,3,298,76826,269,77396,3,344,86525,269,87141,84680,21,84701,171842
2005,POU,0,585,5251,45,5881,11,276,40907,126,41320,11,861,46158,171,47201,73146,282,73428,120629
2005,PRC,2,3215,3919,143,7279,194,1983,76934,169,79280,196,5198,80853,312,86559,149597,641,150238,236797
2005,PSC,5990,16871,7470,789,31120,349,1713,18487,471,21020,6339,18584,25957,1260,52140,29146,2024,31170,83310
2005,PSP,9805,22628,12782,352,45567,326,1095,29619,250,31290,10131,23723,42401,602,76857,16069,150,16219,93076
2005,PTK,2064,13294,41521,46,56925,214,2381,50477,35,53107,2278,15675,91998,81,110032,97090,0,97090,207122
2005,PUB,178,4369,13654,6734,24935,275,819,17089,990,19173,453,5188,30743,7724,44108,51817,17206,69023,113131
2005,PVD,55985,28044,10869,162,95060,7,4338,12774,67,17186,55992,32382,23643,229,112246,4495,12,4507,116753
2005,PVU,37,251,1207,9,1504,2,992,30880,96,31970,39,1243,32087,105,33474,52218,380,52598,86072
2005,PWA,0,2684,17513,421,20618,0,2065,35717,25,37807,0,4749,53230,446,58425,24250,1300,25550,83975
2005,PWK,0,12090,31590,36,43716,0,115,57123,15,57253,0,12205,88713,51,100969,21294,1,21295,122264
2005,PWM,10341,31581,10534,950,53406,28,711,12401,265,13405,10369,32292,22935,1215,66811,13256,190,13446,80257
2005,RAL,0,159,8317,25,8501,0,256,38149,32,38437,0,415,46466,57,46938,49126,38,49164,96102
2005,RAP,3065,11982,8264,642,23953,63,350,12858,2118,15389,3128,12332,21122,2760,39342,11341,1702,13043,52385
2005,RBD,0,10,4325,58,4393,0,3,24504,17,24524,0,13,28829,75,28917,53566,144,53710,82627
2005,RDD,1905,5540,3731,217,11393,51,5837,31249,363,37500,1956,11377,34980,580,48893,21128,304,21432,70325
2005,RDG,44,4576,14730,653,20003,1,1637,32529,417,34584,45,6213,47259,1070,54587,57604,2557,60161,114748
2005,RDM,24,14879,2743,135,17781,500,1384,17520,182,19586,524,16263,20263,317,37367,24906,198,25104,62471
2005,RDU,77059,110940,35871,1209,225079,1,1413,18878,2492,22784,77060,112353,54749,3701,247863,229,549,778,248641
2005,RFD,13480,3265,17484,798,35027,203,472,18469,359,19503,13683,3737,35953,1157,54530,12708,1809,14517,69047
2005,RHV,0,0,2784,0,2784,0,0,66352,0,66352,0,0,69136,0,69136,126579,0,126579,195715
2005,RIC,25090,67946,25130,7833,125999,678,90,20,0,788,25768,68036,25150,7833,126787,3276,4351,7627,134414
2005,RNM,0,100,1487,2,1589,2,29,35466,388,35885,2,129,36953,390,37474,102802,624,103426,140900
2005,RNO,54787,19943,17842,1327,93899,29,17376,29521,2603,49529,54816,37319,47363,3930,143428,9995,331,10326,153754
2005,RNT,229,275,4126,5,4635,12,752,28328,24,29116,241,1027,32454,29,33751,45908,2,45910,79661
2005,ROA,2602,31448,13818,745,48613,2,1432,10242,261,11937,2604,32880,24060,1006,60550,24668,676,25344,85894
2005,ROC,32493,43809,13681,346,90329,1,1615,12738,788,15142,32494,45424,26419,1134,105471,29678,1620,31298,136769
2005,ROG,0,446,5868,0,6314,0,183,3322,21,3526,0,629,9190,21,9840,1198,16,1214,11054
2005,ROW,171,8425,5815,11329,25740,51,954,10899,1104,13008,222,9379,16714,12433,38748,7802,13233,21035,59783
2005,RST,3339,14008,11621,1385,30353,17,63,12214,151,12445,3356,14071,23835,1536,42798,18539,3459,21998,64796
2005,RSW,66953,11653,9510,1027,89143,130,1237,3570,109,5046,67083,12890,13080,1136,94189,1186,773,1959,96148
2005,RVS,0,370,23244,5,23619,478,739,122129,281,123627,478,1109,145373,286,147246,199639,418,200057,347303
2005,RYN,2,0,1270,29,1301,2,4,54300,2146,56452,4,4,55570,2175,57753,100486,2380,102866,160619
2005,RYY,0,4056,16511,153,20720,0,928,40203,530,41661,0,4984,56714,683,62381,41422,366,41788,104169
2005,SAC,0,358,19817,41,20216,440,2016,72500,350,75306,440,2374,92317,391,95522,21967,284,22251,117773
2005,SAF,0,5682,8587,521,14790,0,832,23279,1532,25643,0,6514,31866,2053,40433,32226,2338,34564,74997
2005,SAN,146610,52277,13118,524,212529,5315,2754,4210,615,12894,151925,55031,17328,1139,225423,2425,1344,3769,229192
2005,SAT,94920,17899,40988,3683,157490,6,6557,42190,1730,50483,94926,24456,83178,5413,207973,6864,908,7772,215745
2005,SAV,13813,30769,25986,4309,74877,320,158,12746,840,14064,14133,30927,38732,5149,88941,14194,1472,15666,104607
2005,SAW,6,9587,2323,262,12178,0,133,6778,114,7025,6,9720,9101,376,19203,7000,832,7832,27035
2005,SBA,3321,35430,23892,401,63044,59,3792,40424,194,44469,3380,39222,64316,595,107513,47705,53,47758,155271
2005,SBN,3159,24507,13631,96,41393,1,232,10097,32,10362,3160,24739,23728,128,51755,12800,84,12884,64639
2005,SBP,2,13825,6735,197,20759,0,2567,34939,323,37829,2,16392,41674,520,58588,33853,118,33971,92559
2005,SBY,3,6305,4474,403,11185,0,549,19422,1580,21551,3,6854,23896,1983,32736,16050,5672,21722,54458
2005,SCK,578,1516,18868,922,21884,12,243,34712,857,35824,590,1759,53580,1779,57708,23955,769,24724,82432
2005,SDF,82401,77876,14834,2495,177606,160,875,3697,602,5334,82561,78751,18531,3097,182940,35,0,35,182975
2005,SDL,0,10181,31647,114,41942,0,1635,93136,164,94935,0,11816,124783,278,136877,75544,8,75552,212429
2005,SDM,3,2175,9595,110,11883,0,248,17419,2242,19909,3,2423,27014,2352,31792,79987,5119,85106,116898
2005,SEA,237016,78085,2474,58,317633,17813,5843,180,1,23837,254829,83928,2654,59,341470,284,8,292,341762
2005,SEE,0,8,10693,0,10701,0,4,83671,2,83677,0,12,94364,2,94378,147789,12,147801,242179
2005,SFB,9297,1170,51623,16,62106,0,0,84096,2,84098,9297,1170,135719,18,146204,173588,20,173608,319812
2005,SFF,0,2257,3349,25,5631,0,4615,27202,151,31968,0,6872,30551,176,37599,30097,36,30133,67732
2005,SFO,241441,89797,17525,1275,350038,51,226,2108,1173,3558,241492,90023,19633,2448,353596,178,0,178,353774
2005,SGF,5037,28986,17088,2770,53881,183,643,12856,1588,15270,5220,29629,29944,4358,69151,12854,3383,16237,85388
2005,SGJ,15,4571,13327,693,18606,0,306,46545,2246,49097,15,4877,59872,2939,67703,53845,5251,59096,126799
2005,SGR,0,1930,14804,60,16794,0,2532,27543,58,30133,0,4462,42347,118,46927,43228,112,43340,90267
2005,SHV,5508,24278,13577,3300,46663,4,151,7085,749,7989,5512,24429,20662,4049,54652,3160,2261,5421,60073
2005,SIG,0,33,5290,107,5430,0,15478,45204,1102,61784,0,15511,50494,1209,67214,49236,44,49280,116494
2005,SJC,125503,28732,24091,43,178369,25,328,21777,32,22162,125528,29060,45868,75,200531,18575,0,18575,219106
2005,SJT,2115,5259,5381,4236,16991,1,372,12816,128,13317,2116,5631,18197,4364,30308,11296,31144,42440,72748
2005,SJU,108730,29010,12080,1822,151642,0,29738,17668,322,47728,108730,58748,29748,2144,199370,24,0,24,199394
2005,SLC,168329,202858,24653,2362,398202,104,8000,43532,377,52013,168433,210858,68185,2739,450215,4985,14,4999,455214
2005,SLE,0,808,6696,472,7976,8,844,23704,1981,26537,8,1652,30400,2453,34513,14604,1353,15957,50470
2005,SLN,171,4931,11361,1020,17483,0,602,24803,1282,26687,171,5533,36164,2302,44170,38925,3246,42171,86341
2005,SMF,109492,18624,14975,1193,144284,0,0,6339,5,6344,109492,18624,21314,1198,150628,15811,1820,17631,168259
2005,SMO,0,11408,25730,14,37152,0,1384,51844,828,54056,0,12792,77574,842,91208,42969,28,42997,134205
2005,SMX,49,6495,5798,213,12555,1,6684,24000,220,30905,50,13179,29798,433,43460,27034,1014,28048,71508
2005,SNA,88040,25626,53871,86,167623,48,361,80128,65,80602,88088,25987,133999,151,248225,118814,0,118814,367039
2005,SNS,0,438,8513,37,8988,0,1214,31482,84,32780,0,1652,39995,121,41768,35832,91,35923,77691
2005,SPG,0,35,4003,6,4044,0,3312,31700,1129,36141,0,3347,35703,1135,40185,38681,903,39584,79769
2005,SPI,42,8059,13833,2681,24615,0,512,11837,309,12658,42,8571,25670,2990,37273,14908,2701,17609,54882
2005,SQL,0,1007,3695,1,4703,3,2209,68963,32,71207,3,3216,72658,33,75910,75720,12,75732,151642
2005,SRQ,14395,11473,29751,832,56451,112,1214,61861,493,63680,14507,12687,91612,1325,120131,41205,725,41930,162061
2005,SSF,0,23,4502,6388,10913,0,0,36724,469,37193,0,23,41226,6857,48106,67869,246,68115,116221
2005,STC,0,3558,4218,19,7795,0,6,20698,107,20811,0,3564,24916,126,28606,32693,174,32867,61473
2005,STJ,6,64,3653,2639,6362,8,394,10390,2165,12957,14,458,14043,4804,19319,7194,4043,11237,30556
2005,STL,138304,130762,11160,7592,287818,16,944,7149,492,8601,138320,131706,18309,8084,296419,555,30,585,297004
2005,STP,0,9187,33259,859,43305,0,1678,32213,3605,37496,0,10865,65472,4464,80801,46316,4591,50907,131708
2005,STS,0,2523,10165,58,12746,0,2269,53573,275,56117,0,4792,63738,333,68863,45986,66,46052,114915
2005,STT,12023,8012,4781,346,25162,1134,35672,15440,636,52882,13157,43684,20221,982,78044,4948,42,4990,83034
2005,STX,6521,4764,2680,609,14574,0,21592,10623,514,32729,6521,26356,13303,1123,47303,6486,306,6792,54095
2005,SUA,0,4210,13321,18,17549,176,2200,43020,445,45841,176,6410,56341,463,63390,25516,407,25923,89313
2005,SUN,1133,11866,9696,11,22706,4,2469,15165,8,17646,1137,14335,24861,19,40352,3264,2,3266,43618
2005,SUS,78,10544,40491,392,51505,9,2220,44115,235,46579,87,12764,84606,627,98084,46154,97,46251,144335
2005,SUX,14,5308,9614,3591,18527,34,157,6130,415,6736,48,5465,15744,4006,25263,4922,1842,6764,32027
2005,SWF,3175,15290,8893,2260,29618,38,2472,30536,2250,35296,3213,17762,39429,4510,64914,35545,3501,39046,103960
2005,SWO,0,308,2379,642,3329,0,364,30539,368,31271,0,672,32918,1010,34600,35513,916,36429,71029
2005,SYR,20337,47203,14048,5965,87553,488,386,18342,416,19632,20825,47589,32390,6381,107185,8322,6797,15119,122304
2005,TCL,188,1866,8748,3266,14068,2,298,13204,5723,19227,190,2164,21952,8989,33295,22270,2246,24516,57811
2005,TEB,0,73046,98044,102,171192,0,3908,37064,40,41012,0,76954,135108,142,212204,26,10,36,212240
2005,TIW,0,527,9609,54,10190,0,613,39355,371,40339,0,1140,48964,425,50529,38061,52,38113,88642
2005,TIX,0,192,8167,41,8400,0,1536,52189,171,53896,0,1728,60356,212,62296,140239,39,140278,202574
2005,TKI,0,327,6706,14,7047,0,213,26364,38,26615,0,540,33070,52,33662,64332,32,64364,98026
2005,TLH,6106,30236,21496,9524,67362,2,1573,15413,1390,18378,6108,31809,36909,10914,85740,11113,2849,13962,99702
2005,TMB,0,1561,19594,102,21257,0,1172,68860,42,70074,0,2733,88454,144,91331,84223,256,84479,175810
2005,TOA,0,135,11483,45,11663,3,107,65201,389,65700,3,242,76684,434,77363,66499,116,66615,143978
2005,TOL,12169,18997,16835,2277,50278,41,992,7249,179,8461,12210,19989,24084,2456,58739,11360,1914,13274,72013
2005,TOP,0,120,3223,63,3406,0,1209,30243,1494,32946,0,1329,33466,1557,36352,28829,1250,30079,66431
2005,TPA,158709,67240,27074,403,253426,3,795,14833,90,15721,158712,68035,41907,493,269147,519,0,519,269666
2005,TRI,4790,16228,15475,417,36910,4,377,15814,164,16359,4794,16605,31289,581,53269,26954,133,27087,80356
2005,TTD,5,333,1511,3,1852,2,2965,30566,452,33985,7,3298,32077,455,35837,31139,214,31353,67190
2005,TTN,17,6668,14897,310,21892,0,209,44534,2738,47481,17,6877,59431,3048,69373,28215,430,28645,98018
2005,TUL,33554,30065,25340,12916,101875,49,1304,13729,1510,16592,33603,31369,39069,14426,118467,20067,15883,35950,154417
2005,TUP,40,4779,6147,1747,12713,0,784,25996,2501,29281,40,5563,32143,4248,41994,23085,4859,27944,69938
2005,TUS,42977,19379,16736,15447,94539,515,10940,48176,9594,69225,43492,30319,64912,25041,163764,101941,18850,120791,284555
2005,TVC,8785,10709,12130,1190,32814,27,2262,24589,2757,29635,8812,12971,36719,3947,62449,42946,10104,53050,115499
2005,TWF,308,9985,3229,669,14191,19,1079,13502,608,15208,327,11064,16731,1277,29399,8734,1830,10564,39963
2005,TXK,12,3928,6197,1949,12086,0,1251,9321,531,11103,12,5179,15518,2480,23189,12570,4942,17512,40701
2005,TYR,6,10167,8164,136,18473,2,247,20817,225,21291,8,10414,28981,361,39764,22076,298,22374,62138
2005,TYS,8876,55110,31537,9095,104618,11,1871,13044,2651,17577,8887,56981,44581,11746,122195,10918,4994,15912,138107
2005,TZR,0,121,3331,45,3497,0,370,24146,314,24830,0,491,27477,359,28327,25981,80,26061,54388
2005,UCA,63,2665,3823,659,7210,18,548,21148,1028,22742,81,3213,24971,1687,29952,36150,1453,37603,67555
2005,UES,0,1871,11771,9,13651,0,206,34125,119,34450,0,2077,45896,128,48101,35300,140,35440,83541
2005,UGN,0,2829,12699,267,15795,8,182,19800,361,20351,8,3011,32499,628,36146,38681,150,38831,74977
2005,VBG,29,32,42,967,1070,37,5262,299,1912,7510,66,5294,341,2879,8580,17,5407,5424,14004
2005,VCV,1226,273,2069,716,4284,194,8301,29795,5032,43322,1420,8574,31864,5748,47606,14629,11900,26529,74135
2005,VGT,0,6303,9316,10,15629,0,34586,64549,232,99367,0,40889,73865,242,114996,117278,6,117284,232280
2005,VLD,789,1990,7198,8521,18498,0,42,13356,2664,16062,789,2032,20554,11185,34560,14880,22411,37291,71851
2005,VNY,0,14259,52780,147,67186,0,1017,227728,104,228849,0,15276,280508,251,296035,115248,34,115282,411317
2005,VQQ,217,505,4639,2962,8323,30,471,12823,8099,21423,247,976,17462,11061,29746,23027,29703,52730,82476
2005,VRB,0,3867,22381,66,26314,0,102,50862,49,51013,0,3969,73243,115,77327,61556,11,61567,138894
2005,WDG,0,1371,2231,3910,7512,0,35,8888,4145,13068,0,1406,11119,8055,20580,7376,5775,13151,33731
2005,WHP,0,0,1716,0,1716,0,9,49263,78,49350,0,9,50979,78,51066,53122,2,53124,104190
2005,WJF,0,381,2241,165,2787,0,1312,32166,297,33775,0,1693,34407,462,36562,36844,652,37496,74058
2005,XNA,8147,27885,4288,2584,42904,11,653,2891,161,3716,8158,28538,7179,2745,46620,416,7592,8008,54628
2005,YIP,4572,19181,20022,9,43784,13,15,22773,5,22806,4585,19196,42795,14,66590,37586,3,37589,104179
2005,YKM,93,8915,5622,758,15388,0,1169,12710,297,14176,93,10084,18332,1055,29564,19031,1057,20088,49652
2005,YNG,32,295,13929,6508,20764,0,28,14270,7409,21707,32,323,28199,13917,42471,23455,15885,39340,81811
2006,ABE,17562,16602,21994,1314,57472,51,1765,23741,133,25690,17613,18367,45735,1447,83162,37727,884,38611,121773
2006,ABI,344,12817,8450,8010,29621,9,1476,14030,652,16167,353,14293,22480,8662,45788,16408,16448,32856,78644
2006,ABQ,73800,32106,15462,7573,128941,13,11258,24215,15936,51422,73813,43364,39677,23509,180363,4620,7258,11878,192241
2006,ABY,205,6195,5795,3246,15441,0,315,9692,1011,11018,205,6510,15487,4257,26459,7165,9124,16289,42748
2006,ACK,0,36991,12005,220,49216,0,85291,26090,256,111637,0,122282,38095,476,160853,586,179,765,161618
2006,ACT,177,8204,9232,1461,19074,38,1541,10876,579,13034,215,9745,20108,2040,32108,3504,792,4296,36404
2006,ACY,12360,6694,18253,16399,53706,1606,2445,12357,5001,21409,13966,9139,30610,21400,75115,25289,31545,56834,131949
2006,ADM,0,0,1649,342,1991,0,17,10891,1069,11977,0,17,12540,1411,13968,15124,3870,18994,32962
2006,ADQ,1262,4245,270,964,6741,43,16635,937,1136,18751,1305,20880,1207,2100,25492,1109,11788,12897,38389
2006,ADS,139,14339,35793,29,50300,36,2922,68670,8,71636,175,17261,104463,37,121936,11616,7,11623,133559
2006,ADW,119,12,807,35363,36301,10,0,3029,7970,11009,129,12,3836,43333,47310,1193,42184,43377,90687
2006,AEX,1650,8673,4852,3794,18969,11,81,224,75,391,1661,8754,5076,3869,19360,27256,6998,34254,53614
2006,AFW,8350,4570,8404,6752,28076,54,1126,22807,1317,25304,8404,5696,31211,8069,53380,26190,7245,33435,86815
2006,AGC,0,10740,19825,169,30734,0,10622,20493,567,31682,0,21362,40318,736,62416,20956,459,21415,83831
2006,AGS,3205,7806,11616,1926,24553,10,51,1065,126,1252,3215,7857,12681,2052,25805,3829,2013,5842,31647
2006,AHN,46,1239,10057,810,12152,1,232,21421,1140,22794,47,1471,31478,1950,34946,20777,2305,23082,58028
2006,AKN,1394,5904,441,352,8091,37,21412,6511,216,28176,1431,27316,6952,568,36267,805,1210,2015,38282
2006,ALB,26428,39606,10263,1701,77998,17,2971,18487,2330,23805,26445,42577,28750,4031,101803,11237,2469,13706,115509
2006,ALN,2,336,10446,186,10970,0,1387,18493,202,20082,2,1723,28939,388,31052,42110,860,42970,74022
2006,ALO,410,3418,8339,482,12649,1,24,7528,1546,9099,411,3442,15867,2028,21748,9296,590,9886,31634
2006,ALW,2,2466,1798,19,4285,2,723,9558,56,10339,4,3189,11356,75,14624,11138,23,11161,25785
2006,AMA,8211,12444,11663,11653,43971,25,431,9694,7628,17778,8236,12875,21357,19281,61749,5321,24915,30236,91985
2006,ANC,131543,59805,10205,1048,202601,420,26909,62660,3068,93057,131963,86714,72865,4116,295658,7450,0,7450,303108
2006,ANE,0,2757,9283,4,12044,0,370,38969,267,39606,0,3127,48252,271,51650,40941,356,41297,92947
2006,APA,0,32321,44551,859,77731,0,19939,85781,644,106364,0,52260,130332,1503,184095,134461,1243,135704,319799
2006,APC,2,3618,10490,42,14152,2,457,45217,175,45851,4,4075,55707,217,60003,56397,88,56485,116488
2006,APF,55,11796,32946,43,44840,0,144,57010,41,57195,55,11940,89956,84,102035,32718,194,32912,134947
2006,ARA,154,992,3765,5098,10009,5,17370,16281,1916,35572,159,18362,20046,7014,45581,79332,3219,82551,128132
2006,ARB,0,246,3932,9,4187,0,1836,22598,254,24688,0,2082,26530,263,28875,42910,0,42910,71785
2006,ARR,0,672,8366,205,9243,0,44,25568,140,25752,0,716,33934,345,34995,34984,194,35178,70173
2006,ASE,5402,13716,18013,12,37143,8,188,6708,59,6963,5410,13904,24721,71,44106,609,23,632,44738
2006,ASG,0,2342,6238,8,8588,0,2239,14348,179,16766,0,4581,20586,187,25354,16079,78,16157,41511
2006,ASH,2,195,9804,18,10019,2,144,47249,44,47439,4,339,57053,62,57458,58521,56,58577,116035
2006,ATL,671708,289862,7116,304,968990,2026,1900,2301,1230,7457,673734,291762,9417,1534,976447,0,0,0,976447
2006,ATW,1624,19519,8276,37,29456,18,1,12556,61,12636,1642,19520,20832,98,42092,7011,14,7025,49117
2006,AUS,95666,24759,38931,4633,163989,9,938,35148,1093,37188,95675,25697,74079,5726,201177,3293,971,4264,205441
2006,AVL,2741,18227,20972,1727,43667,3,162,13678,634,14477,2744,18389,34650,2361,58144,14544,1685,16229,74373
2006,AVP,7856,13682,9129,312,30979,211,432,14270,130,15043,8067,14114,23399,442,46022,31871,614,32485,78507
2006,AZO,1405,13555,12507,28,27495,40,883,17842,60,18825,1445,14438,30349,88,46320,22691,54,22745,69065
2006,BAF,0,564,3538,1196,5298,0,24,21680,2929,24633,0,588,25218,4125,29931,34015,4216,38231,68162
2006,BAK,21,681,5286,201,6189,0,114,17580,2163,19857,21,795,22866,2364,26046,13213,2294,15507,41553
2006,BCT,0,7408,17408,3,24819,0,424,29201,50,29675,0,7832,46609,53,54494,36292,240,36532,91026
2006,BDL,68229,41553,14933,2050,126765,243,567,6206,1389,8405,68472,42120,21139,3439,135170,13327,1020,14347,149517
2006,BDR,0,2023,7926,159,10108,0,142,29055,442,29639,0,2165,36981,601,39747,37460,326,37786,77533
2006,BED,429,19490,35468,623,56010,17,5416,50835,755,57023,446,24906,86303,1378,113033,59223,214,59437,172470
2006,BET,3235,9306,532,100,13173,167,74826,6918,158,82069,3402,84132,7450,258,95242,3169,277,3446,98688
2006,BFI,9603,32221,32593,691,75108,187,29839,101524,978,132528,9790,62060,134117,1669,207636,91278,879,92157,299793
2006,BFL,925,17584,14770,374,33653,54,14242,32401,394,47091,979,31826,47171,768,80744,20941,328,21269,102013
2006,BFM,2351,4861,7390,4048,18650,133,1451,15315,7636,24535,2484,6312,22705,11684,43185,10554,21676,32230,75415
2006,BGM,0,10361,4781,937,16079,0,59,3659,193,3911,0,10420,8440,1130,19990,5780,1102,6882,26872
2006,BGR,3491,19169,9543,8114,40317,12,771,6596,1746,9125,3503,19940,16139,9860,49442,12862,12997,25859,75301
2006,BHM,31853,38332,46270,3748,120203,32,223,15116,1004,16375,31885,38555,61386,4752,136578,3103,796,3899,140477
2006,BIL,11757,32235,13256,273,57521,34,5235,19736,240,25245,11791,37470,32992,513,82766,19889,206,20095,102861
2006,BIS,2819,7947,9662,857,21285,1,1043,11457,1902,14403,2820,8990,21119,2759,35688,12258,1629,13887,49575
2006,BJC,4,5089,23163,162,28418,0,468,55203,148,55819,4,5557,78366,310,84237,87855,161,88016,172253
2006,BKL,114,11684,13798,192,25788,50,11686,17715,279,29730,164,23370,31513,471,55518,21803,272,22075,77593
2006,BLI,4128,4688,5876,261,14953,118,9363,33098,818,43397,4246,14051,38974,1079,58350,15344,341,15685,74035
2006,BMG,37,711,7574,105,8427,0,52,12689,100,12841,37,763,20263,205,21268,12463,219,12682,33950
2006,BMI,2637,9827,6720,68,19252,66,3,9091,69,9229,2703,9830,15811,137,28481,13547,134,13681,42162
2006,BNA,99337,66173,33748,2530,201788,13,1031,9167,562,10773,99350,67204,42915,3092,212561,261,6,267,212828
2006,BOI,40931,28580,21667,5112,96290,7,5623,39869,4013,49512,40938,34203,61536,9125,145802,28933,4235,33168,178970
2006,BOS,210719,160845,13942,303,385809,1790,16886,10653,431,29760,212509,177731,24595,734,415569,74,6,80,415649
2006,BPT,54,4087,9769,3516,17426,4,1056,9669,271,11000,58,5143,19438,3787,28426,12908,0,12908,41334
2006,BRO,63,5439,6345,5981,17828,0,16,8578,27,8621,63,5455,14923,6008,26449,9085,10517,19602,46051
2006,BTL,34,980,17950,1336,20300,0,82,31561,1621,33264,34,1062,49511,2957,53564,44496,550,45046,98610
2006,BTR,6563,24918,26455,1223,59159,100,224,18606,692,19622,6663,25142,45061,1915,78781,15399,672,16071,94852
2006,BTV,10160,30313,10349,3773,54595,38,694,14007,1221,15960,10198,31007,24356,4994,70555,23120,4643,27763,98318
2006,BUF,43264,50909,13722,490,108385,16,2089,7000,174,9279,43280,52998,20722,664,117664,19131,1060,20191,137855
2006,BUR,56314,30756,19378,133,106581,34,3193,77819,322,81368,56348,33949,97197,455,187949,7812,0,7812,195761
2006,BVY,0,746,3671,49,4466,5,142,29466,479,30092,5,888,33137,528,34558,35353,256,35609,70167
2006,BWI,209198,59357,21837,715,291107,0,16,10853,71,10940,209198,59373,32690,786,302047,5530,92,5622,307669
2006,BZN,7064,10834,6347,72,24317,3,234,24037,83,24357,7067,11068,30384,155,48674,34297,16,34313,82987
2006,CAE,10889,45467,16570,1899,74825,0,900,9838,493,11231,10889,46367,26408,2392,86056,10645,1460,12105,98161
2006,CAK,23221,11059,35322,760,70362,22,528,11219,1074,12843,23243,11587,46541,1834,83205,22679,881,23560,106765
2006,CCR,0,1150,8184,5,9339,0,2248,47272,221,49741,0,3398,55456,226,59080,43008,28,43036,102116
2006,CDW,0,93,6477,38,6608,0,54,58542,596,59192,0,147,65019,634,65800,43444,114,43558,109358
2006,CGF,0,4683,10205,2,14890,0,4114,17570,93,21777,0,8797,27775,95,36667,15388,2,15390,52057
2006,CHA,3961,17926,23642,6171,51700,5,303,12665,876,13849,3966,18229,36307,7047,65549,8394,3844,12238,77787
2006,CHD,0,109,1999,2,2110,13,3516,80293,283,84105,13,3625,82292,285,86215,182806,51,182857,269072
2006,CHO,19,20726,11583,760,33088,0,54,19534,525,20113,19,20780,31117,1285,53201,14740,1876,16616,69817
2006,CHS,15395,30929,20523,15604,82451,889,1784,10331,1378,14382,16284,32713,30854,16982,96833,2388,10980,13368,110201
2006,CIC,9,2688,1628,169,4494,653,5506,23333,488,29980,662,8194,24961,657,34474,10411,875,11286,45760
2006,CID,8770,23485,12133,110,44498,0,147,10632,50,10829,8770,23632,22765,160,55327,8032,28,8060,63387
2006,CKB,111,2772,4765,2138,9786,16,195,12996,3722,16929,127,2967,17761,5860,26715,22341,10197,32538,59253
2006,CLE,73681,161773,11156,185,246795,52,769,1306,544,2671,73733,162542,12462,729,249466,0,0,0,249466
2006,CLL,78,6832,6389,4422,17721,0,6,17152,4069,21227,78,6838,23541,8491,38948,10492,6232,16724,55672
2006,CLT,259271,214341,26488,1911,502011,5,1422,7335,145,8907,259276,215763,33823,2056,510918,0,0,0,510918
2006,CMA,0,2097,16980,80,19157,0,899,64286,67,65252,0,2996,81266,147,84409,64902,514,65416,149825
2006,CMH,49567,80915,24285,369,155136,886,1700,31280,1394,35260,50453,82615,55565,1763,190396,6276,535,6811,197207
2006,CMI,98,10428,18408,126,29060,0,115,16832,50,16997,98,10543,35240,176,46057,68315,265,68580,114637
2006,CNO,0,158,20193,82,20433,0,52,46454,72,46578,0,210,66647,154,67011,101159,252,101411,168422
2006,CNW,95,29,2782,2542,5448,6,338,12452,592,13388,101,367,15234,3134,18836,22347,8090,30437,49273
2006,COS,20243,23122,13725,8816,65906,27,500,29298,6128,35953,20270,23622,43023,14944,101859,32021,7778,39799,141658
2006,COU,137,2784,7004,173,10098,0,21,12952,430,13403,137,2805,19956,603,23501,8019,972,8991,32492
2006,CPR,849,14253,5807,236,21145,27,976,8978,194,10175,876,15229,14785,430,31320,10615,191,10806,42126
2006,CPS,0,8508,14256,161,22925,0,540,47225,87,47852,0,9048,61481,248,70777,84735,33,84768,155545
2006,CRE,0,849,13911,540,15300,0,453,23819,785,25057,0,1302,37730,1325,40357,16007,152,16159,56516
2006,CRG,0,6926,26583,44,33553,0,555,49357,12323,62235,0,7481,75940,12367,95788,66942,236,67178,162966
2006,CRP,4128,16872,10580,10435,42015,7,1213,11155,344,12719,4135,18085,21735,10779,54734,3170,50970,54140,108874
2006,CRQ,0,11898,41717,207,53822,37,6288,84006,1061,91392,37,18186,125723,1268,145214,53073,303,53376,198590
2006,CRW,33,36618,12058,3084,51793,223,5794,9704,588,16309,256,42412,21762,3672,68102,9171,2972,12143,80245
2006,CSG,1921,649,12547,229,15346,112,37,12864,283,13296,2033,686,25411,512,28642,19979,396,20375,49017
2006,CVG,93312,245407,5708,120,344547,0,177,955,79,1211,93312,245584,6663,199,345758,0,0,0,345758
2006,CWA,95,12772,1961,398,15226,0,304,4879,267,5450,95,13076,6840,665,20676,4124,1461,5585,26261
2006,CWF,315,224,13163,10478,24180,72,1152,5137,1796,8157,387,1376,18300,12274,32337,1871,8265,10136,42473
2006,CXY,0,467,9009,955,10431,0,48,19017,866,19931,0,515,28026,1821,30362,16196,1602,17798,48160
2006,CYS,33,383,1080,920,2416,179,5991,13489,2099,21758,212,6374,14569,3019,24174,20547,20488,41035,65209
2006,DAB,3929,4682,50859,632,60102,1,272,159466,280,160019,3930,4954,210325,912,220121,62191,56,62247,282368
2006,DAL,86680,41808,69526,1101,199115,92,9436,37612,1754,48894,86772,51244,107138,2855,248009,1,0,1,248010
2006,DAY,26852,39264,19568,906,86590,312,258,8236,448,9254,27164,39522,27804,1354,95844,12871,152,13023,108867
2006,DBQ,4,3975,5969,60,10008,0,144,20687,43,20874,4,4119,26656,103,30882,22970,16,22986,53868
2006,DCA,157529,116603,2403,376,276911,335,208,769,248,1560,157864,116811,3172,624,278471,0,0,0,278471
2006,DEC,41,2899,4995,534,8469,0,18,12083,1767,13868,41,2917,17078,2301,22337,19621,3554,23175,45512
2006,DEN,428500,164211,7534,736,600981,153,3691,4049,640,8533,428653,167902,11583,1376,609514,8,0,8,609522
2006,DET,215,3150,9657,25,13047,5,162,30975,1995,33137,220,3312,40632,2020,46184,35296,29,35325,81509
2006,DFW,479898,211289,6228,96,697511,1128,647,3147,253,5175,481026,211936,9375,349,702686,36,0,36,702722
2006,DHN,3106,2081,10700,9809,25696,30,336,11667,10370,22403,3136,2417,22367,20179,48099,18728,22180,40908,89007
2006,DLH,3971,4610,12698,2791,24070,66,317,23005,714,24102,4037,4927,35703,3505,48172,15177,3175,18352,66524
2006,DPA,40,3756,26865,40,30701,2,215,36001,127,36345,42,3971,62866,167,67046,34330,131,34461,101507
2006,DSM,19585,41630,26750,2389,90354,1208,1824,10903,244,14179,20793,43454,37653,2633,104533,4592,1857,6449,110982
2006,DTN,0,136,4373,67,4576,1,235,16972,516,17724,1,371,21345,583,22300,32623,3682,36305,58605
2006,DTO,1,624,4095,7,4727,198,225,26758,15,27196,199,849,30853,22,31923,56901,8,56909,88832
2006,DTW,243567,149926,10522,89,404104,46070,29532,2017,17,77636,289637,179458,12539,106,481740,392,15,407,482147
2006,DVT,0,400,5478,0,5878,0,4816,144633,52,149501,0,5216,150111,52,155379,251107,21,251128,406507
2006,DWH,0,1122,13101,1521,15744,0,1466,86273,489,88228,0,2588,99374,2010,103972,167723,581,168304,272276
2006,DXR,0,170,3630,7,3807,341,69,32069,25,32504,341,239,35699,32,36311,37877,178,38055,74366
2006,EAU,6,494,1575,16,2091,6,131,1955,44,2136,12,625,3530,60,4227,952,33,985,5212
2006,EGE,5185,6509,11662,71,23427,131,319,6405,2054,8909,5316,6828,18067,2125,32336,5574,2407,7981,40317
2006,EKO,24,2412,369,1,2806,7,1217,3794,28,5046,31,3629,4163,29,7852,1864,3,1867,9719
2006,ELM,29,11614,7902,91,19636,0,123,7536,40,7699,29,11737,15438,131,27335,11328,120,11448,38783
2006,ELP,43813,16099,12430,3077,75419,58,2122,15730,1134,19044,43871,18221,28160,4211,94463,4299,1457,5756,100219
2006,EMT,0,1060,3869,2,4931,15,853,68084,86,69038,15,1913,71953,88,73969,73144,13,73157,147126
2006,ENA,271,8075,671,166,9183,416,14568,8878,300,24162,687,22643,9549,466,33345,13060,4614,17674,51019
2006,ENW,0,2223,5514,2,7739,1,675,26555,94,27325,1,2898,32069,96,35064,30604,38,30642,65706
2006,ERI,47,15328,8013,340,23728,56,250,9137,120,9563,103,15578,17150,460,33291,9710,551,10261,43552
2006,EUG,5550,18179,10169,722,34620,134,932,24326,452,25844,5684,19111,34495,1174,60464,32470,639,33109,93573
2006,EVB,29,65,9195,3,9292,199,735,34722,190,35846,228,800,43917,193,45138,89670,14,89684,134822
2006,EVV,68,19844,12712,795,33419,3,193,12380,277,12853,71,20037,25092,1072,46272,19167,460,19627,65899
2006,EWB,0,2638,8408,92,11138,47,6455,27041,175,33718,47,9093,35449,267,44856,41378,573,41951,86807
2006,EWN,1731,5845,6122,606,14304,1,143,11380,654,12178,1732,5988,17502,1260,26482,16241,712,16953,43435
2006,EWR,273110,161390,10133,86,444719,666,395,2771,11,3843,273776,161785,12904,97,448562,1,0,1,448563
2006,EYW,7312,19595,13547,213,40667,214,2285,20774,821,24094,7526,21880,34321,1034,64761,12724,9564,22288,87049
2006,FAI,12450,18362,5155,1005,36972,180,21591,23148,518,45437,12630,39953,28303,1523,82409,27993,114,28107,110516
2006,FAR,6260,14123,11042,2590,34015,47,2613,12332,989,15981,6307,16736,23374,3579,49996,19709,3131,22840,72836
2006,FAT,15276,24668,18129,4725,62798,14,6065,57090,5693,68862,15290,30733,75219,10418,131660,22190,1212,23402,155062
2006,FAY,573,8103,7709,3159,19544,59,816,10561,2124,13560,632,8919,18270,5283,33104,17125,5416,22541,55645
2006,FCM,0,707,21018,29,21754,0,2905,49785,77,52767,0,3612,70803,106,74521,69554,103,69657,144178
2006,FFZ,1,316,5116,29,5462,8,6004,110494,3100,119606,9,6320,115610,3129,125068,123728,285,124013,249081
2006,FLG,2,4470,2677,90,7239,19,4301,20606,442,25368,21,8771,23283,532,32607,11544,438,11982,44589
2006,FLL,179049,51560,37590,374,268573,799,8819,18820,64,28502,179848,60379,56410,438,297075,162,0,162,297237
2006,FLO,0,4804,9044,1318,15166,0,142,9295,791,10228,0,4946,18339,2109,25394,5848,1086,6934,32328
2006,FMN,1,7177,4489,83,11750,25,1771,17696,224,19716,26,8948,22185,307,31466,72869,481,73350,104816
2006,FMY,0,4399,15893,84,20376,2,541,32808,85,33436,2,4940,48701,169,53812,24047,38,24085,77897
2006,FNT,11272,12594,13194,123,37183,44,124,2799,60,3027,11316,12718,15993,183,40210,47976,161,48137,88347
2006,FOE,362,986,2501,5460,9309,0,288,10436,5449,16173,362,1274,12937,10909,25482,3980,14400,18380,43862
2006,FPR,0,579,21812,84,22475,0,90,47150,98,47338,0,669,68962,182,69813,37635,12,37647,107460
2006,FRG,176,9094,19125,163,28558,8,2283,76051,365,78707,184,11377,95176,528,107265,81579,1879,83458,190723
2006,FSD,9644,25234,17147,2677,54702,11,1036,12231,522,13800,9655,26270,29378,3199,68502,16808,3048,19856,88358
2006,FSM,243,6927,9920,13638,30728,2,350,13013,5957,19322,245,7277,22933,19595,50050,13942,15397,29339,79389
2006,FTG,0,247,1860,6,2113,2,1218,33434,163,34817,2,1465,35294,169,36930,51969,307,52276,89206
2006,FTW,28,2923,24095,511,27557,0,1678,29820,436,31934,28,4601,53915,947,59491,26751,235,26986,86477
2006,FTY,0,6196,35388,587,42171,0,742,30886,96,31724,0,6938,66274,683,73895,35189,310,35499,109394
2006,FUL,0,0,5147,0,5147,433,266,36859,0,37558,433,266,42006,0,42705,26123,0,26123,68828
2006,FWA,10181,22487,14070,2305,49043,98,1082,7062,254,8496,10279,23569,21132,2559,57539,15423,2690,18113,75652
2006,FXE,0,12747,48375,58,61180,0,3453,99391,35,102879,0,16200,147766,93,164059,37656,549,38205,202264
2006,FYV,77,688,5493,37,6295,0,60,19155,73,19288,77,748,24648,110,25583,22028,422,22450,48033
2006,GCK,26,4797,4485,439,9747,0,242,7755,211,8208,26,5039,12240,650,17955,1556,1022,2578,20533
2006,GCN,26,2280,896,272,3474,0,104096,2933,213,107242,26,106376,3829,485,110716,1088,643,1731,112447
2006,GEG,39535,18011,7715,761,66022,3,1330,11417,218,12968,39538,19341,19132,979,78990,15674,964,16638,95628
2006,GEU,0,262,1395,16,1673,0,1023,45165,82,46270,0,1285,46560,98,47943,102811,18,102829,150772
2006,GFK,3654,23374,4327,92,31447,3,44277,8453,311,53044,3657,67651,12780,403,84491,144915,64,144979,229470
2006,GGG,31,2693,13193,2512,18429,0,65,20641,260,20966,31,2758,33834,2772,39395,56741,5804,62545,101940
2006,GJT,1214,16325,7259,1297,26095,20,2434,21468,635,24557,1234,18759,28727,1932,50652,18351,2183,20534,71186
2006,GKY,0,84,1637,3,1724,0,248,14418,258,14924,0,332,16055,261,16648,17682,448,18130,34778
2006,GLH,110,1357,2018,1555,5040,7,60,6787,278,7132,117,1417,8805,1833,12172,3508,17060,20568,32740
2006,GLS,0,822,3682,264,4768,0,35903,17742,710,54355,0,36725,21424,974,59123,11837,482,12319,71442
2006,GMU,0,14088,6739,61,20888,0,8691,24136,1907,34734,0,22779,30875,1968,55622,20878,383,21261,76883
2006,GNV,1513,11226,15271,3399,31409,4,76,30887,2105,33072,1517,11302,46158,5504,64481,25043,3902,28945,93426
2006,GON,2,1853,6454,681,8990,0,584,19415,2225,22224,2,2437,25869,2906,31214,22200,2003,24203,55417
2006,GPI,4054,7955,5111,157,17277,92,2291,14684,210,17277,4146,10246,19795,367,34554,16579,1023,17602,52156
2006,GPM,0,58,740,21,819,0,5,26416,32,26453,0,63,27156,53,27272,38892,26,38918,66190
2006,GPT,5856,10281,9665,6377,32179,1,108,7196,1102,8407,5857,10389,16861,7479,40586,7567,8593,16160,56746
2006,GRB,6127,19290,13716,343,39476,12,46,13299,62,13419,6139,19336,27015,405,52895,46858,107,46965,99860
2006,GRI,45,4659,3419,185,8308,1,219,6382,1000,7602,46,4878,9801,1185,15910,4562,1748,6310,22220
2006,GRR,15603,33530,27283,1341,77757,88,906,14553,190,15737,15691,34436,41836,1531,93494,17075,2008,19083,112577
2006,GSN,4236,6196,136,94,10662,19,17877,14202,267,32365,4255,24073,14338,361,43027,215,12,227,43254
2006,GSO,16528,49234,26818,603,93183,849,37,12019,86,12991,17377,49271,38837,689,106174,7754,307,8061,114235
2006,GSP,4882,40291,8620,1140,54933,119,38,3225,384,3766,5001,40329,11845,1524,58699,661,705,1366,60065
2006,GTF,11106,8929,4594,2866,27495,15,635,7481,824,8955,11121,9564,12075,3690,36450,6899,1258,8157,44607
2006,GTR,40,3371,3221,8599,15231,0,249,7594,2076,9919,40,3620,10815,10675,25150,7774,4096,11870,37020
2006,GUM,19320,7439,544,279,27582,0,93,5720,4316,10129,19320,7532,6264,4595,37711,21387,599,21986,59697
2006,GYH,1,2278,3789,1511,7579,161,3494,13145,1202,18002,162,5772,16934,2713,25581,21088,1541,22629,48210
2006,GYR,166,179,1142,51,1538,22,3766,66368,6276,76432,188,3945,67510,6327,77970,76602,4694,81296,159266
2006,GYY,227,809,7989,148,9173,78,653,11935,650,13316,305,1462,19924,798,22489,16787,1086,17873,40362
2006,HEF,0,6488,16911,108,23507,0,775,37139,179,38093,0,7263,54050,287,61600,59810,52,59862,121462
2006,HFD,0,3746,4088,19,7853,0,1767,36176,124,38067,0,5513,40264,143,45920,34076,174,34250,80170
2006,HGR,0,2049,4836,692,7577,0,2451,21530,2336,26317,0,4500,26366,3028,33894,13762,1666,15428,49322
2006,HHR,0,277,6262,13,6552,6,681,32439,486,33612,6,958,38701,499,40164,24901,10,24911,65075
2006,HIO,0,5546,12576,47,18169,0,3227,52432,215,55874,0,8773,65008,262,74043,137421,29,137450,211493
2006,HKS,0,2912,7131,707,10750,0,138,14527,2121,16786,0,3050,21658,2828,27536,23039,6744,29783,57319
2006,HKY,4,1266,7427,75,8772,0,117,14100,367,14584,4,1383,21527,442,23356,12194,254,12448,35804
2006,HLG,2,1229,1369,552,3152,0,289,13529,2034,15852,2,1518,14898,2586,19004,21566,5039,26605,45609
2006,HLN,1308,10987,3125,900,16320,8,1060,14947,2988,19003,1316,12047,18072,3888,35323,15678,4712,20390,55713
2006,HND,0,378,5467,4,5849,0,8340,27986,147,36473,0,8718,33453,151,42322,24142,66,24208,66530
2006,HNL,186758,34862,12601,13883,248104,300,25885,39655,1094,66934,187058,60747,52256,14977,315038,1576,99,1675,316713
2006,HOB,0,1485,816,35,2336,0,710,3758,37,4505,0,2195,4574,72,6841,3694,155,3849,10690
2006,HOU,104059,29648,63373,152,197232,531,20315,16180,77,37103,104590,49963,79553,229,234335,2612,101,2713,237048
2006,HPN,8119,59942,59126,106,127293,324,2602,44303,33,47262,8443,62544,103429,139,174555,18424,8,18432,192987
2006,HRL,11335,4283,2933,3343,21894,730,252,7687,171,8840,12065,4535,10620,3514,30734,4825,14969,19794,50528
2006,HSV,6039,25764,11862,8056,51721,1,51,8207,325,8584,6040,25815,20069,8381,60305,16197,18858,35055,95360
2006,HTS,1504,6900,6286,264,14954,42,558,5781,173,6554,1546,7458,12067,437,21508,11276,246,11522,33030
2006,HUF,107,861,9431,2523,12922,3,211,19214,971,20399,110,1072,28645,3494,33321,33505,2189,35694,69015
2006,HUM,0,2492,4948,133,7573,112,65978,17456,304,83850,112,68470,22404,437,91423,25169,239,25408,116831
2006,HUT,0,251,4266,1069,5586,0,2525,19441,143,22109,0,2776,23707,1212,27695,25596,2816,28412,56107
2006,HVN,0,4606,4683,51,9340,0,33,19489,655,20177,0,4639,24172,706,29517,27706,383,28089,57606
2006,HWD,0,1513,6929,1,8443,0,426,54600,382,55408,0,1939,61529,383,63851,65900,189,66089,129940
2006,HWO,0,0,2256,0,2256,0,4,55324,24,55352,0,4,57580,24,57608,106549,221,106770,164378
2006,HXD,0,9888,15663,64,25615,0,70,12137,333,12540,0,9958,27800,397,38155,3685,189,3874,42029
2006,HYA,0,23145,6811,12,29968,0,71595,17164,27,88786,0,94740,23975,39,118754,6193,269,6462,125216
2006,IAD,162030,187019,67659,942,417650,1042,991,295,38,2366,163072,188010,67954,980,420016,4012,99,4111,424127
2006,IAG,470,1392,3709,2988,8559,7,89,11216,1363,12675,477,1481,14925,4351,21234,14481,6797,21278,42512
2006,IAH,270912,315981,13690,139,600722,160,420,1773,38,2391,271072,316401,15463,177,603113,133,0,133,603246
2006,ICT,15482,35749,48087,5105,104423,571,2586,36519,467,40143,16053,38335,84606,5572,144566,26466,6611,33077,177643
2006,IDA,362,10109,2694,40,13205,0,2881,14974,93,17948,362,12990,17668,133,31153,10702,22,10724,41877
2006,IFP,1108,180,826,42,2156,55,3236,15258,252,18801,1163,3416,16084,294,20957,5897,272,6169,27126
2006,ILG,734,4843,22848,2662,31087,1,221,23387,1542,25151,735,5064,46235,4204,56238,67203,12613,79816,136054
2006,ILM,5032,16916,21794,2446,46188,1,1586,17926,824,20337,5033,18502,39720,3270,66525,15945,2502,18447,84972
2006,IND,95966,85911,25312,856,208045,99,326,3365,177,3967,96065,86237,28677,1033,212012,8,0,8,212020
2006,INT,361,1790,13788,42,15981,30,1055,20996,386,22467,391,2845,34784,428,38448,19691,90,19781,58229
2006,IPT,6,5051,3213,126,8396,0,1772,10175,351,12298,6,6823,13388,477,20694,8347,142,8489,29183
2006,ISM,10,1865,19566,36,21477,0,678,60757,20,61455,10,2543,80323,56,82932,70124,241,70365,153297
2006,ISO,712,2046,4610,3470,10838,0,36,9076,1046,10158,712,2082,13686,4516,20996,7738,5118,12856,33852
2006,ISP,26302,7156,25875,473,59806,628,668,50997,1578,53871,26930,7824,76872,2051,113677,74872,841,75713,189390
2006,ITH,6,9974,4655,23,14658,1,88,7987,73,8149,7,10062,12642,96,22807,27646,10,27656,50463
2006,ITO,17002,7378,1093,2781,28254,134,44492,6918,1526,53070,17136,51870,8011,4307,81324,12178,4390,16568,97892
2006,IWA,1089,1822,3077,2828,8816,32,7349,82541,2203,92125,1121,9171,85618,5031,100941,174702,5076,179778,280719
2006,IXD,4,2056,10632,170,12862,2,121,21517,496,22136,6,2177,32149,666,34998,22671,501,23172,58170
2006,JAC,5461,7885,7836,125,21307,50,877,7319,137,8383,5511,8762,15155,262,29690,2534,10,2544,32234
2006,JAN,12138,19396,12068,5966,49568,1,136,3913,339,4389,12139,19532,15981,6305,53957,2212,17428,19640,73597
2006,JAX,60427,33677,13617,4074,111795,183,285,3139,587,4194,60610,33962,16756,4661,115989,553,2302,2855,118844
2006,JEF,0,439,6276,490,7205,0,199,11283,2271,13753,0,638,17559,2761,20958,6737,2712,9449,30407
2006,JFK,319380,65861,4700,182,390123,0,2701,3777,133,6611,319380,68562,8477,315,396734,0,0,0,396734
2006,JLN,1,2269,4739,18,7027,7,103,13892,103,14105,8,2372,18631,121,21132,14693,38,14731,35863
2006,JNU,8784,2053,1019,170,12026,52,70932,11148,293,82425,8836,72985,12167,463,94451,8036,22,8058,102509
2006,JQF,8,8450,18820,24,27302,0,420,25037,95,25552,8,8870,43857,119,52854,10205,66,10271,63125
2006,JRF,54,57,1171,947,2229,1523,305,15197,2714,19739,1577,362,16368,3661,21968,104172,16580,120752,142720
2006,JVL,117,4175,4056,76,8424,1,655,24076,726,25458,118,4830,28132,802,33882,18108,475,18583,52465
2006,JXN,22,357,8247,38,8664,4,395,25266,167,25832,26,752,33513,205,34496,15055,58,15113,49609
2006,KOA,29149,7863,2744,2769,42525,75,13837,15596,684,30192,29224,21700,18340,3453,72717,54650,15851,70501,143218
2006,LAF,37,427,10221,27,10712,2,117,32071,25,32215,39,544,42292,52,42927,72785,21,72806,115733
2006,LAL,0,1036,11700,620,13356,0,63,64120,648,64831,0,1099,75820,1268,78187,38701,1825,40526,118713
2006,LAN,10746,13446,15395,577,40164,28,226,14685,364,15303,10774,13672,30080,941,55467,24011,1167,25178,80645
2006,LAS,402148,47085,55194,1491,505918,74,102855,9765,862,113556,402222,149940,64959,2353,619474,0,0,0,619474
2006,LAW,94,3569,2349,23506,29518,2,8,4859,193,5062,96,3577,7208,23699,34580,2094,220,2314,36894
2006,LAX,462072,173455,13556,425,649508,1269,1290,2435,2184,7178,463341,174745,15991,2609,656686,151,5,156,656842
2006,LBB,12322,17942,11817,7267,49348,11,2840,18244,729,21824,12333,20782,30061,7996,71172,13616,6480,20096,91268
2006,LBE,190,5439,4616,242,10487,11,509,14493,699,15712,201,5948,19109,941,26199,14293,2310,16603,42802
2006,LCH,18,6522,4888,3181,14609,2,10895,5126,230,16253,20,17417,10014,3411,30862,14602,3315,17917,48779
2006,LEB,2,4123,4160,23,8308,73,3410,17499,260,21242,75,7533,21659,283,29550,32502,422,32924,62474
2006,LEE,0,21,1182,1,1204,0,4,6393,1,6398,0,25,7575,2,7602,6035,0,6035,13637
2006,LEX,2206,33344,21689,898,58137,0,227,16707,482,17416,2206,33571,38396,1380,75553,4715,599,5314,80867
2006,LFT,1488,16847,14867,454,33656,124,16566,13532,71,30293,1612,33413,28399,525,63949,10594,470,11064,75013
2006,LGA,205366,187642,9373,307,402688,939,903,1649,32,3523,206305,188545,11022,339,406211,0,0,0,406211
2006,LGB,25595,6787,36834,377,69593,1005,2608,111674,500,115787,26600,9395,148508,877,185380,184028,4,184032,369412
2006,LIH,26549,9264,910,1801,38524,3,52176,3839,461,56479,26552,61440,4749,2262,95003,21558,1651,23209,118212
2006,LIT,23867,32318,35071,5440,96696,0,1030,20601,580,22211,23867,33348,55672,6020,118907,7749,13003,20752,139659
2006,LMT,0,4086,2440,4557,11083,0,781,511,259,1551,0,4867,2951,4816,12634,20253,9884,30137,42771
2006,LNK,924,12147,16288,11616,40975,27,995,10546,853,12421,951,13142,26834,12469,53396,12624,22353,34977,88373
2006,LNS,1,3538,12444,583,16566,0,451,43355,924,44730,1,3989,55799,1507,61296,43179,1900,45079,106375
2006,LOU,0,923,12425,147,13495,0,1264,38138,387,39789,0,2187,50563,534,53284,48278,262,48540,101824
2006,LRD,3882,9890,11556,2554,27882,21,148,9302,1004,10475,3903,10038,20858,3558,38357,3588,11149,14737,53094
2006,LSE,856,6108,4757,351,12072,4,1008,9612,711,11335,860,7116,14369,1062,23407,10918,1227,12145,35552
2006,LUK,11,13578,25241,194,39024,48,1176,16326,239,17789,59,14754,41567,433,56813,11589,110,11699,68512
2006,LVK,0,1291,10276,10,11577,0,293,62291,68,62652,0,1584,72567,78,74229,100695,2,100697,174926
2006,LWB,863,3148,5359,85,9455,8,48,5328,235,5619,871,3196,10687,320,15074,12148,1489,13637,28711
2006,LWM,0,174,4793,3,4970,268,63,24511,9,24851,268,237,29304,12,29821,53709,598,54307,84128
2006,LWS,35,9163,1795,116,11109,0,1287,13086,109,14482,35,10450,14881,225,25591,9161,480,9641,35232
2006,LYH,0,6722,9258,294,16274,0,8,20087,320,20415,0,6730,29345,614,36689,30722,294,31016,67705
2006,LZU,0,2222,15797,26,18045,0,1055,46518,100,47673,0,3277,62315,126,65718,21885,2,21887,87605
2006,MAF,10300,12233,16115,15107,53755,9,3382,10237,1090,14718,10309,15615,26352,16197,68473,4463,16563,21026,89499
2006,MBS,9138,2776,8633,107,20654,1,534,6469,65,7069,9139,3310,15102,172,27723,13094,130,13224,40947
2006,MCI,126552,36470,11144,706,174872,1,83,3268,40,3392,126553,36553,14412,746,178264,87,49,136,178400
2006,MCN,79,99,1555,211,1944,686,1145,14895,4690,21416,765,1244,16450,4901,23360,3775,421,4196,27556
2006,MCO,265095,67686,17549,660,350990,39,556,4375,52,5022,265134,68242,21924,712,356012,0,0,0,356012
2006,MDH,1,949,1478,9,2437,1,307,33123,151,33582,2,1256,34601,160,36019,58506,14,58520,94539
2006,MDT,8326,35455,8742,2324,54847,202,552,4564,109,5427,8528,36007,13306,2433,60274,2863,6702,9565,69839
2006,MDW,189477,46498,44801,536,281312,3830,1191,11424,543,16988,193307,47689,56225,1079,298300,236,11,247,298547
2006,MEI,4,2020,5653,17509,25186,0,17,5892,2096,8005,4,2037,11545,19605,33191,6989,25859,32848,66039
2006,MEM,212564,140242,27627,1354,381787,7,595,5262,242,6106,212571,140837,32889,1596,387893,0,0,0,387893
2006,MFD,15,5070,10230,2325,17640,22,250,9554,721,10547,37,5320,19784,3046,28187,5550,2829,8379,36566
2006,MFE,6589,6455,12332,7128,32504,0,0,19207,10,19217,6589,6455,31539,7138,51721,11320,388,11708,63429
2006,MFR,2093,20694,5374,156,28317,4,1337,17951,217,19509,2097,22031,23325,373,47826,13218,194,13412,61238
2006,MGM,2421,8885,15053,12594,38953,1,44,9585,1416,11046,2422,8929,24638,14010,49999,6577,16057,22634,72633
2006,MGW,0,3291,4734,629,8654,0,6450,13694,1654,21798,0,9741,18428,2283,30452,20565,2097,22662,53114
2006,MHK,125,2740,4151,419,7435,3,2,7409,309,7723,128,2742,11560,728,15158,7810,1106,8916,24074
2006,MHR,4596,6451,9495,1542,22084,110,4490,28169,3088,35857,4706,10941,37664,4630,57941,16741,4364,21105,79046
2006,MHT,38218,28767,10471,583,78039,254,290,7646,101,8291,38472,29057,18117,684,86330,6917,42,6959,93289
2006,MIA,296579,63221,18322,1230,379352,453,859,5662,118,7092,297032,64080,23984,1348,386444,419,96,515,386959
2006,MIC,0,46,3393,1,3440,0,258,28255,50,28563,0,304,31648,51,32003,30830,67,30897,62900
2006,MIE,4,169,4701,67,4941,0,45,15934,154,16133,4,214,20635,221,21074,5168,186,5354,26428
2006,MKC,0,0,0,0,0,24,14850,44482,540,59896,24,14850,44482,540,59896,22202,118,22320,82216
2006,MKE,69937,108191,15142,2403,195673,4,869,5594,108,6575,69941,109060,20736,2511,202248,209,48,257,202505
2006,MKG,8,5804,11600,533,17945,18,126,11333,612,12089,26,5930,22933,1145,30034,16860,1502,18362,48396
2006,MKK,181,8693,618,456,9948,0,18757,7133,1034,26924,181,27450,7751,1490,36872,2353,408,2761,39633
2006,MKL,0,2388,3959,230,6577,0,889,8734,447,10070,0,3277,12693,677,16647,9661,690,10351,26998
2006,MLB,2481,2327,27042,399,32249,0,1,56361,120,56482,2481,2328,83403,519,88731,70115,21,70136,158867
2006,MLI,5179,19621,9325,409,34534,43,343,7605,189,8180,5222,19964,16930,598,42714,8896,283,9179,51893
2006,MLU,20,9852,10483,5377,25732,65,335,12400,2401,15201,85,10187,22883,7778,40933,10584,4642,15226,56159
2006,MMU,0,12115,26961,120,39196,0,891,67320,66,68277,0,13006,94281,186,107473,64188,552,64740,172213
2006,MOB,4698,13289,11803,20747,50537,10,1102,6644,6069,13825,4708,14391,18447,26816,64362,10264,35835,46099,110461
2006,MOD,0,5030,8035,112,13177,34,7044,28746,145,35969,34,12074,36781,257,49146,32149,138,32287,81433
2006,MOT,1513,4145,2225,184,8067,3,1748,9325,378,11454,1516,5893,11550,562,19521,16479,4314,20793,40314
2006,MQY,62,1603,13443,1107,16215,0,163,19042,2217,21422,62,1766,32485,3324,37637,20550,1676,22226,59863
2006,MRI,0,465,712,0,1177,0,16868,69144,506,86518,0,17333,69856,506,87695,99773,330,100103,187798
2006,MRY,1102,22095,27296,557,51050,2,888,31073,282,32245,1104,22983,58369,839,83295,8222,104,8326,91621
2006,MSN,11168,27566,20794,3787,63315,23,276,21592,1456,23347,11191,27842,42386,5243,86662,26399,2899,29298,115960
2006,MSO,4163,12208,4125,123,20619,0,4385,14763,122,19270,4163,16593,18888,245,39889,13779,280,14059,53948
2006,MSP,297076,140074,32619,2431,472200,348,359,2649,77,3433,297424,140433,35268,2508,475633,0,0,0,475633
2006,MSY,62548,18643,19629,825,101645,119,4905,10026,542,15592,62667,23548,29655,1367,117237,0,0,0,117237
2006,MTN,0,2456,12597,2038,17091,0,1674,34831,2252,38757,0,4130,47428,4290,55848,27471,1509,28980,84828
2006,MVY,1,10604,7167,27,17799,0,11946,20863,92,32901,1,22550,28030,119,50700,1187,92,1279,51979
2006,MWA,26,4386,988,50,5450,9,1608,7165,456,9238,35,5994,8153,506,14688,13094,254,13348,28036
2006,MWC,0,523,4727,4,5254,0,387,22189,157,22733,0,910,26916,161,27987,24957,78,25035,53022
2006,MWH,4215,2717,4351,6639,17922,7379,1280,10828,2219,21706,11594,3997,15179,8858,39628,20108,19265,39373,79001
2006,MYF,0,3044,31097,54,34195,0,712,91635,688,93035,0,3756,122732,742,127230,104965,503,105468,232698
2006,MYR,14240,11703,9882,3117,38942,4157,3070,6283,426,13936,18397,14773,16165,3543,52878,6483,3387,9870,62748
2006,NQA,33,75,3187,3733,7028,1,573,4878,1243,6695,34,648,8065,4976,13723,4618,21469,26087,39810
2006,OAK,172898,24022,24371,129,221420,541,4035,41677,217,46470,173439,28057,66048,346,267890,68093,102,68195,336085
2006,OGD,9,244,2708,19,2980,0,469,34651,114,35234,9,713,37359,133,38214,77717,185,77902,116116
2006,OGG,57647,4323,1870,1760,65600,9926,65820,10394,594,86734,67573,70143,12264,2354,152334,12212,234,12446,164780
2006,OJC,0,348,12371,29,12748,0,56,33440,27,33523,0,404,45811,56,46271,24335,46,24381,70652
2006,OKC,36199,29763,11699,11183,88844,117,1164,5215,1212,7708,36316,30927,16914,12395,96552,1133,13898,15031,111583
2006,OLM,0,1346,6050,164,7560,0,437,32456,776,33669,0,1783,38506,940,41229,38256,417,38673,79902
2006,OLV,0,4336,3590,58,7984,0,838,19471,287,20596,0,5174,23061,345,28580,28296,268,28564,57144
2006,OMA,42130,42041,26214,1401,111786,115,1976,11291,135,13517,42245,44017,37505,1536,125303,14286,758,15044,140347
2006,OMN,0,11,8798,3,8812,1017,6,71814,308,73145,1017,17,80612,311,81957,65834,98,65932,147889
2006,ONT,91498,24382,9457,73,125410,420,1862,6773,30,9085,91918,26244,16230,103,134495,1766,0,1766,136261
2006,OPF,197,5889,21243,1399,28728,6,709,47438,4560,52713,203,6598,68681,5959,81441,34667,4953,39620,121061
2006,ORD,626435,303749,10763,106,941053,2806,1255,13357,172,17590,629241,305004,24120,278,958643,0,0,0,958643
2006,ORF,56261,20050,19755,1887,97953,1,434,10340,283,11058,56262,20484,30095,2170,109011,12357,8025,20382,129393
2006,ORH,292,900,4810,106,6108,13,2719,23302,272,26306,305,3619,28112,378,32414,32400,224,32624,65038
2006,ORL,0,10167,40582,322,51071,0,3303,54106,140,57549,0,13470,94688,462,108620,55132,59,55191,163811
2006,OSH,2,1267,4954,254,6477,0,471,42763,235,43469,2,1738,47717,489,49946,42076,483,42559,92505
2006,OSU,0,3389,15901,30,19320,9,190,43295,300,43794,9,3579,59196,330,63114,41696,70,41766,104880
2006,OUN,0,354,6159,269,6782,0,165,25763,701,26629,0,519,31922,970,33411,36651,290,36941,70352
2006,OWB,0,3139,3321,229,6689,0,74,22393,308,22775,0,3213,25714,537,29464,32152,1630,33782,63246
2006,OWD,0,447,6540,2,6989,134,358,32187,69,32748,134,805,38727,71,39737,44223,282,44505,84242
2006,OXC,0,1622,5636,21,7279,0,1848,25118,475,27441,0,3470,30754,496,34720,20628,348,20976,55696
2006,OXR,0,4179,14374,68,18621,0,3176,30542,1005,34723,0,7355,44916,1073,53344,33044,4,33048,86392
2006,PAE,1861,1796,15518,288,19463,291,1376,52650,292,54609,2152,3172,68168,580,74072,65045,320,65365,139437
2006,PAH,2,5147,4953,117,10219,0,703,13717,735,15155,2,5850,18670,852,25374,13168,208,13376,38750
2006,PAO,0,74,6728,0,6802,0,1556,60990,10,62556,0,1630,67718,10,69358,103486,7,103493,172851
2006,PBI,60256,39863,53253,853,154225,38,275,35168,51,35532,60294,40138,88421,904,189757,2875,123,2998,192755
2006,PDK,9,18874,74417,143,93443,9,799,63802,135,64745,18,19673,138219,278,158188,49794,0,49794,207982
2006,PDT,10,4180,988,164,5342,26,1901,9075,756,11758,36,6081,10063,920,17100,4589,1174,5763,22863
2006,PDX,138625,79941,16846,4496,239908,794,7779,10602,304,19479,139419,87720,27448,4800,259387,782,217,999,260386
2006,PFN,4011,10322,15765,1908,32006,74,1119,16295,948,18436,4085,11441,32060,2856,50442,30365,5646,36011,86453
2006,PHF,10052,17570,12298,4571,44491,522,242,50483,13862,65109,10574,17812,62781,18433,109600,79123,42634,121757,231357
2006,PHL,271334,217321,17698,200,506553,7,1545,5918,1845,9315,271341,218866,23616,2045,515868,0,0,0,515868
2006,PHX,411851,79700,18904,2319,512774,77,7652,13056,492,21277,411928,87352,31960,2811,534051,12347,112,12459,546510
2006,PIA,3466,13808,10854,2822,30950,11,262,7315,3277,10865,3477,14070,18169,6099,41815,7304,2910,10214,52029
2006,PIE,6615,3338,26798,2454,39205,12,3671,69933,8483,82099,6627,7009,96731,10937,121304,76753,5904,82657,203961
2006,PIH,43,9954,2094,78,12169,178,4614,12876,208,17876,221,14568,14970,286,30045,14109,334,14443,44488
2006,PIT,89088,122764,14934,5565,232351,135,438,1210,404,2187,89223,123202,16144,5969,234538,14,712,726,235264
2006,PKB,10,3649,4777,1072,9508,0,26,12529,2542,15097,10,3675,17306,3614,24605,9895,6753,16648,41253
2006,PMD,58,277,4436,3696,8467,67,175,8905,4111,13258,125,452,13341,7807,21725,4509,10845,15354,37079
2006,PMP,0,128,7331,2,7461,0,39,30477,7,30523,0,167,37808,9,37984,63696,6,63702,101686
2006,PNE,0,7261,14021,0,21282,0,193,52640,0,52833,0,7454,66661,0,74115,30050,0,30050,104165
2006,PNS,10275,27773,14524,9347,61919,2,593,14575,2279,17449,10277,28366,29099,11626,79368,28714,3519,32233,111601
2006,POC,4,33,6677,4,6718,0,165,44484,141,44790,4,198,51161,145,51508,51672,185,51857,103365
2006,POU,0,616,5380,71,6067,0,4,38937,123,39064,0,620,44317,194,45131,69565,200,69765,114896
2006,PRC,0,3839,3980,130,7949,0,2131,74839,147,77117,0,5970,78819,277,85066,149252,40,149292,234358
2006,PSC,5446,14420,6698,572,27136,153,1475,13522,306,15456,5599,15895,20220,878,42592,17137,1420,18557,61149
2006,PSP,10231,24010,12930,490,47661,18,842,30493,568,31921,10249,24852,43423,1058,79582,14246,250,14496,94078
2006,PTK,1735,13315,39597,61,54708,88,1572,49462,139,51261,1823,14887,89059,200,105969,97559,0,97559,203528
2006,PUB,192,4082,13715,5873,23862,12,1014,15413,1446,17885,204,5096,29128,7319,41747,46286,21282,67568,109315
2006,PVD,48544,28892,10848,169,88453,151,3805,12406,59,16421,48695,32697,23254,228,104874,3097,12,3109,107983
2006,PVU,48,709,2936,20,3713,4,1302,56735,209,58250,52,2011,59671,229,61963,97197,633,97830,159793
2006,PWA,0,2228,18676,1072,21976,0,1935,37491,70,39496,0,4163,56167,1142,61472,17993,538,18531,80003
2006,PWK,0,12038,32057,25,44120,0,88,43240,17,43345,0,12126,75297,42,87465,25396,14,25410,112875
2006,PWM,9887,28782,10591,1164,50424,1,764,12814,294,13873,9888,29546,23405,1458,64297,12975,150,13125,77422
2006,RAL,0,250,5435,24,5709,0,289,36512,72,36873,0,539,41947,96,42582,41376,23,41399,83981
2006,RAP,2252,12198,8358,762,23570,174,464,11582,2232,14452,2426,12662,19940,2994,38022,8318,1478,9796,47818
2006,RBD,0,32,4418,85,4535,0,7,27608,36,27651,0,39,32026,121,32186,102259,182,102441,134627
2006,RDD,2263,5877,3991,267,12398,18,6230,33829,514,40591,2281,12107,37820,781,52989,24219,346,24565,77554
2006,RDG,44,5090,14799,717,20650,2,1476,35601,731,37810,46,6566,50400,1448,58460,64671,3428,68099,126559
2006,RDM,779,14847,2791,126,18543,1028,1989,20569,265,23851,1807,16836,23360,391,42394,30484,330,30814,73208
2006,RDU,76913,102677,38360,1334,219284,4,1824,20519,2900,25247,76917,104501,58879,4234,244531,204,305,509,245040
2006,RFD,13977,4429,19336,987,38729,113,479,20793,409,21794,14090,4908,40129,1396,60523,16035,2396,18431,78954
2006,RHV,0,0,2838,0,2838,406,225,54921,10,55562,406,225,57759,10,58400,105825,512,106337,164737
2006,RIC,25987,61768,21679,5911,115345,61,120,83,6,270,26048,61888,21762,5917,115615,1805,3839,5644,121259
2006,RNM,0,119,1430,13,1562,73,86,38019,376,38554,73,205,39449,389,40116,113771,1233,115004,155120
2006,RNO,51408,18713,19588,1166,90875,109,19454,31663,3404,54630,51517,38167,51251,4570,145505,11684,336,12020,157525
2006,RNT,355,376,3656,3,4390,1,908,31095,69,32073,356,1284,34751,72,36463,47298,0,47298,83761
2006,ROA,2693,27151,12044,504,42392,5,1673,11003,205,12886,2698,28824,23047,709,55278,24580,238,24818,80096
2006,ROC,28287,44019,14061,317,86684,4,2530,11701,1278,15513,28291,46549,25762,1595,102197,33999,1941,35940,138137
2006,ROG,0,982,11768,3,12753,1,512,8086,13,8612,1,1494,19854,16,21365,3577,2,3579,24944
2006,ROW,180,7384,5926,12801,26291,38,1206,14072,2558,17874,218,8590,19998,15359,44165,7408,15695,23103,67268
2006,RST,3190,13163,11497,1428,29278,10,126,11575,162,11873,3200,13289,23072,1590,41151,14750,3844,18594,59745
2006,RSW,67401,10098,8197,622,86318,155,1144,2811,125,4235,67556,11242,11008,747,90553,287,114,401,90954
2006,RVS,4,448,18648,33,19133,0,708,88589,512,89809,4,1156,107237,545,108942,124386,1596,125982,234924
2006,RYN,0,0,927,28,955,92,2,59848,1906,61848,92,2,60775,1934,62803,138329,1438,139767,202570
2006,RYY,0,3992,18301,102,22395,14,1080,38250,423,39767,14,5072,56551,525,62162,31898,217,32115,94277
2006,SAC,0,798,15476,28,16302,0,2134,77294,380,79808,0,2932,92770,408,96110,15070,44,15114,111224
2006,SAF,1,5016,9116,586,14719,0,1267,23022,1762,26051,1,6283,32138,2348,40770,32886,2760,35646,76416
2006,SAN,155826,50265,13596,382,220069,509,620,3983,603,5715,156335,50885,17579,985,225784,3602,1412,5014,230798
2006,SAT,102397,16598,40823,3033,162851,19,2612,41979,1239,45849,102416,19210,82802,4272,208700,5883,620,6503,215203
2006,SAV,16319,22842,25823,5480,70464,30,537,15334,837,16738,16349,23379,41157,6317,87202,13971,1556,15527,102729
2006,SAW,2,11600,1106,288,12996,0,172,7759,199,8130,2,11772,8865,487,21126,7594,1016,8610,29736
2006,SBA,3446,31602,20908,336,56292,119,2578,33968,509,37174,3565,34180,54876,845,93466,38482,41,38523,131989
2006,SBN,2841,22415,13478,62,38796,0,429,9337,21,9787,2841,22844,22815,83,48583,10374,14,10388,58971
2006,SBP,0,13891,8515,142,22548,0,1947,34566,230,36743,0,15838,43081,372,59291,32890,104,32994,92285
2006,SBY,0,7174,3881,352,11407,0,713,19077,1558,21348,0,7887,22958,1910,32755,15015,4514,19529,52284
2006,SCK,518,1182,20067,1232,22999,3,117,34947,1043,36110,521,1299,55014,2275,59109,18201,1019,19220,78329
2006,SDF,85706,65519,14298,6249,171772,964,957,4901,955,7777,86670,66476,19199,7204,179549,8,0,8,179557
2006,SDL,0,11005,34053,105,45163,0,1384,86313,93,87790,0,12389,120366,198,132953,63166,179,63345,196298
2006,SDM,45,2740,10540,209,13534,0,620,22641,3692,26953,45,3360,33181,3901,40487,91203,3795,94998,135485
2006,SEA,249168,80596,3560,94,333418,4339,1551,115,1,6006,253507,82147,3675,95,339424,621,13,634,340058
2006,SEE,0,1,13048,0,13049,0,341,99085,2,99428,0,342,112133,2,112477,165905,6,165911,278388
2006,SFB,9653,1176,48054,166,59049,24,0,81660,4,81688,9677,1176,129714,170,140737,178080,43,178123,318860
2006,SFF,0,2239,3457,21,5717,0,4268,26702,124,31094,0,6507,30159,145,36811,32024,118,32142,68953
2006,SFO,248297,89633,16187,311,354428,0,217,2267,2290,4774,248297,89850,18454,2601,359202,213,0,213,359415
2006,SGF,4676,26323,16570,2491,50060,173,1254,11973,1288,14688,4849,27577,28543,3779,64748,10358,2958,13316,78064
2006,SGJ,6,4367,12726,836,17935,3,2901,44117,1879,48900,9,7268,56843,2715,66835,41905,3092,44997,111832
2006,SGR,2,2386,15257,59,17704,0,2213,26403,40,28656,2,4599,41660,99,46360,42495,32,42527,88887
2006,SHV,3873,23199,12688,2681,42441,2,784,6311,602,7699,3875,23983,18999,3283,50140,3021,1803,4824,54964
2006,SIG,0,20,5644,58,5722,41,14667,48921,884,64513,41,14687,54565,942,70235,59452,54,59506,129741
2006,SJC,125179,26362,21935,67,173543,0,227,18948,44,19219,125179,26589,40883,111,192762,18230,58,18288,211050
2006,SJT,956,6016,4995,3744,15711,0,659,12546,187,13392,956,6675,17541,3931,29103,14854,28817,43671,72774
2006,SJU,108689,23326,11873,1573,145461,262,33844,16000,281,50387,108951,57170,27873,1854,195848,0,0,0,195848
2006,SLC,165025,175166,21730,1679,363600,10,11036,42406,240,53692,165035,186202,64136,1919,417292,2188,8,2196,419488
2006,SLE,2,939,5302,662,6905,0,1258,25906,2390,29554,2,2197,31208,3052,36459,35397,2590,37987,74446
2006,SLN,28,4892,11277,985,17182,3,743,23941,734,25421,31,5635,35218,1719,42603,36120,2660,38780,81383
2006,SMF,116174,21314,12681,1198,151367,2592,0,6974,24,9590,118766,21314,19655,1222,160957,12430,1774,14204,175161
2006,SMO,0,12258,25556,15,37829,0,1553,51861,474,53888,0,13811,77417,489,91717,45937,2,45939,137656
2006,SMX,161,6352,6003,204,12720,95,5603,20407,240,26345,256,11955,26410,444,39065,23827,688,24515,63580
2006,SNA,89039,26859,52392,46,168336,0,1,81039,68,81108,89039,26860,133431,114,249444,113352,0,113352,362796
2006,SNS,0,337,7566,36,7939,0,1337,31077,121,32535,0,1674,38643,157,40474,31558,65,31623,72097
2006,SPG,0,21,4229,5,4255,0,2973,31947,1392,36312,0,2994,36176,1397,40567,37374,1278,38652,79219
2006,SPI,36,6383,13362,2606,22387,0,700,11113,395,12208,36,7083,24475,3001,34595,12509,2625,15134,49729
2006,SQL,0,957,3509,0,4466,6,2134,64876,14,67030,6,3091,68385,14,71496,69012,5,69017,140513
2006,SRQ,15777,10358,28806,1373,56314,60,720,63298,506,64584,15837,11078,92104,1879,120898,41170,815,41985,162883
2006,SSF,0,36,3920,6095,10051,0,5,40988,174,41167,0,41,44908,6269,51218,72689,488,73177,124395
2006,STC,5,3135,4208,33,7381,0,817,21812,149,22778,5,3952,26020,182,30159,23742,316,24058,54217
2006,STJ,13,103,4345,3194,7655,6,437,10782,2261,13486,19,540,15127,5455,21141,8760,4813,13573,34714
2006,STL,136130,108343,10666,17713,272852,1,906,6864,489,8260,136131,109249,17530,18202,281112,717,24,741,281853
2006,STP,0,10073,35323,925,46321,0,2044,32732,3989,38765,0,12117,68055,4914,85086,44794,5276,50070,135156
2006,STS,6,2732,8909,73,11720,0,3065,59333,285,62683,6,5797,68242,358,74403,48494,4,48498,122901
2006,STT,12175,8018,4881,369,25443,6,32639,15423,644,48712,12181,40657,20304,1013,74155,5212,43,5255,79410
2006,STX,6332,3843,2819,657,13651,0,20615,9769,490,30874,6332,24458,12588,1147,44525,4878,290,5168,49693
2006,SUA,0,4592,13372,37,18001,0,1789,40324,485,42598,0,6381,53696,522,60599,22926,296,23222,83821
2006,SUN,1164,11930,8969,2,22065,2,2328,14713,33,17076,1166,14258,23682,35,39141,3834,0,3834,42975
2006,SUS,97,9999,38098,532,48726,50,2487,42533,240,45310,147,12486,80631,772,94036,48714,389,49103,143139
2006,SUX,34,4050,9684,3912,17680,13,67,5049,278,5407,47,4117,14733,4190,23087,2796,1563,4359,27446
2006,SWF,2837,11048,8069,2182,24136,11,3331,23398,2038,28778,2848,14379,31467,4220,52914,26830,3358,30188,83102
2006,SWO,13,332,2318,620,3283,0,354,29251,361,29966,13,686,31569,981,33249,35871,702,36573,69822
2006,SYR,19404,41702,13352,5770,80228,1,999,16967,455,18422,19405,42701,30319,6225,98650,9626,7937,17563,116213
2006,TCL,126,1828,8538,3617,14109,0,335,13483,5900,19718,126,2163,22021,9517,33827,22267,2144,24411,58238
2006,TEB,8,71747,98132,129,170016,0,3590,26964,45,30599,8,75337,125096,174,200615,16,12,28,200643
2006,TIW,0,424,8258,21,8703,122,642,31575,361,32700,122,1066,39833,382,41403,27129,46,27175,68578
2006,TIX,2,160,5966,35,6163,0,609,57591,519,58719,2,769,63557,554,64882,120410,578,120988,185870
2006,TKI,0,418,6646,19,7083,0,160,27191,38,27389,0,578,33837,57,34472,71715,24,71739,106211
2006,TLH,4693,28176,21249,11153,65271,156,1444,16828,1590,20018,4849,29620,38077,12743,85289,13611,3361,16972,102261
2006,TMB,23,1675,22477,97,24272,0,1143,80528,32,81703,23,2818,103005,129,105975,101859,256,102115,208090
2006,TOA,0,229,9711,104,10044,2,189,70320,168,70679,2,418,80031,272,80723,74018,10,74028,154751
2006,TOL,9766,18351,16219,2178,46514,33,873,7327,182,8415,9799,19224,23546,2360,54929,8656,1466,10122,65051
2006,TOP,0,187,3879,38,4104,0,1257,34422,1512,37191,0,1444,38301,1550,41295,28373,1654,30027,71322
2006,TPA,161611,53946,26002,390,241949,79,1136,13573,200,14988,161690,55082,39575,590,256937,256,0,256,257193
2006,TRI,4150,15063,13853,323,33389,19,486,14589,230,15324,4169,15549,28442,553,48713,20787,82,20869,69582
2006,TTD,0,280,1081,7,1368,4,4215,30078,580,34877,4,4495,31159,587,36245,38354,224,38578,74823
2006,TTN,10,6061,14088,339,20498,5,359,44166,3185,47715,15,6420,58254,3524,68213,26790,550,27340,95553
2006,TUL,34310,31703,20842,8039,94894,45,894,16155,1298,18392,34355,32597,36997,9337,113286,13372,12318,25690,138976
2006,TUP,26,5856,5439,2339,13660,0,1172,21512,2301,24985,26,7028,26951,4640,38645,20634,5999,26633,65278
2006,TUS,44585,17712,21297,14487,98081,28,9391,45701,10251,65371,44613,27103,66998,24738,163452,92664,14357,107021,270473
2006,TVC,7348,9754,11464,1267,29833,76,1954,18847,2971,23848,7424,11708,30311,4238,53681,29654,8347,38001,91682
2006,TWF,231,9998,3108,566,13903,75,1132,13333,543,15083,306,11130,16441,1109,28986,6470,1650,8120,37106
2006,TXK,0,3531,5710,1903,11144,0,1128,8209,656,9993,0,4659,13919,2559,21137,7595,3704,11299,32436
2006,TYR,0,8769,7057,136,15962,0,414,18623,234,19271,0,9183,25680,370,35233,18682,248,18930,54163
2006,TYS,7235,50978,30637,10578,99428,15,555,12037,3346,15953,7250,51533,42674,13924,115381,9800,5782,15582,130963
2006,TZR,0,61,3786,36,3883,0,454,22879,554,23887,0,515,26665,590,27770,23222,143,23365,51135
2006,UCA,63,2905,4072,534,7574,11,100,20092,456,20659,74,3005,24164,990,28233,36348,1148,37496,65729
2006,UES,0,1649,9715,34,11398,0,4,27236,132,27372,0,1653,36951,166,38770,20900,62,20962,59732
2006,UGN,0,3256,13162,379,16797,5,121,20155,365,20646,5,3377,33317,744,37443,30864,633,31497,68940
2006,VBG,6,85,26,1142,1259,93,5891,227,1659,7870,99,5976,253,2801,9129,24,5393,5417,14546
2006,VCV,953,52,1681,822,3508,78,4393,23168,2867,30506,1031,4445,24849,3689,34014,10471,15664,26135,60149
2006,VGT,0,6329,12679,111,19119,0,25961,69607,279,95847,0,32290,82286,390,114966,113815,4,113819,228785
2006,VLD,684,1977,9687,7364,19712,0,97,12450,2103,14650,684,2074,22137,9467,34362,17667,21648,39315,73677
2006,VNY,0,15205,49419,134,64758,0,952,217105,184,218241,0,16157,266524,318,282999,111502,414,111916,394915
2006,VQQ,411,119,3788,2509,6827,86,493,16018,10262,26859,497,612,19806,12771,33686,15839,26372,42211,75897
2006,VRB,0,4031,19791,65,23887,0,54,53529,43,53626,0,4085,73320,108,77513,59288,37,59325,136838
2006,WDG,0,1061,2066,3507,6634,0,29,7802,3705,11536,0,1090,9868,7212,18170,8690,1326,10016,28186
2006,WHP,0,0,1660,0,1660,0,26,51430,214,51670,0,26,53090,214,53330,51940,4,51944,105274
2006,WJF,2,381,1912,156,2451,0,1422,30322,419,32163,2,1803,32234,575,34614,31150,934,32084,66698
2006,XNA,7160,23689,4096,3707,38652,24,1072,4051,418,5565,7184,24761,8147,4125,44217,465,8689,9154,53371
2006,YIP,3581,15750,17199,50,36580,0,37,15127,22,15186,3581,15787,32326,72,51766,30377,41,30418,82184
2006,YKM,74,8349,5289,678,14390,0,1466,11463,369,13298,74,9815,16752,1047,27688,16831,963,17794,45482
2006,YNG,39,293,11912,7491,19735,0,19,12307,8250,20576,39,312,24219,15741,40311,20079,16740,36819,77130
2007,ABE,12519,9915,15208,631,38273,46,532,18795,113,19486,16668,13732,34003,744,65147,44589,472,45061,120565
2007,ABI,298,9376,7252,5712,22638,0,1185,8797,459,10441,354,14130,16049,6171,36704,19253,15302,34555,80483
2007,ABQ,57102,26016,12421,5794,101333,63,7535,18736,9406,35740,77184,45209,31157,15200,168750,3740,4715,8455,190780
2007,ABY,74,4617,3715,1021,9427,0,284,7048,606,7938,116,6548,10763,1627,19054,7262,5269,12531,35936
2007,ACK,282,29284,9793,54,39413,432,63112,16088,121,79753,1351,117304,25881,175,144711,345,89,434,150545
2007,ACT,130,6131,7170,1379,14810,12,1161,7058,519,8750,175,9614,14228,1898,25915,3891,884,4775,35874
2007,ACY,10287,5929,11368,9356,36940,530,1281,8094,3479,13384,14186,8954,19462,12835,55437,18574,26286,44860,109560
2007,ADM,0,1,1399,285,1685,1,5,7087,699,7792,1,8,8486,984,9479,15012,3446,18458,30173
2007,ADQ,985,3533,221,873,5612,23,10870,724,751,12368,1433,18727,945,1624,22729,1087,10745,11832,35253
2007,ADS,107,11535,27116,30,38788,3,1195,46425,14,47637,156,16745,73541,44,90486,18368,67,18435,136128
2007,ADW,117,16,807,23410,24350,9,0,2892,6708,9609,192,79,3699,30118,34088,7619,49534,57153,101621
2007,AEX,1250,8015,3753,3030,16048,3,134,0,18,155,1709,10811,3753,3048,19321,22557,5580,28137,50125
2007,AFW,5651,2822,6534,4559,19566,30,769,15972,721,17492,7716,5082,22506,5280,40584,31287,5222,36509,86812
2007,AGC,1,7654,14796,130,22581,8,8872,15529,290,24699,10,21794,30325,420,52549,19493,326,19819,81820
2007,AGS,1896,5880,8753,1337,17866,2,5,669,126,802,2444,8086,9422,1463,21415,3408,1595,5003,29629
2007,AHN,12,1015,7305,518,8850,1,311,12900,653,13865,79,1668,20205,1171,23123,19478,851,20329,50367
2007,AKN,1078,5224,569,173,7044,41,17971,5446,118,23576,1273,26309,6015,291,33888,437,933,1370,36486
2007,ALB,19395,29624,6392,714,56125,7,1165,11223,1572,13967,26225,39826,17615,2286,85952,5960,1012,6972,99147
2007,ALN,0,304,6891,235,7430,2,978,16397,190,17567,4,1590,23288,425,25307,44293,1068,45361,76542
2007,ALO,238,2485,6241,470,9434,1,2,6038,1071,7112,338,3289,12279,1541,17447,6218,853,7071,27799
2007,ALW,2,1708,1638,13,3361,0,465,8922,60,9447,2,2849,10560,73,13484,15541,16,15557,31769
2007,AMA,6021,8562,8549,8001,31133,3,207,6569,5033,11812,8385,11979,15118,13034,48516,4941,18580,23521,84039
2007,ANC,97793,46453,7488,1147,152881,475,21403,56302,2507,80687,129403,86362,63790,3654,283209,5512,56,5568,299917
2007,ANE,0,1879,7461,1,9341,0,248,26905,159,27312,0,2762,34366,160,37288,34134,290,34424,80517
2007,APA,0,24061,35042,726,59829,0,15503,68596,1142,85241,0,52051,103638,1868,157557,144078,1426,145504,337051
2007,APC,0,2862,7738,20,10620,0,431,41282,155,41868,0,4360,49020,175,53555,53895,146,54041,121970
2007,APF,0,8338,23710,20,32068,0,229,41690,13,41932,0,11638,65400,33,77071,30335,10,30345,128446
2007,ARA,89,989,2838,3268,7184,5,12129,15675,1399,29208,120,17477,18513,4667,40777,93940,3109,97049,145174
2007,ARB,0,128,2927,4,3059,0,1290,17078,218,18586,0,1876,20005,222,22103,45251,0,45251,72853
2007,ARR,0,511,6133,69,6713,0,19,20116,138,20273,0,704,26249,207,27160,30505,408,30913,64733
2007,ASE,5219,10089,12850,8,28166,8,158,5272,30,5468,6380,12786,18122,38,37326,1162,19,1181,42744
2007,ASG,0,1373,3611,2,4986,0,1297,8376,9,9682,0,3495,11987,11,15493,8310,2,8312,27417
2007,ASH,0,153,6399,16,6568,4,92,28180,20,28296,4,312,34579,36,34931,51141,172,51313,97351
2007,ATL,534143,190801,5270,481,730695,193,5982,3010,129,9314,722461,257222,8280,610,988573,10,0,10,991627
2007,ATW,968,14793,5712,13,21486,1,0,10072,68,10141,1314,19491,15784,81,36670,5441,46,5487,45606
2007,AUS,76231,21134,28894,2898,129157,7,436,22183,504,23130,102576,30099,51077,3402,187154,4180,1050,5230,212249
2007,AVL,1280,14336,16700,1398,33714,4,181,12404,400,12989,1807,19255,29104,1798,51964,18130,1388,19518,81674
2007,AVP,5900,8609,6721,365,21595,6,528,10843,126,11503,8356,12136,17564,491,38547,29193,400,29593,73851
2007,AZO,861,9284,7512,20,17677,43,817,11866,53,12779,1164,13337,19378,73,33952,22593,2,22595,62131
2007,BAF,2,363,2599,720,3684,0,5,16495,2579,19079,2,536,19094,3299,22931,31203,2921,34124,63110
2007,BAK,45,271,3848,129,4293,0,8,15935,1650,17593,75,454,19783,1779,22091,8584,1408,9992,37408
2007,BCT,0,5524,12802,1,18327,0,437,22094,42,22573,0,8775,34896,43,43714,40755,325,41080,94687
2007,BDL,46281,34110,10270,1552,92213,0,335,4533,1425,6293,61702,45401,14803,2977,124883,9675,1268,10943,141313
2007,BDR,0,1774,5598,57,7429,26,559,25516,606,26707,26,3149,31114,663,34952,41070,648,41718,84718
2007,BED,295,16180,25947,525,42947,1,4892,35448,532,40873,448,27232,61395,1057,90132,56487,297,56784,166279
2007,BET,2196,5206,279,54,7735,374,58155,6623,126,65278,3357,85829,6902,180,96268,3019,91,3110,100375
2007,BFI,7932,24632,25675,630,58869,211,24929,74321,798,100259,10662,64237,99996,1428,176323,96342,689,97031,300184
2007,BFL,905,13652,10107,218,24882,19,11889,23620,195,35723,1488,32779,33727,413,68407,50688,315,51003,129534
2007,BFM,2098,3586,5547,4535,15766,67,1297,11606,6777,19747,2915,6548,17153,11312,37928,12310,28818,41128,89645
2007,BGM,1,7754,3622,468,11845,0,66,3110,72,3248,1,10023,6732,540,17296,4387,838,5225,24592
2007,BGR,3095,13265,7234,5872,29466,8899,658,4886,1542,15985,13005,18160,12120,7414,50699,9031,10623,19654,76060
2007,BHM,24656,30211,32384,1724,88975,93,373,10586,869,11921,34513,40229,42970,2593,120305,2753,299,3052,138637
2007,BIL,9659,21879,9963,212,41713,26,3936,14602,117,18681,12873,34268,24565,329,72035,18020,249,18269,98198
2007,BIS,2241,5556,6833,736,15366,12,1195,8192,1513,10912,2833,9237,15025,2249,29344,11675,1754,13429,48557
2007,BJC,0,3526,15946,106,19578,0,193,40018,113,40324,1,5115,55964,219,61299,86556,210,86766,164602
2007,BKL,94,7724,9235,184,17237,2,9053,13884,267,23206,127,21002,23119,451,44699,16704,215,16919,68139
2007,BLI,3120,4012,4464,135,11731,5,10078,23644,526,34253,4638,17780,28108,661,51187,16305,426,16731,74274
2007,BMG,12,491,5735,90,6328,0,10,9710,101,9821,27,689,15445,191,16352,11059,143,11202,32573
2007,BMI,2003,7001,5099,39,14142,2,17,6865,64,6948,2748,9363,11964,103,24178,9294,176,9470,37240
2007,BNA,75687,48583,24410,1775,150455,27,784,7132,627,8570,101245,65298,31542,2402,200487,483,28,511,212204
2007,BOI,31974,18571,16616,2805,69966,143,5439,33155,3971,42708,43246,31130,49771,6776,130923,31419,3252,34671,181945
2007,BOS,152243,119076,10539,127,281985,4360,16554,5436,270,26620,205620,175541,15975,397,397533,36,1,37,402821
2007,BPT,59,2937,6844,2574,12414,0,670,6435,157,7262,70,4843,13279,2731,20923,10130,30,10160,36448
2007,BQN,1262,0,209,87,1558,172,0,2331,537,3040,3506,5,2540,624,6675,5121,4264,9385,20904
2007,BRO,114,4077,5139,4045,13375,0,0,5284,26,5310,164,5392,10423,4071,20050,8462,9885,18347,42959
2007,BTL,19,568,11261,858,12706,0,27,24873,1292,26192,35,789,36134,2150,39108,54733,492,55225,105166
2007,BTR,3269,19667,20500,889,44325,23,143,13349,459,13974,4649,26305,33849,1348,66151,11443,557,12000,89408
2007,BTV,6927,21796,7270,2579,38572,35,647,11239,1162,13083,9748,29480,18509,3741,61478,21933,4682,26615,94048
2007,BUF,33028,35101,8419,313,76861,49,1847,5498,169,7563,44662,48612,13917,482,107673,21361,1532,22893,135455
2007,BUR,44262,20648,13177,100,78187,217,1861,55300,267,57645,60078,29522,68477,367,158444,5060,8,5068,170171
2007,BVY,0,705,2752,22,3479,2,94,22965,263,23324,2,1221,25717,285,27225,33397,40,33437,67669
2007,BWI,156723,42534,15128,445,214830,59,39,6384,47,6529,209182,55611,21512,492,286797,3216,26,3242,296639
2007,BZN,6519,7636,5071,98,19324,3,115,19711,149,19978,8468,10413,24782,247,43910,29081,242,29323,80241
2007,CAE,6784,34134,12014,1305,54237,45,742,7844,299,8930,9165,46609,19858,1604,77236,11731,1624,13355,97545
2007,CAK,16025,7757,26514,538,50834,45,456,8900,801,10202,21805,10710,35414,1339,69268,23841,719,24560,105425
2007,CCR,0,890,5656,2,6548,0,916,34309,24,35249,0,2409,39965,26,42400,38944,120,39064,93682
2007,CDW,0,205,4371,15,4591,0,72,41479,522,42073,3,394,45850,537,46784,35960,300,36260,96629
2007,CGF,0,3043,7011,6,10060,0,3977,12325,63,16365,0,9115,19336,69,28520,14750,12,14762,48734
2007,CHA,2642,13651,17034,4908,38235,72,193,10222,841,11328,3518,18836,27256,5749,55359,9658,4094,13752,79331
2007,CHD,0,72,1502,6,1580,0,3089,60517,429,64035,0,4162,62019,435,66616,175147,31,175178,265212
2007,CHO,26,15427,9681,700,25834,0,24,15546,344,15914,40,21234,25227,1044,47545,17607,2014,19621,75906
2007,CHS,17273,21723,15901,11627,66524,191,401,7186,921,8699,23279,30589,23087,12548,89503,1303,10502,11805,113724
2007,CIC,5,1638,825,115,2583,776,8944,18429,361,28510,808,13300,19254,476,33838,13692,1157,14849,54663
2007,CID,6024,18365,8984,316,33689,0,140,7622,129,7891,8180,24444,16606,445,49675,8988,58,9046,63421
2007,CKB,35,1969,3363,2189,7556,4,146,8543,4126,12819,62,2947,11906,6315,21230,19676,16893,36569,63331
2007,CLE,54492,118532,8515,159,181698,46,948,958,451,2403,72118,159927,9473,610,242128,0,0,0,245170
2007,CLL,36,5468,4278,2734,12516,0,2,11639,2651,14292,58,7307,15917,5385,28667,9618,4182,13800,50519
2007,CLT,213508,149587,20068,1226,384389,65,1230,5780,88,7163,289850,199529,25848,1314,516541,0,0,0,525943
2007,CMA,0,1703,14139,34,15876,0,611,46809,44,47464,0,3465,60948,78,64491,66788,620,67408,148518
2007,CMH,36299,51721,15683,280,103983,227,623,13257,888,14995,52299,70773,28940,1168,153180,5947,223,6170,168866
2007,CMI,63,6984,12531,100,19678,4,98,11660,45,11807,158,9473,24191,145,33967,67381,174,67555,109348
2007,CNO,0,142,17250,87,17479,3,42,35747,28,35820,3,244,52997,115,53359,97778,423,98201,167498
2007,CNW,7,28,1778,2191,4004,13,382,6718,401,7514,24,521,8496,2592,11633,16931,9001,25932,41170
2007,COS,13979,17169,9912,6625,47685,6,184,21105,3989,25284,20465,21581,31017,10614,83677,49084,11869,60953,156341
2007,COU,138,2122,4779,155,7194,4,31,8828,339,9202,203,2872,13607,494,17176,6485,649,7134,28356
2007,CPR,612,10715,4283,153,15763,4,626,7030,66,7726,852,14876,11313,219,27260,8872,148,9020,39430
2007,CPS,0,5898,10433,143,16474,0,994,24791,96,25881,0,11112,35224,239,46575,50528,36,50564,106924
2007,CRE,0,579,10588,208,11375,2,283,20276,470,21031,2,1098,30864,678,32642,14439,308,14747,54119
2007,CRG,2,4182,19917,24,24125,0,550,39370,9837,49757,18,6146,59287,9861,75312,66724,238,66962,164494
2007,CRP,3137,12555,8045,8078,31815,14,951,6227,188,7380,4143,18377,14272,8266,45058,2160,40343,42503,99979
2007,CRQ,0,8087,31515,168,39770,0,5386,72256,669,78311,0,17529,103771,837,122137,60720,479,61199,212023
2007,CRW,33,24081,8740,2218,35072,0,3913,8071,520,12504,44,36255,16811,2738,55848,10561,2904,13465,75485
2007,CSG,1666,373,9153,102,11294,83,27,10063,97,10270,2446,546,19216,199,22407,17309,245,17554,46141
2007,CVG,67944,173451,4316,69,245780,60,274,679,50,1063,90151,231313,4995,119,326578,0,0,0,328261
2007,CWA,230,8424,1391,174,10219,0,91,3930,158,4179,271,11311,5321,332,17235,4512,818,5330,23925
2007,CWF,214,80,1771,6376,8441,27,1001,8045,2943,12016,310,1589,9816,9319,21034,1365,7551,8916,35260
2007,CXY,0,222,6548,666,7436,9,163,13275,629,14076,9,464,19823,1295,21591,12828,1530,14358,40927
2007,CYS,17,270,727,703,1717,137,4656,8980,2352,16125,182,6648,9707,3055,19592,14606,20432,35038,58953
2007,DAB,5158,3518,36640,328,45644,21,417,119828,233,120499,6599,4793,156468,561,168421,83651,32,83683,307738
2007,DAL,66819,35855,47860,831,151365,1171,6742,22559,988,31460,91354,57877,70419,1819,221469,260,7,267,243928
2007,DAY,14860,29441,11880,457,56638,29,71,6476,144,6720,19930,39927,18356,601,78814,9314,93,9407,91885
2007,DBQ,0,2928,4430,56,7414,0,107,15010,51,15168,6,3978,19440,107,23531,23314,60,23374,53470
2007,DCA,112631,93227,2144,150,208152,0,11,1986,48,2045,155425,118241,4130,198,277994,6,21,27,279488
2007,DEC,23,2580,3760,313,6676,0,1,10010,1475,11486,33,3161,13770,1788,18752,21081,3632,24713,47861
2007,DEN,338313,122461,3492,152,464418,74,327,984,43,1428,451192,162621,4476,195,618484,13,0,13,619941
2007,DET,128,2499,6366,24,9017,0,125,24184,1264,25573,130,3399,30550,1288,35367,30995,71,31066,73647
2007,DFW,353350,152780,3851,253,510234,1423,896,1601,132,4052,477920,201220,5452,385,684977,37,2,39,686711
2007,DHN,2292,1393,7950,7831,19466,26,330,9160,8862,18378,3021,2190,17110,16693,39014,15935,25004,40939,90598
2007,DLH,3424,4033,10854,2261,20572,84,160,17696,548,18488,4720,5570,28550,2809,41649,14536,4148,18684,69274
2007,DPA,34,2734,19078,13,21859,0,290,30241,122,30653,40,4051,49319,135,53545,36312,100,36412,103308
2007,DSM,11332,33313,18173,1389,64207,50,793,7431,202,8476,15784,44262,25604,1591,87241,4100,1407,5507,100915
2007,DTN,0,104,3679,18,3801,0,124,13276,46,13446,0,302,16955,64,17321,33435,370,33805,56593
2007,DTO,0,382,3629,33,4044,2,171,17820,10,18003,23,726,21449,43,22241,68119,224,68343,99734
2007,DTW,202019,135484,8185,70,345758,4197,2784,169,2,7152,271034,185105,8354,72,464565,464,57,521,467755
2007,DVT,0,463,4029,0,4492,13,3654,100784,3,104454,21,5676,104813,3,110513,236472,642,237114,378349
2007,DWH,0,1206,11749,1191,14146,0,716,57700,379,58795,0,2552,69449,1570,73571,137865,388,138253,237400
2007,DXR,0,449,2345,5,2799,0,2333,22141,50,24524,0,3096,24486,55,27637,38768,218,38986,73609
2007,EAU,42,2956,6262,59,9319,0,1135,9175,324,10634,52,5421,15437,383,21293,7952,332,8284,34076
2007,EGE,3473,6901,10501,76,20951,122,168,5097,3355,8742,4149,8942,15598,3431,32120,3501,3089,6590,43007
2007,ELM,25,7979,5990,54,14048,0,87,5791,29,5907,25,10515,11781,83,22404,16200,24,16224,41854
2007,ELP,34201,13058,9632,2654,59545,68,1733,10457,2073,14331,45175,19593,20089,4727,89584,3830,1430,5260,102833
2007,EMT,0,521,2956,5,3482,0,252,31440,53,31745,0,878,34396,58,35332,62909,19,62928,106411
2007,ENA,293,6144,422,62,6921,848,10249,6321,220,17638,1427,21302,6743,282,29754,9216,3628,12844,43848
2007,ENW,0,1710,3755,17,5482,0,344,21386,64,21794,0,2594,25141,81,27816,26720,328,27048,60899
2007,ERI,49,10173,4869,268,15359,35,258,5212,42,5547,94,13164,10081,310,23649,7037,397,7434,34097
2007,ESN,0,0,0,0,0,0,0,0,0,0,0,200,0,0,200,1070,12,1082,2643
2007,EUG,4172,13140,7593,511,25416,122,736,18668,206,19732,6557,17856,26261,717,51391,25495,707,26202,83780
2007,EVB,0,581,4923,13,5517,0,420,38109,178,38707,0,1202,43032,191,44425,103543,586,104129,165748
2007,EVV,76,14460,8892,1153,24581,0,656,9405,196,10257,102,20178,18297,1349,39926,21876,1046,22922,68267
2007,EWB,0,2093,5553,102,7748,0,5119,16187,205,21511,0,8904,21740,307,30951,34965,802,35767,72189
2007,EWN,2188,4019,3703,374,10284,3,55,8959,500,9517,3180,5350,12662,874,22066,12367,772,13139,39246
2007,EWR,205575,114335,6621,51,326582,3,39,5561,4,5607,273652,151480,12182,55,437369,212,2,214,441908
2007,EYW,4976,14804,10871,94,30745,1,3404,12509,480,16394,6331,24714,23380,574,54999,13024,12183,25207,90486
2007,FAI,8831,12574,3359,690,25454,82,16956,21292,285,38615,11568,38989,24651,975,76183,29176,149,29325,109286
2007,FAR,3908,10969,8528,1624,25029,23,1837,7712,568,10140,5226,17249,16240,2192,40907,24608,1823,26431,73093
2007,FAT,13645,15816,13222,2629,45312,2,5108,45463,4490,55063,18776,27996,58685,7119,112576,25596,836,26432,158202
2007,FAY,237,6760,5188,1874,14059,102,946,8638,1496,11182,391,10382,13826,3370,27969,14963,4305,19268,52641
2007,FCM,0,550,14232,16,14798,0,2190,32748,101,35039,0,3489,46980,117,50586,55070,190,55260,118178
2007,FFZ,1,272,4978,25,5276,12,4791,92695,1322,98820,20,6892,97673,1347,105932,170026,672,170698,314129
2007,FLG,4,3825,2101,67,5997,0,3423,14862,426,18711,4,9467,16963,493,26927,7403,511,7914,40580
2007,FLL,145206,39277,29409,416,214308,52,6420,11264,72,17808,193712,60196,40673,488,295069,10,0,10,307952
2007,FLO,0,3867,6869,626,11362,16,153,6329,584,7082,16,5429,13198,1210,19853,6709,755,7464,32243
2007,FMN,5,6212,2584,77,8878,0,1912,9767,159,11838,5,10950,12351,236,23542,71462,488,71950,101067
2007,FMY,0,1985,11810,51,13846,0,569,24647,33,25249,5,3339,36457,84,39885,24970,136,25106,77008
2007,FNT,8439,9364,13073,46,30922,42,181,8355,102,8680,11589,13166,21428,148,46331,32217,170,32387,84587
2007,FOE,315,397,1928,3888,6528,2,119,7959,3606,11686,385,668,9887,7494,18434,2602,12351,14953,38248
2007,FPR,0,565,17139,68,17772,0,68,39849,36,39953,0,843,56988,104,57935,52524,273,52797,130074
2007,FRG,118,7856,13302,105,21381,3,1459,57174,362,58998,204,11828,70476,467,82975,77863,4150,82013,185612
2007,FSD,7235,19046,11605,2464,40350,0,831,8226,376,9433,9614,26496,19831,2840,58781,12158,3364,15522,81176
2007,FSM,119,5565,7054,9186,21924,0,211,8550,2920,11681,169,7961,15604,12106,35840,10855,11953,22808,68275
2007,FTG,0,154,1532,8,1694,0,900,28674,310,29884,0,1342,30206,318,31866,50932,384,51316,91407
2007,FTW,68,2494,18878,278,21718,6,1356,24184,282,25828,82,5281,43062,560,48985,42795,200,42995,108584
2007,FTY,0,6098,26336,382,32816,0,457,25921,104,26482,31,8918,52257,486,61692,46250,166,46416,125348
2007,FUL,0,0,3733,0,3733,258,157,33049,0,33464,258,157,36782,0,37197,31149,80,31229,78623
2007,FWA,6263,16464,9847,1952,34526,39,750,4647,109,5545,7569,22608,14494,2061,46732,13417,1608,15025,66514
2007,FWS,0,0,0,0,0,0,0,0,0,0,0,37,0,0,37,8643,2,8645,14157
2007,FXE,0,11001,36008,21,47030,0,2128,75001,10,77139,0,17426,111009,31,128466,33672,94,33766,200030
2007,FYV,52,339,4179,24,4594,0,3,10704,24,10731,56,469,14883,48,15456,16382,224,16606,36812
2007,GCK,27,3569,3606,340,7542,18,175,6057,605,6855,59,5141,9663,945,15808,1500,1248,2748,21216
2007,GCN,6,1420,635,212,2273,2,77246,2322,213,79783,20,95164,2957,425,98566,859,631,1490,100930
2007,GEG,31935,13746,6149,350,52180,24,1588,9070,114,10796,43243,20963,15219,464,79889,17385,578,17963,101323
2007,GEU,0,251,1188,14,1453,0,489,30951,27,31467,0,1017,32139,41,33197,102384,25,102409,146208
2007,GFK,2509,17403,3325,109,23346,20,32856,5325,364,38565,3284,66244,8650,473,78651,142312,90,142402,223986
2007,GGG,61,2359,9687,1169,13276,0,20,12179,147,12346,68,3285,21866,1316,26535,49004,3344,52348,87083
2007,GJT,926,12808,5452,1000,20186,9,1585,17635,503,19732,1237,18895,23087,1503,44722,19782,3297,23079,75164
2007,GKY,0,143,5280,5,5428,4,662,52954,233,53853,6,861,58234,238,59339,78007,252,78259,158425
2007,GLH,164,877,1436,1076,3553,2,20,3883,294,4199,202,1172,5319,1370,8063,2460,13179,15639,25426
2007,GLS,0,1203,2305,217,3725,0,26521,9677,545,36743,0,36025,11982,762,48769,12989,678,13667,67024
2007,GMU,0,11395,4361,22,15778,0,7896,17079,1955,26930,0,25587,21440,1977,49004,17894,381,18275,74747
2007,GNV,2193,6509,12567,2039,23308,7,63,20050,1420,21540,2737,9334,32617,3459,48147,20538,2923,23461,82592
2007,GON,0,1287,5464,465,7216,0,413,15487,1882,17782,0,2446,20951,2347,25744,18662,1614,20276,51960
2007,GPI,2648,6637,4761,73,14119,1411,2932,11849,178,16370,4457,11865,16610,251,33183,16788,474,17262,53412
2007,GPM,0,43,574,28,645,0,0,21929,54,21983,0,59,22503,82,22644,63858,32,63890,94873
2007,GPT,4249,8894,8223,5920,27286,6,23,4753,721,5503,5999,11937,12976,6641,37553,1750,7622,9372,53589
2007,GRB,4024,13669,9885,234,27812,0,0,6717,1,6718,5509,18449,16602,235,40795,34614,24,34638,81187
2007,GRI,46,3561,2619,172,6398,0,167,4386,684,5237,54,4970,7005,856,12885,5422,2230,7652,23046
2007,GRR,11695,25039,17975,982,55691,86,701,10045,99,10931,15531,33796,28020,1081,78428,12168,1712,13880,101005
2007,GSN,2842,4274,85,127,7328,18,10883,7930,255,19086,3861,20608,8015,382,32866,269,101,370,36064
2007,GSO,11312,35834,18320,344,65810,315,926,8343,82,9666,15488,48806,26663,426,91383,6539,388,6927,106833
2007,GSP,3912,29486,7263,741,41402,8,148,2977,226,3359,5527,39313,10240,967,56047,514,493,1007,60525
2007,GTF,7409,5010,3676,3507,19602,86,638,6865,914,8503,9785,7488,10541,4421,32235,7781,2620,10401,46791
2007,GTR,20,2607,2665,3889,9181,0,252,5596,1594,7442,39,3815,8261,5483,17598,5066,4252,9318,30943
2007,GTU,0,0,0,0,0,0,0,0,0,0,0,169,0,0,169,6106,36,6142,12324
2007,GUM,14794,4572,643,375,20384,2,38,3571,3838,7449,19740,6189,4214,4213,34356,26276,523,26799,62408
2007,GYH,0,1206,2334,1217,4757,30,2157,8862,1387,12436,30,4279,11196,2604,18109,20561,1689,22250,45418
2007,GYR,61,142,906,12,1121,6,2404,61154,3865,67429,90,3377,62060,3877,69404,91480,3974,95454,188015
2007,GYY,554,715,5897,183,7349,11,743,8553,418,9725,658,1869,14450,601,17578,12133,1524,13657,35601
2007,HEF,0,3402,12702,29,16133,0,270,22704,148,23122,8,4794,35406,177,40385,54880,40,54920,106679
2007,HFD,0,3360,2828,28,6216,19,1190,28859,75,30143,19,5806,31687,103,37615,37212,167,37379,86761
2007,HGR,0,1065,3701,410,5176,0,1630,14532,2169,18331,0,3210,18233,2579,24022,12036,1658,13694,43681
2007,HHR,0,266,3836,40,4142,0,204,25585,415,26204,0,517,29421,455,30393,25507,0,25507,62462
2007,HIO,0,4030,10329,70,14429,3,1157,45053,128,46341,3,6571,55382,198,62154,162032,25,162057,238605
2007,HKS,0,1862,5420,191,7473,0,126,8427,917,9470,0,2679,13847,1108,17634,17667,1987,19654,41859
2007,HKY,0,1540,5484,40,7064,0,237,11436,496,12169,0,2275,16920,536,19731,11923,135,12058,37616
2007,HLG,0,758,1045,259,2062,0,290,10297,823,11410,0,1468,11342,1082,13892,20259,1120,21379,39050
2007,HLN,927,6912,2497,376,10712,7,1694,13922,2149,17772,1253,10842,16419,2525,31039,27307,3592,30899,67762
2007,HND,0,571,6164,6,6741,0,6298,22877,151,29326,0,9554,29041,157,38752,21639,253,21892,71119
2007,HNL,132012,28712,7509,10100,178333,5563,19985,28844,669,55061,182455,64110,36353,10769,293687,862,61,923,307112
2007,HOB,0,697,615,22,1334,0,946,4853,40,5839,0,2237,5468,62,7767,4006,82,4088,13810
2007,HOU,82549,20545,47686,118,150898,53,14051,12536,196,26836,110151,42783,60222,314,213470,2908,2,2910,236742
2007,HPN,8817,48473,47463,42,104795,251,1300,34093,140,35784,12471,65315,81556,182,159524,16034,6,16040,199996
2007,HRL,8643,3136,2477,3055,17311,2,114,5392,45,5553,11565,4214,7869,3100,26748,3931,18204,22135,53019
2007,HSA,0,4,349,113,466,0,0,1236,213,1449,0,10,1585,326,1921,2159,1383,3542,8616
2007,HSV,4988,19014,8261,6892,39155,0,72,5377,357,5806,7360,25244,13638,7249,53491,17835,17787,35622,95837
2007,HTS,970,5524,4897,243,11634,2,713,4282,134,5131,1331,8314,9179,377,19201,7709,393,8102,29854
2007,HUF,125,386,5167,1365,7043,99,154,13673,708,14634,252,686,18840,2073,21851,27237,1331,28568,56598
2007,HUM,0,2237,4149,33,6419,0,42965,11936,112,55013,0,60801,16085,145,77031,15447,132,15579,98290
2007,HUT,0,171,3099,747,4017,0,1947,11101,180,13228,0,2725,14200,927,17852,26819,2450,29269,51831
2007,HVN,0,3456,3521,33,7010,0,20,16357,567,16944,0,4483,19878,600,24961,23048,137,23185,52689
2007,HWD,0,1315,5091,0,6406,0,418,43572,19,44009,0,2394,48663,19,51076,77435,43,77478,144339
2007,HWO,0,0,1604,0,1604,0,0,44872,64,44936,0,0,46476,64,46540,120608,74,120682,182190
2007,HXD,0,8183,12834,62,21079,0,46,10037,519,10602,0,11161,22871,581,34613,3704,512,4216,45955
2007,HYA,3,17945,5808,11,23767,1,56703,12494,46,69244,4,96224,18302,57,114587,5569,413,5982,124664
2007,IAD,138994,127159,47435,542,314130,76,16,1269,66,1427,185807,166885,48704,608,402004,1037,33,1070,419127
2007,IAG,468,1062,2759,2599,6888,4,24,7993,1644,9665,561,1437,10752,4243,16993,10482,5338,15820,35777
2007,IAH,218366,223963,9033,145,451507,283,449,1497,62,2291,290886,298212,10530,207,599835,4,0,4,603641
2007,ICT,11415,26279,38356,4123,80173,77,1705,18333,245,20360,15704,37160,56689,4368,113921,21700,5670,27370,158725
2007,IDA,449,7190,2347,24,10010,0,2541,11994,126,14661,862,12444,14341,150,27797,13254,40,13294,43860
2007,IFP,982,126,604,18,1730,22,2295,10020,144,12481,1424,3408,10624,162,15618,4740,109,4849,23733
2007,ILG,794,3959,17453,1833,24039,10,167,15963,1250,17390,836,5578,33416,3083,42913,54133,12499,66632,121138
2007,ILM,4097,13373,17737,1581,36788,36,1258,13066,632,14992,5618,19404,30803,2213,58038,13533,1700,15233,83088
2007,IND,80924,50599,17189,484,149196,201,743,3276,150,4370,108677,67683,20465,634,197459,0,0,0,203616
2007,INT,304,1490,9967,16,11777,11,658,16815,133,17617,421,2791,26782,149,30143,20066,40,20106,59452
2007,IPT,0,3540,2242,74,5856,0,1449,7295,395,9139,0,6632,9537,469,16638,5620,194,5814,25178
2007,ISM,10,1522,16785,33,18350,5,599,53351,31,53986,16,2981,70136,64,73197,75478,10,75488,169514
2007,ISO,265,942,2780,2261,6248,0,56,7275,921,8252,357,1346,10055,3182,14940,6488,4669,11157,30042
2007,ISP,20646,4553,17274,311,42784,77,15,40627,1164,41883,27035,6027,57901,1475,92438,75278,575,75853,184760
2007,ITH,0,6722,3471,27,10220,0,183,7284,53,7520,42,9191,10755,80,20068,24026,85,24111,46925
2007,ITO,12004,8454,1160,1802,23420,108,34032,5152,1151,40443,16381,54403,6312,2953,80049,11313,3666,14979,97303
2007,IWA,1199,1330,3249,1975,7753,11,5371,63305,2201,70888,1962,8673,66554,4176,81365,188334,4339,192673,296676
2007,IXD,0,1321,7495,274,9090,0,27,16275,819,17121,8,1905,23770,1093,26776,22145,552,22697,56889
2007,JAC,4281,6302,6503,71,17157,35,730,5531,148,6444,5223,8880,12034,219,26356,1563,41,1604,30605
2007,JAN,8493,15774,7986,4750,37003,21,80,2672,300,3073,11280,21793,10658,5050,48781,2018,19083,21101,74701
2007,JAX,46577,27714,9001,2149,85441,47,237,1918,452,2654,62298,36973,10919,2601,112791,184,1364,1548,117882
2007,JEF,0,295,4608,397,5300,0,159,7870,947,8976,0,572,12478,1344,14394,5475,1390,6865,25136
2007,JFK,266131,67805,3320,97,337353,0,3397,2061,78,5536,356364,93508,5381,175,455428,0,0,0,456835
2007,JLN,4,2319,3490,19,5832,0,49,7632,143,7824,6,3368,11122,162,14658,10644,16,10660,28576
2007,JNU,6441,1972,694,89,9196,61,59021,7726,235,67043,7944,68722,8420,324,85410,5887,109,5996,92732
2007,JQF,207,5983,14101,22,20313,0,1175,18722,151,20048,246,9964,32823,173,43206,13628,55,13683,67365
2007,JRF,31,29,622,655,1337,897,178,12266,1026,14367,932,220,12888,1681,15721,85124,15852,100976,120994
2007,JVL,215,3161,2763,51,6190,16,616,17537,98,18267,242,5011,20300,149,25702,19763,296,20059,50295
2007,JXN,33,196,5150,45,5424,2,201,17777,221,18201,53,512,22927,266,23758,17590,102,17692,48409
2007,KOA,24706,4261,1885,1926,32778,0,10468,11070,609,22147,32352,19646,12955,2535,67488,58000,13558,71558,144570
2007,LAF,27,369,7539,20,7955,1,66,23545,108,23720,47,676,31084,128,31935,70563,3,70566,113161
2007,LAL,0,790,9411,507,10708,0,64,47688,357,48109,34,1328,57099,864,59325,73410,1264,74674,147906
2007,LAN,7069,9963,10295,563,27890,162,298,10566,1376,12402,9077,13838,20861,1939,45715,22584,1252,23836,75136
2007,LAS,303263,37862,40516,930,382571,66,73057,5557,822,79502,407618,148277,46073,1752,603720,0,0,0,619287
2007,LAW,52,2863,1531,17587,22033,1,0,3282,429,3712,73,3980,4813,18016,26882,2029,458,2487,37030
2007,LAX,347283,141791,9962,391,499427,2884,506,2492,1618,7500,467193,193930,12454,2009,675586,0,0,0,680954
2007,LBB,9996,13557,9537,6040,39130,4,2363,11475,1073,14915,13494,21411,21012,7113,63030,8619,5598,14217,86611
2007,LBE,140,4318,3378,170,8006,7,323,9431,591,10352,193,6199,12809,761,19962,17374,2398,19772,43334
2007,LCH,21,4576,3386,2798,10781,0,5358,3281,181,8820,27,13506,6667,2979,23179,10983,3790,14773,41346
2007,LEB,0,2956,3087,25,6068,0,2606,13600,182,16388,0,7558,16687,207,24452,31569,372,31941,61172
2007,LEE,0,118,4302,3,4423,0,180,24390,54,24624,0,603,28692,57,29352,35584,18,35602,73492
2007,LEX,1276,25575,16198,472,43521,0,233,12946,212,13391,1635,34282,29144,684,65745,5138,573,5711,80833
2007,LFT,1141,12641,11229,358,25369,0,10485,9033,63,19581,1520,31368,20262,421,53571,9710,527,10237,71500
2007,LGA,150943,140706,6598,232,298479,0,82,1202,22,1306,200814,185974,7800,254,394842,0,0,0,397280
2007,LGB,20172,6165,29774,263,56374,61,2112,89804,215,92192,26639,11536,119578,478,158231,202718,58,202776,396281
2007,LIH,19177,6923,677,1409,28186,36,35016,4187,624,39863,25663,55720,4864,2033,88280,23884,2105,25989,116493
2007,LIT,20861,20339,26139,5226,72565,93,759,14846,581,16279,27623,28534,40985,5807,102949,7493,17465,24958,142866
2007,LMT,0,2545,1505,3345,7395,0,684,449,162,1295,0,4495,1954,3507,9956,16735,8033,24768,35899
2007,LNK,1046,7848,12024,5959,26877,0,763,7959,626,9348,1209,11581,19983,6585,39358,15960,13868,29828,76925
2007,LNS,3,2379,8798,597,11777,0,338,31132,754,32224,6,3157,39930,1351,44444,39050,2087,41137,97079
2007,LOU,0,1507,8782,127,10416,0,1832,27139,291,29262,0,4427,35921,418,40766,48220,160,48380,99865
2007,LRD,2912,7379,9907,2086,22284,0,55,6998,1711,8764,3946,9840,16905,3797,34488,6498,12007,18505,60055
2007,LSE,597,5007,3227,244,9075,0,511,6586,493,7590,763,7343,9813,737,18656,7238,1161,8399,29783
2007,LUK,8,9796,19233,127,29164,99,1032,14873,270,16274,129,14580,34106,397,49212,12406,118,12524,71910
2007,LVK,0,1001,7591,24,8616,0,203,48864,280,49347,0,1612,56455,304,58371,104977,330,105307,181724
2007,LWB,387,2311,3850,200,6748,6,106,4716,448,5276,494,3263,8566,648,12971,3714,496,4210,20172
2007,LWM,0,101,3961,1,4063,0,6,20315,55,20376,0,153,24276,56,24485,42443,22,42465,73467
2007,LWS,31,6665,1446,85,8227,0,1406,11183,80,12669,62,10793,12629,165,23649,9005,519,9524,36514
2007,LYH,0,4933,6336,221,11490,12,5,13940,345,14302,15,6475,20276,566,27332,23542,312,23854,57453
2007,LZU,0,2160,11084,22,13266,0,926,33852,114,34892,0,4471,44936,136,49543,22993,10,23003,87964
2007,MAF,7157,9853,11082,12361,40453,6,567,6663,654,7890,9408,14055,17745,13015,54223,4172,16442,20614,84302
2007,MBS,6711,2067,6424,105,15307,0,453,4477,79,5009,8870,3319,10901,184,23274,9364,160,9524,35696
2007,MCI,99598,38011,4188,625,142422,1,63,2088,46,2198,132202,53942,6276,671,193091,8,0,8,194959
2007,MCN,42,91,1072,212,1417,507,1344,10623,3719,16193,697,1907,11695,3931,18230,3450,656,4106,27019
2007,MCO,216817,41161,13646,333,271957,85,230,3228,40,3583,291400,53648,16874,373,362295,0,0,0,367860
2007,MDH,2,714,905,7,1628,0,227,21881,93,22201,4,1274,22786,100,24164,55664,26,55690,88462
2007,MDT,7278,24747,6064,1607,39696,300,536,5527,105,6468,10195,33291,11591,1712,56789,3413,6924,10337,71288
2007,MDW,149248,37163,33281,323,220015,549,148,8299,401,9397,198949,48692,41580,724,289945,254,4,258,304657
2007,MEI,2,1189,4288,16777,22256,0,6,5013,1685,6704,4,1561,9301,18462,29328,6123,32786,38909,77094
2007,MEM,157910,99789,18788,1091,277578,6,516,3800,196,4518,212347,132729,22588,1287,368951,0,0,0,376528
2007,MER,0,0,0,0,0,0,0,0,0,0,0,35,0,0,35,18726,248,18974,32837
2007,MFD,6,1831,6989,1626,10452,2,113,5461,577,6153,8,2213,12450,2203,16874,5108,2732,7840,28298
2007,MFE,4947,5213,9484,5260,24904,0,10,13219,10,13239,6630,6530,22703,5270,41133,10980,714,11694,62463
2007,MFR,1916,15006,3978,89,20989,3,1273,14699,90,16065,2822,20997,18677,179,42675,10236,98,10334,56846
2007,MGM,1833,6739,10246,10208,29026,0,58,7474,707,8239,2387,8987,17720,10915,40009,7272,15505,22777,71446
2007,MGW,0,2380,3501,529,6410,0,4796,9714,1221,15731,0,9766,13215,1750,24731,20339,3188,23527,52574
2007,MHK,56,1679,2694,345,4774,3,0,5653,552,6208,82,2121,8347,897,11447,10196,3014,13210,27804
2007,MHR,3590,4222,7394,1651,16857,85,4216,22750,2572,29623,4998,11272,30144,4223,50637,20341,7478,27819,87617
2007,MHT,29538,20455,7969,347,58309,1545,358,6131,114,8148,41614,26994,14100,461,83169,4755,51,4806,91624
2007,MIA,220795,49436,14149,777,285157,275,1165,3828,95,5363,294307,66925,17977,872,380081,64,3,67,386367
2007,MIC,0,0,2190,0,2190,0,47,17716,30,17793,0,48,19906,30,19984,27883,145,28028,53583
2007,MIE,24,138,3129,55,3346,0,27,13264,101,13392,32,240,16393,156,16821,5364,122,5486,26198
2007,MKC,58,4361,10445,140,15004,36,8506,27044,618,36204,99,16903,37489,758,55249,24916,213,25129,92936
2007,MKE,50136,82072,11755,1855,145818,28,761,4270,97,5156,66762,110691,16025,1952,195430,127,0,127,200205
2007,MKG,2,3900,8145,338,12385,6,75,9018,309,9408,8,5319,17163,647,23137,17988,806,18794,46001
2007,MKK,0,5936,356,223,6515,0,13979,5964,655,20598,0,26826,6320,878,34024,1848,332,2180,37566
2007,MKL,0,1157,2842,146,4145,0,773,6192,981,7946,0,2471,9034,1127,12632,7326,1712,9038,25064
2007,MLB,2373,1834,19463,307,23977,1,0,43510,118,43629,3026,2435,62973,425,68859,73372,104,73476,163329
2007,MLI,4420,13785,6790,276,25271,30,175,5952,51,6208,5978,18295,12742,327,37342,9937,148,10085,51061
2007,MLU,5,8548,6867,830,16250,1,305,7438,534,8278,19,11793,14305,1364,27481,8596,1092,9688,42669
2007,MMU,0,9788,19944,140,29872,0,1336,48489,43,49868,0,14510,68433,183,83126,61960,111,62071,162539
2007,MOB,2229,10657,6767,12430,32083,22,1456,4064,4482,10024,2756,16595,10831,16912,47094,6025,27151,33176,88822
2007,MOD,0,4182,6668,69,10919,0,4780,21096,66,25942,0,11648,27764,135,39547,28053,95,28148,78224
2007,MOT,1099,3280,1769,146,6294,0,1127,7765,245,9137,1480,5920,9534,391,17325,15838,4095,19933,39521
2007,MQY,72,913,10728,1112,12825,12,278,15308,2096,17694,94,1501,26036,3208,30839,19055,2131,21186,61078
2007,MRI,0,318,532,0,850,2,12984,53946,51,66983,2,16617,54478,51,71148,91785,500,92285,174848
2007,MRY,1101,18336,17451,341,37229,5,615,22375,263,23258,1488,25533,39826,604,67451,5121,117,5238,83954
2007,MSN,7461,22103,15390,2770,47724,251,302,17252,989,18794,10563,29530,32642,3759,76494,32308,4140,36448,121984
2007,MSO,3370,8198,3608,69,15245,4,3204,13822,134,17164,4391,14668,17430,203,36692,11821,153,11974,51430
2007,MSP,215396,109765,13055,2170,340386,3,40,782,61,886,286310,146333,13837,2231,448711,0,0,0,453566
2007,MSY,54690,14571,13559,413,83233,67,3421,6998,369,10855,75083,25112,20557,782,121534,0,0,0,128628
2007,MTN,0,1892,9091,1617,12600,0,895,29389,1791,32075,0,3679,38480,3408,45567,25520,984,26504,83465
2007,MVY,25,9174,6549,28,15776,36,10103,15680,88,25907,61,22727,22229,116,45133,2218,197,2415,51729
2007,MWA,37,2393,487,95,3012,1,1225,5308,385,6919,48,4748,5795,480,11071,12008,194,12202,24881
2007,MWC,0,400,2971,6,3377,1,814,14850,61,15726,1,1496,17821,67,19385,20628,80,20708,44856
2007,MWH,3070,1133,3467,4797,12467,4017,769,7185,3037,15008,9362,2335,10652,7834,30183,19308,16428,35736,71199
2007,MYF,0,1983,21671,31,23685,0,702,68473,69,69244,0,3428,90144,100,93672,97069,751,97820,222492
2007,MYR,12647,7832,7851,2236,30566,1,383,5823,200,6407,16716,10353,13674,2436,43179,4405,2283,6688,54943
2007,NEW,0,119,1555,47,1721,2,40,3818,241,4101,10,602,5373,288,6273,9770,359,10129,24333
2007,NQA,31,59,2350,2913,5353,3,499,3884,977,5363,48,606,6234,3890,10778,3912,20160,24072,37566
2007,OAK,131363,19068,17834,131,168396,9,4077,27844,87,32017,175305,31024,45678,218,252225,81332,122,81454,347746
2007,OGD,12,234,2303,9,2558,5,787,24371,107,25270,17,1149,26674,116,27956,71552,321,71873,107872
2007,OGG,37331,11317,1608,1020,51276,2501,44104,7019,335,53959,52174,72798,8627,1355,134954,9126,833,9959,147889
2007,OJC,0,186,7736,14,7936,0,16,25205,25,25246,0,322,32941,39,33302,25045,80,25125,67617
2007,OKC,26838,24849,8189,8968,68844,717,1361,3465,2784,8327,36899,35912,11654,11752,96217,1683,14632,16315,120833
2007,OLM,0,905,4509,89,5503,0,1012,29237,655,30904,0,2504,33746,744,36994,44420,176,44596,89567
2007,OLV,0,3493,2614,60,6167,0,1035,14836,378,16249,0,6022,17450,438,23910,26886,918,27804,56692
2007,OMA,30968,34319,17761,510,83558,4,1627,7655,144,9430,41794,48127,25416,654,115991,10095,622,10717,134374
2007,OMN,0,10,7088,2,7100,430,2,53105,16,53553,430,12,60193,18,60653,65610,120,65730,145305
2007,ONT,66536,26050,6889,55,99530,5,1192,7554,14,8765,88280,38681,14443,69,141473,2264,59,2323,147678
2007,OPF,70,3779,17389,896,22134,4,1222,37319,3473,42018,90,6659,54708,4369,65826,26176,4114,30290,112238
2007,ORD,464922,226488,7535,110,699055,43,117,379,32,571,617135,299356,7914,142,924547,0,0,0,926973
2007,ORF,41145,14999,13620,881,70645,354,453,7310,229,8346,55978,19974,20930,1110,97992,18664,11011,29675,134389
2007,ORH,17,731,3866,133,4747,0,1592,17520,302,19414,20,2940,21386,435,24781,28276,348,28624,58992
2007,ORL,0,6195,24893,208,31296,0,3484,38061,72,41617,0,13108,62954,280,76342,52918,84,53002,149328
2007,OSH,0,911,8508,128,9547,0,405,35159,182,35746,0,1659,43667,310,45636,33110,442,33552,84121
2007,OSU,0,2162,9953,10,12125,0,386,29671,225,30282,0,3720,39624,235,43579,21589,84,21673,76235
2007,OUN,0,287,5032,213,5532,0,26,18572,662,19260,0,493,23604,875,24972,35790,268,36058,69267
2007,OWB,0,1338,2859,309,4506,0,76,15688,595,16359,0,1948,18547,904,21399,28568,3062,31630,58519
2007,OWD,0,374,4614,14,5002,0,101,23562,155,23818,0,738,28176,169,29083,45233,128,45361,82471
2007,OXC,0,1198,4718,13,5929,0,1297,20727,565,22589,0,3227,25445,578,29250,21985,330,22315,58335
2007,OXR,0,3161,10548,38,13747,0,1814,14477,321,16612,0,6586,25025,359,31970,36931,16,36947,76426
2007,PAE,1495,1595,13190,239,16519,196,673,36205,185,37259,2294,2937,49395,424,55050,67183,270,67453,134795
2007,PAH,7,3135,3337,123,6602,0,592,10471,732,11795,12,4885,13808,855,19560,14850,504,15354,39771
2007,PAO,0,75,4598,0,4673,0,1035,56746,0,57781,0,1457,61344,0,62801,102229,582,102811,182325
2007,PBI,48071,29528,39109,547,117255,6,244,24858,50,25158,63451,40119,63967,597,168134,2470,65,2535,190463
2007,PDK,7,15279,54321,116,69723,10,666,52313,109,53098,19,21121,106634,225,127999,58519,6,58525,220838
2007,PDT,0,3056,639,130,3825,14,1127,6889,894,8924,18,5447,7528,1024,14017,4527,1705,6232,21754
2007,PDX,109752,56199,12402,2888,181241,18,8387,8874,209,17488,148756,84432,21276,3097,257561,463,41,504,264518
2007,PFN,2914,7530,11501,1937,23882,72,1027,11743,1061,13903,3757,11447,23244,2998,41446,27879,6685,34564,84166
2007,PHF,7226,12043,8853,2859,30981,32,148,34811,10270,45261,9548,15847,43664,13129,82188,66351,36176,102527,194587
2007,PHL,206451,149172,12333,108,368064,7,1285,5228,1692,8212,274720,199436,17561,1800,493517,0,0,0,499683
2007,PHX,305531,56096,13790,1853,377270,606,8926,9847,351,19730,408641,86297,23637,2204,520779,9379,83,9462,539211
2007,PIA,3155,10189,7476,1985,22805,2,601,5675,2768,9046,4274,14741,13151,4753,36919,5416,3136,8552,51057
2007,PIE,7128,3270,20776,1967,33141,2,1673,45520,5189,52384,9429,6864,66296,7156,89745,68955,4710,73665,186566
2007,PIH,26,5801,1465,33,7325,370,4514,11083,120,16087,410,12624,12548,153,25735,12675,169,12844,41253
2007,PIT,66160,79095,11082,4572,160909,46,280,778,648,1752,87354,100374,11860,5220,204808,51,2228,2279,212998
2007,PKB,6,2367,3405,705,6483,0,25,9458,1705,11188,6,3157,12863,2410,18436,9140,5800,14940,37673
2007,PMD,26,522,3009,2665,6222,41,102,5636,3244,9023,86,1052,8645,5909,15692,2220,11726,13946,34550
2007,PMP,0,72,5026,0,5098,0,21,26100,0,26121,0,112,31126,0,31238,81670,4,81674,123969
2007,PNE,0,5940,10555,0,16495,0,0,38922,0,38922,0,8008,49477,0,57485,27948,42,27990,99415
2007,PNS,8366,19497,9903,6827,44593,0,410,10906,1663,12979,11368,26475,20809,8490,67142,30058,3262,33320,110653
2007,POC,0,38,6099,23,6160,5,88,27936,202,28231,5,254,34035,225,34519,57014,11,57025,102856
2007,POU,0,546,3627,41,4214,2,196,25810,60,26068,2,935,29437,101,30475,60335,222,60557,101169
2007,PRC,2,2617,2886,83,5588,0,1357,55358,722,57437,6,5160,58244,805,64215,141525,1043,142568,227351
2007,PSC,4940,10250,5207,227,20624,139,1024,10745,272,12180,7062,14587,15952,499,38100,21004,843,21847,64099
2007,PSP,7147,14310,7670,278,29405,1064,4156,19326,544,25090,11566,24344,26996,822,63728,13058,62,13120,84868
2007,PTK,1716,9216,27496,32,38460,435,1247,41189,76,42947,2727,13795,68685,108,85315,96403,0,96403,200927
2007,PUB,146,2923,10052,3328,16449,12,837,19364,5638,25851,197,4977,29416,8966,43556,64205,32067,96272,154281
2007,PVD,34719,22762,7366,141,64988,130,3075,8536,47,11788,46105,32972,15902,188,95167,1248,10,1258,100536
2007,PVU,29,544,1957,17,2547,1,796,35996,94,36887,44,1708,37953,111,39816,81174,133,81307,133208
2007,PWA,0,1898,14943,1700,18541,0,935,23461,115,24511,30,3813,38404,1815,44062,16174,539,16713,74519
2007,PWK,0,9651,24465,35,34151,0,68,35648,14,35730,0,13247,60113,49,73409,25870,0,25870,114120
2007,PWM,9200,20978,8142,553,38873,33,760,9245,308,10346,12924,27990,17387,861,59162,9082,191,9273,72985
2007,RAL,0,129,3913,34,4076,0,75,25992,56,26123,0,268,29905,90,30263,39251,85,39336,78878
2007,RAP,1613,9303,6361,576,17853,25,451,9431,1755,11662,2607,12481,15792,2331,33211,9303,1080,10383,48046
2007,RBD,0,31,3848,68,3947,0,22,24524,26,24572,0,89,28372,94,28555,106976,152,107128,146570
2007,RDD,1697,3494,2564,183,7938,18,4408,25868,581,30875,2386,10388,28432,764,41970,24726,418,25144,74191
2007,RDG,26,3685,9276,569,13556,0,1200,22264,453,23917,42,6584,31540,1022,39188,49134,2235,51369,99649
2007,RDM,1724,10378,2342,66,14510,607,1879,18948,166,21600,3237,15866,21290,232,40625,52612,286,52898,98711
2007,RDU,61727,78233,28054,938,168952,2,1368,15749,2276,19395,82788,106683,43803,3214,236488,105,224,329,252679
2007,RFD,10871,3495,11786,923,27075,45,929,16300,646,17920,14732,5865,28086,1569,50252,12814,3171,15985,74248
2007,RHV,0,0,2004,0,2004,0,0,39526,92,39618,0,0,41530,92,41622,91320,0,91320,144865
2007,RIC,20802,42164,17238,3340,83544,95,321,3391,433,4240,28548,55611,20629,3773,108561,2061,2247,4308,123092
2007,RME,122,2068,2312,776,5278,9,58,12299,483,12849,172,2800,14611,1259,18842,29292,2928,32220,56142
2007,RNM,0,67,945,5,1017,186,193,30847,334,31560,186,278,31792,339,32595,121832,811,122643,164699
2007,RNO,39861,14134,12715,1008,67718,6,15683,26567,2836,45092,53863,36679,39282,3844,133668,12366,504,12870,156384
2007,RNT,257,155,3293,4,3709,2,1047,30370,433,31852,338,1322,33663,437,35760,55466,2,55468,99538
2007,ROA,2241,20583,8918,422,32164,3,1695,7695,189,9582,3076,29438,16613,611,49738,24428,386,24814,79884
2007,ROC,19572,28822,10205,191,58790,2,1724,8489,641,10856,26124,40214,18694,832,85864,22283,820,23103,114682
2007,ROG,0,601,8103,4,8708,0,390,4952,13,5355,0,1305,13055,17,14377,3078,8,3086,21708
2007,ROW,186,5470,5870,9886,21412,0,893,8985,1398,11276,225,8559,14855,11284,34923,6094,18324,24418,66890
2007,RST,2151,10350,8019,1001,21521,18,291,8277,229,8815,2977,14045,16296,1230,34548,12440,3489,15929,54973
2007,RSW,54377,6831,6286,304,67798,311,438,2349,54,3152,71920,9741,8635,358,90654,58,31,89,93750
2007,RVS,0,443,16181,18,16642,0,61,74270,33,74364,12,698,90451,51,91212,168224,484,168708,291733
2007,RYN,0,0,679,8,687,9,13,54961,976,55959,9,15,55640,984,56648,171410,1547,172957,249425
2007,RYY,0,3227,12665,45,15937,0,776,31596,327,32699,0,5388,44261,372,50021,54767,87,54854,119640
2007,SAC,0,448,9695,45,10188,0,2012,51955,463,54430,1,3530,61650,508,65689,16433,36,16469,99925
2007,SAF,0,3840,7139,518,11497,0,1233,16957,1649,19839,0,6769,24096,2167,33032,35202,3041,38243,79356
2007,SAN,117742,38918,9920,234,166814,2363,1020,2931,532,6846,161896,54788,12851,766,230301,1659,1545,3204,237574
2007,SAT,78563,13170,31512,2630,125875,258,3451,28641,722,33072,106579,22127,60153,3352,192211,1581,220,1801,218146
2007,SAV,13444,17718,19230,2854,53246,5,595,11976,654,13230,18505,24287,31206,3508,77506,10204,1389,11593,101122
2007,SAW,4,9331,409,109,9853,0,101,5522,143,5766,7,12310,5931,252,18500,6056,1033,7089,26700
2007,SBA,2852,24169,16910,308,44239,1,521,24319,424,25265,4115,33105,41229,732,79181,29974,26,30000,121010
2007,SBN,3109,15262,7884,63,26318,9,683,5863,32,6587,4394,21813,13747,95,40049,6589,32,6621,51382
2007,SBP,0,10529,6526,89,17144,0,1753,29292,272,31317,0,16539,35818,361,52718,32840,4,32844,96399
2007,SBY,0,5584,2867,225,8676,0,330,12034,1183,13547,0,7860,14901,1408,24169,13626,4180,17806,46156
2007,SCK,369,779,16168,823,18139,3,49,23984,642,24678,550,1026,40152,1465,43193,20215,728,20943,76710
2007,SDF,72724,43088,9517,1596,126925,71,356,1629,579,2635,98605,57731,11146,2175,169657,482,0,482,174167
2007,SDL,0,8927,26723,160,35810,0,1153,62810,127,64090,0,13390,89533,287,103210,58129,116,58245,191982
2007,SDM,2,1840,7848,178,9868,2,472,20658,3307,24439,5,3610,28506,3485,35606,96440,3656,100096,145661
2007,SEA,204321,51736,2114,72,258243,671,166,1473,8,2318,276954,64745,3587,80,345366,883,11,894,347046
2007,SEE,0,0,10573,0,10573,0,2,80584,0,80586,423,2,91157,0,91582,174077,1625,175702,295652
2007,SFB,7676,838,33782,75,42371,5,8,57488,532,58033,10218,1217,91270,607,103312,163178,43,163221,293857
2007,SFF,0,1350,2968,15,4333,0,3633,22144,71,25848,0,6357,25112,86,31555,32950,13,32963,69860
2007,SFO,192755,72052,13039,287,278133,0,161,1482,1641,3284,262135,95582,14521,1928,374166,68,0,68,379568
2007,SGF,3598,19193,12705,1618,37114,0,625,7925,1227,9777,5188,26305,20630,2845,54968,9072,2209,11281,72929
2007,SGJ,154,3290,9304,629,13377,0,2549,31107,1496,35152,314,7508,40411,2125,50358,34771,3852,38623,101423
2007,SGR,0,2034,15013,26,17073,0,2269,19478,25,21772,0,5699,34491,51,40241,34894,74,34968,87123
2007,SHV,3126,18008,9314,1743,32191,44,1462,4917,597,7020,4266,26082,14231,2340,46919,1945,1751,3696,56231
2007,SIG,0,2,4372,65,4439,0,8543,29431,578,38552,0,10944,33803,643,45390,43683,351,44034,99651
2007,SJC,92547,21653,16500,35,130735,20,184,13917,36,14157,122987,29408,30417,71,182883,15682,18,15700,208196
2007,SJT,264,5143,3963,4573,13943,1,566,7920,120,8607,291,7645,11883,4693,24512,16759,41947,58706,88969
2007,SJU,81930,10352,10145,1274,103701,361,27166,12555,272,40354,107911,48588,22700,1546,180745,70,2,72,188965
2007,SLC,123882,135546,17287,1420,278135,19,7269,33820,148,41256,166816,186311,51107,1568,405802,9,0,9,420996
2007,SLE,0,754,4823,573,6150,0,1149,24188,1988,27325,0,2573,29011,2561,34145,57731,2485,60216,101800
2007,SLN,32,3628,8165,714,12539,0,322,17051,1086,18459,40,5042,25216,1800,32098,33195,2531,35726,76366
2007,SMF,88965,18681,9239,692,117577,0,8,6111,14,6133,124300,26325,15350,706,166681,8321,810,9131,180037
2007,SMO,0,9240,19049,4,28293,2,707,35556,224,36489,2,12533,54605,228,67368,43188,1,43189,126931
2007,SMX,252,4790,5095,117,10254,0,3860,20965,185,25010,373,11623,26060,302,38358,26487,664,27151,72917
2007,SNA,69546,18957,39572,51,128126,0,72,61713,56,61841,92601,25180,101285,107,219173,92902,0,92902,342061
2007,SNS,0,345,6030,32,6407,0,1235,25636,156,27027,0,1909,31666,188,33763,37797,14,37811,81512
2007,SPG,0,24,3378,0,3402,0,2166,22303,1266,25735,0,2625,25681,1266,29572,34350,2002,36352,74687
2007,SPI,51,5644,8776,1818,16289,1,801,7326,266,8394,100,8403,16102,2084,26689,10871,2482,13353,45062
2007,SQL,0,727,2129,0,2856,0,1579,51826,267,53672,0,2975,53955,267,57197,76393,219,76612,151812
2007,SRQ,13143,6103,20001,668,39915,28,370,40723,331,41452,17225,8997,60724,999,87945,29998,573,30571,139457
2007,SSF,2,40,3962,4813,8817,0,1,33717,291,34009,2,43,37679,5104,42828,100418,674,101092,157838
2007,STC,13,2409,2839,35,5296,0,1177,14648,116,15941,20,4715,17487,151,22373,21821,34,21855,48962
2007,STJ,0,82,2774,2100,4956,3,329,7485,1821,9638,13,562,10259,3921,14755,6799,6548,13347,32014
2007,STL,96464,78431,7725,7138,189758,4,136,1507,451,2098,128372,106937,9232,7589,252130,261,709,970,256928
2007,STP,0,7221,26182,680,34083,0,1803,22277,2337,26417,0,11910,48459,3017,63386,34475,3783,38258,118158
2007,STS,830,2271,6207,54,9362,13,1581,52349,189,54132,1458,5033,58556,243,65290,48159,8,48167,128875
2007,STT,9575,4859,4063,364,18861,45,28481,12769,523,41818,12394,42763,16832,887,72876,5259,59,5318,84332
2007,STX,5368,3075,1964,603,11010,0,16164,9209,390,25763,7014,24995,11173,993,44175,8164,582,8746,57110
2007,SUA,0,3543,9710,0,13253,0,1214,28877,196,30287,0,6453,38587,196,45236,19037,24,19061,76061
2007,SUN,881,8160,6380,8,15429,12,1811,15470,26,17319,1065,12741,21850,34,35690,6030,42,6072,46809
2007,SUS,85,6812,28198,374,35469,4,1279,32392,202,33877,128,10545,60590,576,71839,57931,631,58562,148601
2007,SUX,38,2630,7272,1730,11670,0,30,3161,154,3345,333,3721,10433,1884,16371,3094,1003,4097,24201
2007,SWF,6442,7832,5891,1582,21747,143,3582,18277,2098,24100,8943,14848,24168,3680,51639,24802,2250,27052,87583
2007,SWO,29,226,1928,379,2562,2,229,17156,258,17645,51,652,19084,637,20424,31497,1032,32529,59429
2007,SYR,15198,29354,7673,2090,54315,123,310,7311,565,8309,20125,39344,14984,2655,77108,15815,8750,24565,106968
2007,TCL,100,930,6283,2775,10088,2,229,9459,4700,14390,135,1604,15742,7475,24956,24050,1986,26036,58987
2007,TEB,6,53821,71221,126,125174,0,3506,19749,49,23304,6,77182,90970,175,168333,49,0,49,201236
2007,TIW,0,414,5983,49,6446,0,626,23919,487,25032,0,1396,29902,536,31834,41400,269,41669,81128
2007,TIX,2,93,5914,33,6042,0,161,43118,64,43343,2,296,49032,97,49427,101486,23,101509,167482
2007,TKI,0,503,5777,9,6289,0,226,19361,79,19666,0,906,25138,88,26132,64437,34,64471,95920
2007,TLH,3092,20729,15370,6148,45339,0,965,11713,1074,13752,4250,28752,27083,7222,67307,13724,3014,16738,95113
2007,TMB,28,1246,19930,25,21229,2,850,70479,30,71361,33,2751,90409,55,93248,134856,705,135561,263267
2007,TOA,0,275,8167,106,8548,1,183,56389,145,56718,1,567,64556,251,65375,83736,36,83772,169067
2007,TOL,6819,12355,10409,1393,30976,588,521,5309,160,6578,9962,17157,15718,1553,44390,7813,1205,9018,58623
2007,TOP,0,164,2613,74,2851,0,1345,23923,967,26235,0,1952,26536,1041,29529,23012,1452,24464,61676
2007,TPA,127683,35148,19386,300,182517,119,2885,8863,208,12075,169973,50175,28249,508,248905,430,0,430,258745
2007,TRI,3002,11869,10449,164,25484,2,884,10088,133,11107,3800,16668,20537,297,41302,17488,37,17525,64682
2007,TTD,0,269,833,1,1103,11,3469,25480,528,29488,11,4474,26313,529,31327,51192,172,51364,87540
2007,TTN,6,6062,9632,203,15903,28,380,30410,2247,33065,40,8153,40042,2450,50685,23762,602,24364,85951
2007,TUL,24004,26507,14567,6072,71150,51,814,10968,1316,13149,32120,37234,25535,7388,102277,14349,11989,26338,139797
2007,TUP,22,4411,4414,2202,11049,0,944,14964,1476,17384,28,6930,19378,3678,30014,17193,5588,22781,60528
2007,TUS,31866,18019,16779,10862,77526,54,4807,36397,3862,45120,42666,30966,53176,14724,141532,80684,12463,93147,257703
2007,TVC,5366,7055,9449,1039,22909,80,1566,15529,2072,19247,6840,11211,24978,3111,46140,28599,5959,34558,87015
2007,TWF,116,7169,2227,263,9775,50,1254,11654,415,13373,219,11234,13881,678,26012,6177,1240,7417,36225
2007,TXK,9,2634,3800,1275,7718,11,900,5477,653,7041,22,4881,9277,1928,16108,6188,3550,9738,29281
2007,TYR,0,6480,5635,175,12290,0,384,12487,184,13055,0,9352,18122,359,27833,18299,353,18652,53209
2007,TYS,6521,36569,21863,7232,72185,55,901,10890,1972,13818,8774,50092,32753,9204,100823,11152,4519,15671,130300
2007,TZR,0,94,2434,18,2546,4,345,10599,376,11324,4,530,13033,394,13961,26619,249,26868,42807
2007,UES,0,1297,7028,15,8340,0,1,20389,464,20854,0,1733,27417,479,29629,21470,132,21602,58285
2007,UGN,0,2940,9856,221,13017,0,20,15106,324,15450,0,3994,24962,545,29501,30414,432,30846,67291
2007,VBG,4,35,13,620,672,30,3984,647,913,5574,84,4951,660,1533,7228,0,2941,2941,10494
2007,VCV,895,81,1322,635,2933,26,3277,17331,2867,23501,1135,4117,18653,3502,27407,13037,14761,27798,61360
2007,VGT,0,2793,10312,90,13195,0,10945,52484,274,63703,0,17267,62796,364,80427,116704,52,116756,216409
2007,VLD,313,1959,7904,2472,12648,0,103,6977,554,7634,323,2975,14881,3026,21205,12009,9870,21879,47329
2007,VNY,0,11656,34610,99,46365,0,594,152975,101,153670,0,15931,187585,200,203716,109491,24,109515,374464
2007,VQQ,342,146,3516,1855,5859,116,431,11402,8375,20324,696,850,14918,10230,26694,12160,29252,41412,76676
2007,VRB,0,3304,15160,42,18506,0,66,44370,39,44475,0,4506,59530,81,64117,67391,12,67403,152686
2007,WDG,1,460,1413,3726,5600,8,27,4964,3937,8936,13,641,6377,7663,14694,6171,8052,14223,33920
2007,WHP,0,0,1417,0,1417,0,2,39152,118,39272,0,2,40569,118,40689,43241,0,43241,96036
2007,WJF,0,270,1382,137,1789,0,1034,22466,228,23728,0,1689,23848,365,25902,32751,1076,33827,67867
2007,XNA,5522,18574,3405,3420,30921,3,522,2457,348,3330,7938,25723,5862,3768,43291,269,8996,9265,55258
2007,YIP,3445,11670,12019,48,27182,0,0,12792,3,12795,4211,14710,24811,51,43783,28223,28,28251,79634
2007,YKM,39,6177,4067,421,10704,0,1262,9808,274,11344,98,10188,13875,695,24856,20079,1213,21292,49790
2007,YNG,31,181,7836,4714,12762,2,147,8741,6659,15549,118,730,16577,11373,28798,19499,16563,36062,70557
2008,ABE,4259,8112,8228,306,20905,0,360,9747,63,10170,11773,15102,17975,369,45219,49663,936,50599,118258
2008,ABI,125,5001,5507,6914,17547,23,1143,7902,1136,10204,305,12872,13409,8050,34636,13772,17309,31081,85115
2008,ABQ,37177,13567,7002,3235,60981,0,6115,10043,5507,21665,75770,42119,17045,8742,143676,3261,3830,7091,180553
2008,ABY,70,2138,2014,548,4770,1,193,3739,279,4212,134,5355,5753,827,12069,6391,4162,10553,30413
2008,ACK,137,18476,6799,76,25488,373,46547,14812,167,61899,718,116227,21611,243,138799,385,204,589,151299
2008,ACT,70,3186,4176,805,8237,2,414,4407,187,5010,123,7983,8583,992,17681,3286,458,3744,31675
2008,ACY,4555,1548,7232,4934,18269,16,242,6033,3400,9691,11235,4557,13265,8334,37391,12818,23635,36453,93199
2008,ADM,0,0,577,35,612,0,0,5169,110,5279,1,0,5746,145,5892,9410,338,9748,20743
2008,ADQ,721,1941,91,442,3195,18,8033,429,824,9304,1639,17570,520,1266,20995,519,10164,10683,33348
2008,ADS,48,4665,15516,156,20385,49,1660,34508,23,36240,153,13361,50024,179,63717,23383,297,23680,139944
2008,ADW,240,429,270,13616,14555,1,43,1388,2738,4170,528,969,1658,16354,19509,17335,42513,59848,98398
2008,AEX,965,4302,1754,2158,9179,0,0,0,0,0,2012,9474,1754,2158,15398,12916,5499,18415,38879
2008,AFW,2714,1727,4354,3328,12123,3,444,11825,606,12878,6008,4870,16179,3934,30991,39914,6790,46704,96952
2008,AGC,9,4567,9167,122,13865,34,7522,11519,263,19338,44,23128,20686,385,44243,18595,400,18995,81334
2008,AGS,639,3991,3499,589,8718,0,24,1516,287,1827,2197,8136,5015,876,16224,1797,853,2650,28729
2008,AHN,11,1297,5093,399,6800,0,326,6162,157,6645,351,2262,11255,556,14424,17391,980,18371,45391
2008,AKN,488,10958,2241,146,13833,107,4555,1257,29,5948,934,25355,3498,175,29962,853,444,1297,33576
2008,ALB,13342,17252,4412,751,35757,2,847,5706,622,7177,26532,33017,10118,1373,71040,9040,2176,11216,93920
2008,ALN,0,272,4361,141,4774,0,137,8734,127,8998,2,1053,13095,268,14418,36039,736,36775,63327
2008,ALO,191,1580,3093,68,4932,1,3,3201,281,3486,352,3142,6294,349,10137,7108,985,8093,24940
2008,ALW,246,941,1232,23,2442,0,106,4841,49,4996,258,2514,6073,72,8917,17605,0,17605,33276
2008,AMA,5792,4130,5096,6274,21292,2,150,3709,847,4708,11146,9440,8805,7121,36512,5792,11916,17708,74615
2008,ANC,57854,33695,5081,1595,98225,72,10303,32832,1099,44306,115752,83767,37913,2694,240126,5278,14,5292,280525
2008,ANE,0,1810,4741,0,6551,0,56,15383,54,15493,0,3791,20124,54,23969,27492,350,27842,69403
2008,APA,3,13531,22146,714,36394,0,8343,40105,702,49150,3,44376,62251,1416,108046,143634,1271,144905,320949
2008,APC,0,1818,4787,12,6617,0,360,23125,65,23550,0,4374,27912,77,32363,55897,333,56230,119607
2008,APF,0,2826,11131,27,13984,0,919,25842,22,26783,0,11851,36973,49,48873,35515,14,35529,129258
2008,ARA,76,883,2105,1381,4445,105,13255,12109,2026,27495,225,22816,14214,3407,40662,99789,1524,101313,157394
2008,ARB,0,104,1936,2,2042,0,211,10305,20,10536,0,1198,12241,22,13461,40991,2,40993,64910
2008,ARR,0,257,3839,64,4160,0,20,15984,15,16019,0,629,19823,79,20531,30504,29,30533,65765
2008,ASE,3160,6684,8506,26,18376,0,8,3637,6,3651,7849,12750,12143,32,32774,3575,27,3602,46586
2008,ASG,0,929,1919,2,2850,0,948,7322,13,8283,0,3625,9241,15,12881,10635,14,10649,31321
2008,ASH,0,49,4176,2,4227,0,0,19742,1,19743,0,139,23918,3,24060,57455,12,57467,101969
2008,ATL,380050,104244,2725,432,487451,255,89,1395,112,1851,750597,217245,4120,544,972506,0,0,0,978084
2008,ATW,1173,7845,3334,29,12381,0,54,6010,8,6072,2277,16255,9344,37,27913,5642,178,5820,41250
2008,AUS,51957,9972,16403,1033,79365,10,435,15550,449,16444,104845,26800,31953,1482,165080,3044,892,3936,207713
2008,AVL,754,10157,10071,871,21853,20,156,7198,413,7787,1327,19049,17269,1284,38929,19816,1163,20979,76840
2008,AVP,3275,5202,3737,143,12357,8,236,5288,71,5603,7542,11379,9025,214,28160,25029,254,25283,64967
2008,AZO,753,5383,4544,10,10690,0,157,7763,17,7937,1405,11614,12307,27,25353,23131,0,23131,60533
2008,BAF,7,380,2752,541,3680,0,30,13597,1108,14735,8,727,16349,1649,18733,23938,1805,25743,59159
2008,BAK,30,158,2128,135,2451,22,42,11260,649,11973,98,338,13388,784,14608,10586,1404,11990,39375
2008,BCT,0,2770,5568,4,8342,0,1830,13418,57,15305,0,10420,18986,61,29467,29755,122,29877,79387
2008,BDL,30268,15842,5781,970,52861,0,231,2903,634,3768,60949,35628,8684,1604,106865,4846,420,5266,122837
2008,BDR,0,1274,3201,110,4585,0,188,12551,98,12837,0,2803,15752,208,18763,35836,38,35874,71195
2008,BED,161,7292,16114,352,23919,137,9488,35323,549,45497,598,28160,51437,901,81096,66354,241,66595,186065
2008,BET,1680,4755,174,48,6657,3708,38509,3458,94,45769,6869,81263,3632,142,91906,3121,215,3336,98027
2008,BFI,4330,16886,16062,342,37620,277,18636,48801,1065,68779,9543,64305,64863,1407,140118,91934,821,92755,295747
2008,BFL,969,8261,5643,221,15094,31,9569,13102,382,23084,2044,34778,18745,603,56170,49298,214,49512,126569
2008,BFM,1262,1836,3146,2548,8792,41,1243,5996,2255,9535,2750,6441,9142,4803,23136,17278,23230,40508,83067
2008,BGM,2,5066,2569,285,7922,0,132,2534,45,2711,2,8905,5103,330,14340,3697,848,4545,22480
2008,BGR,2203,7025,5149,5558,19935,0,294,3220,317,3831,4631,14525,8369,5875,33400,9499,10333,19832,64424
2008,BHM,18761,15906,16839,1556,53062,1,505,5391,751,6648,37600,35102,22230,2307,97239,767,180,947,126258
2008,BIL,6597,10307,5589,87,22580,7,1945,10495,60,12507,13340,26007,16084,147,55578,19615,28,19643,90125
2008,BIS,1561,3881,4577,540,10559,6,192,5132,802,6132,2981,8941,9709,1342,22973,10289,2047,12336,46710
2008,BJC,0,2309,9821,203,12333,0,56,23853,127,24036,0,4850,33674,330,38854,78332,353,78685,150768
2008,BKL,62,4370,5866,178,10476,7,7916,8592,240,16755,150,21970,14458,418,36996,19107,294,19401,69231
2008,BLI,3103,1591,2936,61,7691,54,5981,13336,146,19517,6173,14914,16272,207,37566,11263,99,11362,64933
2008,BMG,10,362,3350,32,3754,0,87,6627,26,6740,53,941,9977,58,11029,13267,49,13316,33677
2008,BMI,1660,3822,3010,42,8534,0,0,4879,30,4909,3100,8464,7889,72,19525,7012,180,7192,33684
2008,BNA,47381,27296,12449,1381,88507,1,480,3645,460,4586,96577,57593,16094,1841,172105,66,1,67,191125
2008,BOI,21991,8465,10300,1842,42598,0,2408,14761,2637,19806,44243,22721,25061,4479,96504,18735,2968,21703,145199
2008,BOS,93582,76539,7102,125,177348,17,7545,2316,112,9990,193229,162282,9418,237,365166,4,0,4,375394
2008,BPT,25,1771,4542,224,6562,0,878,4419,171,5468,39,4894,8961,395,14289,6334,86,6420,30002
2008,BQN,4052,511,898,212,5673,1058,126,8009,1872,11065,9446,693,8907,2084,21130,13234,11124,24358,55814
2008,BRO,97,2271,3179,1944,7491,16,149,2792,136,3093,158,4987,5971,2080,13196,5349,4541,9890,32106
2008,BTL,18,316,5853,346,6533,0,180,15070,547,15797,22,826,20923,893,22664,58932,974,59906,105467
2008,BTR,1251,11211,10546,558,23566,0,111,8175,1024,9310,3721,23285,18721,1582,47309,6117,372,6489,73829
2008,BTV,6886,11487,4320,1775,24468,5,307,6878,756,7946,12790,24181,11198,2531,50700,23938,4324,28262,92073
2008,BUF,28024,19672,6551,349,54596,69,1072,4860,132,6133,51984,39849,11411,481,103725,24420,902,25322,137367
2008,BUR,28919,10770,7120,39,46848,2,720,5681,49,6452,58744,25421,12801,88,97054,8872,31,8903,120838
2008,BVY,0,399,1729,15,2143,124,147,14954,49,15274,124,971,16683,64,17842,37630,22,37652,69774
2008,BWI,101679,21085,8128,292,131184,10,67,2459,19,2555,204221,45472,10587,311,260591,5321,52,5373,277889
2008,BZN,4002,4522,2815,20,11359,34,100,12298,56,12488,8026,9719,15113,76,32934,29779,65,29844,76606
2008,CAE,4478,22163,5684,700,33025,2,448,3212,166,3828,8831,45232,8896,866,63825,7766,1072,8838,85294
2008,CAK,11524,2227,16464,618,30833,0,322,6820,624,7766,23019,6458,23284,1242,54003,22336,785,23121,98905
2008,CCR,0,400,4174,26,4600,2,1340,21126,22,22490,2,2902,25300,48,28252,39855,152,40007,93885
2008,CDW,1,238,3048,39,3326,0,50,23982,426,24458,1,478,27030,465,27974,32912,338,33250,88336
2008,CGF,0,1603,4350,0,5953,0,1211,7419,26,8656,0,6217,11769,26,18012,11269,70,11339,39143
2008,CHA,1719,8904,9125,2362,22110,0,106,4815,436,5357,3734,18549,13940,2798,39021,8166,3357,11523,69950
2008,CHD,0,14,897,5,916,0,1120,33579,13,34712,0,2882,34476,18,37376,158433,9,158442,236842
2008,CHO,75,11433,7613,537,19658,0,66,15166,283,15515,88,23729,22779,820,47416,19702,2616,22318,89926
2008,CHS,10075,15181,9342,7562,42160,0,118,3707,325,4150,20187,32361,13049,7887,73484,2393,10367,12760,108903
2008,CIC,8,1863,650,139,2660,304,5189,11232,844,17569,997,13125,11882,983,26987,14358,1341,15699,54436
2008,CID,3491,12413,5513,47,21464,1,144,4931,44,5120,7549,23752,10444,91,41836,9582,14,9596,61137
2008,CKB,107,1339,1969,1272,4687,59,88,4403,1828,6378,235,3002,6372,3100,12709,13910,15885,29795,51364
2008,CLE,33447,75184,4640,153,113424,0,124,576,58,758,67842,156629,5216,211,229898,0,0,0,235969
2008,CLL,263,3232,3413,2296,9204,0,1,8696,1296,9993,312,6709,12109,3592,22722,10920,4599,15519,52563
2008,CLT,159387,92308,10741,798,263234,1,402,3426,79,3908,315130,189595,14167,877,519769,0,0,0,537598
2008,CMA,7,1660,8598,89,10354,0,491,34893,13,35397,7,3909,43491,102,47509,75590,328,75918,158245
2008,CMH,30053,30617,10207,150,71027,0,212,7719,1167,9098,58294,62098,17926,1317,139635,2010,28,2038,157065
2008,CMI,49,4316,6668,111,11144,1,99,7905,52,8057,84,9315,14573,163,24135,59501,143,59644,97600
2008,CNO,0,162,13689,47,13898,0,7,18006,48,18061,0,281,31695,95,32071,70058,448,70506,132391
2008,CNW,9,16,599,1437,2061,0,147,4349,300,4796,11,311,4948,1737,7007,13254,6844,20098,33231
2008,COS,10139,9734,8441,5919,34233,466,1241,10832,3650,16189,22882,20399,19273,9569,72123,38093,12505,50598,145853
2008,COU,65,994,2788,61,3908,16,22,5305,132,5475,152,2349,8093,193,10787,5995,533,6528,24325
2008,CPR,460,6054,3330,108,9952,70,347,4095,38,4550,986,13179,7425,146,21736,10360,249,10609,39091
2008,CPS,0,4281,6534,126,10941,1,4320,13239,106,17666,1,17104,19773,232,37110,56926,35,56961,112437
2008,CRE,0,430,5556,197,6183,4,2321,7626,311,10262,4,3578,13182,508,17272,13861,104,13965,46394
2008,CRG,38,1752,10759,34,12583,0,247,20692,4746,25685,38,4313,31451,4780,40582,49308,104,49412,133446
2008,CRP,1947,7627,4757,11115,25446,0,1496,5298,2581,9375,4045,17229,10055,13696,45025,794,28711,29505,99646
2008,CRQ,0,4156,19005,130,23291,0,886,30774,168,31828,0,12612,49779,298,62689,62684,478,63162,190455
2008,CRW,42,13033,5978,1560,20613,0,2193,5350,478,8021,114,31476,11328,2038,44956,8823,4093,12916,70741
2008,CSG,1295,195,4530,79,6099,76,23,4555,160,4814,2546,593,9085,239,12463,11713,490,12203,35433
2008,CVG,37722,93459,2602,55,133838,0,215,493,43,751,78604,201174,3095,98,282971,0,0,0,286068
2008,CWA,74,6149,947,40,7210,0,166,1964,64,2194,114,11983,2911,104,15112,2859,518,3377,21532
2008,CWF,165,153,1019,4303,5640,3,541,1006,730,2280,302,1559,2025,5033,8919,2541,7634,10175,27316
2008,CXY,0,145,3297,484,3926,0,34,5939,439,6412,0,339,9236,923,10498,13729,2428,16157,36619
2008,CYS,133,2562,724,776,4195,0,0,7011,1618,8629,167,5790,7735,2394,16086,13239,21690,34929,59018
2008,DAB,2083,1515,24804,232,28634,0,117,91790,135,92042,5571,4930,116594,367,127462,96113,60,96173,339700
2008,DAL,47200,16503,24791,445,88939,1,2357,8126,516,11000,95238,48096,32917,961,177212,6,0,6,218235
2008,DAY,11072,17908,4573,163,33716,2,391,2177,56,2626,21101,37150,6750,219,65220,1420,20,1440,73278
2008,DBQ,90,2403,2487,118,5098,2,80,10764,30,10876,95,4403,13251,148,17897,22597,67,22664,51748
2008,DCA,86174,49803,1164,359,137500,1,2,1349,265,1617,172122,99601,2513,624,274860,0,0,0,277921
2008,DEC,9,1387,1734,189,3319,0,6,6426,1009,7441,42,2523,8160,1198,11923,19380,4821,24201,44625
2008,DEN,228582,79472,1982,86,310122,41,169,421,14,645,460311,160746,2403,100,623560,0,0,0,625844
2008,DET,4,1121,3425,18,4568,0,127,10397,18,10542,14,2356,13822,36,16228,32611,42,32653,62114
2008,DFW,241042,84636,1755,346,327779,105,421,956,92,1574,475921,172699,2711,438,651769,0,0,0,655306
2008,DHN,1243,509,6494,7988,16234,39,224,5083,3047,8393,2628,1745,11577,11035,26985,13359,24449,37808,88468
2008,DLH,1959,2311,6843,1707,12820,0,314,11465,504,12283,4291,4955,18308,2211,29765,11679,4585,16264,64854
2008,DPA,6,3073,10895,13,13987,0,338,20078,41,20457,9,5665,30973,54,36701,33598,414,34012,97848
2008,DSM,9026,18508,9768,955,38257,0,292,4968,104,5364,17761,38161,14736,1059,71717,6926,932,7858,95858
2008,DTN,0,47,3073,13,3133,65,75,9116,25,9281,65,311,12189,38,12603,30163,76,30239,54216
2008,DTO,7,184,2211,47,2449,0,441,18259,10,18710,7,1130,20470,57,21664,85373,2,85375,126670
2008,DTW,113570,110358,3813,52,227793,10,198,492,43,743,241757,212129,4305,95,458286,5,4,9,463793
2008,DVT,0,299,2079,2,2380,284,2250,62147,32,64713,284,6217,64226,34,70761,236853,90,236943,376634
2008,DWH,0,971,7857,601,9429,0,981,31777,332,33090,0,3328,39634,933,43895,106159,384,106543,195243
2008,DXR,0,281,1488,0,1769,2,1946,16614,17,18579,2,3282,18102,17,21403,45873,508,46381,83019
2008,EAU,35,1753,4021,120,5929,6,985,5744,372,7107,72,5605,9765,492,15934,7525,510,8035,32810
2008,EGE,847,3824,5131,105,9907,2,37,2773,1959,4771,3386,8962,7904,2064,22316,6624,2192,8816,42415
2008,ELM,37,4966,3393,43,8439,0,82,4283,92,4457,44,9920,7676,135,17775,13146,188,13334,37546
2008,ELP,20516,7298,5535,2159,35508,2,1020,7441,1389,9852,40451,18415,12976,3548,75390,6223,1275,7498,99930
2008,EMT,0,281,2045,2,2328,0,151,17557,18,17726,0,709,19602,20,20331,51004,179,51183,88537
2008,ENA,208,5163,360,84,5815,463,7679,3132,103,11377,1324,23922,3492,187,28925,8470,4492,12962,45616
2008,ENW,0,977,2849,23,3849,1,186,12825,33,13045,1,2396,15674,56,18127,24572,228,24800,55375
2008,ERI,35,5077,2911,198,8221,0,195,3242,42,3479,53,10156,6153,240,16602,6182,396,6578,28572
2008,ESN,0,547,2147,71,2765,0,636,9292,330,10258,0,2506,11439,401,14346,21993,337,22330,48766
2008,EUG,3947,6339,5184,425,15895,13,795,10534,97,11439,8835,13680,15718,522,38755,24306,502,24808,78695
2008,EVB,0,41,3968,3,4012,0,7,34747,15,34769,0,545,38715,18,39278,96020,10,96030,179301
2008,EVV,20,9078,5800,1463,16361,5,146,5614,143,5908,82,19936,11414,1606,33038,20527,2205,22732,65859
2008,EWB,0,1253,2882,109,4244,0,4523,11357,123,16003,0,9264,14239,232,23735,24484,682,25166,59392
2008,EWN,1990,2056,1608,142,5796,27,95,4491,152,4765,4035,4731,6099,294,15159,10263,1033,11296,34317
2008,EWR,146013,67057,3919,62,217051,119,831,2962,50,3962,287967,139397,6881,112,434357,1,0,1,442098
2008,EYW,2890,5775,5082,54,13801,9,1564,7169,140,8882,5810,20870,12251,194,39125,10995,152,11147,71043
2008,FAI,5864,10748,2324,545,19481,70,10136,17091,108,27405,11645,40467,19415,653,72180,30793,405,31198,115714
2008,FAR,2903,7328,4920,1296,16447,6,2119,5342,335,7802,5625,18534,10262,1631,36052,26029,2262,28291,76024
2008,FAT,8861,8994,8772,2037,28664,0,2270,28482,1808,32560,18819,23703,37254,3845,83621,30260,1886,32146,156167
2008,FAY,666,5071,4717,1783,12237,2,181,4523,1032,5738,1043,9994,9240,2815,23092,13945,3416,17361,52012
2008,FCM,0,440,9164,10,9614,0,2123,30958,164,33245,0,4713,40122,174,45009,45845,577,46422,119139
2008,FFZ,0,153,2801,8,2962,0,1091,56449,961,58501,6,3813,59250,969,64038,178066,146,178212,319419
2008,FLG,578,2597,1510,76,4761,18,1863,9329,358,11568,618,8945,10839,434,20836,9270,751,10021,41818
2008,FLL,88745,17431,13165,230,119571,20,4121,7764,198,12103,194695,52988,20929,428,269040,68,3,71,295736
2008,FLO,0,2470,3815,892,7177,0,31,2921,182,3134,2,5174,6736,1074,12986,3063,822,3885,25761
2008,FMN,0,3126,1476,50,4652,1,1735,6157,120,8013,3,10062,7633,170,17868,45367,217,45584,72855
2008,FMY,0,702,5453,21,6176,0,170,12168,6,12344,1,2310,17621,27,19959,27911,24,27935,71049
2008,FNT,5248,5781,7746,28,18803,142,128,4429,76,4775,11279,13390,12175,104,36948,19470,171,19641,68698
2008,FOE,93,327,1342,3210,4972,0,68,2596,1511,4175,223,748,3938,4721,9630,2042,9060,11102,29617
2008,FOK,0,61,170,94,325,0,4,82,5,91,0,65,252,99,416,0,0,0,416
2008,FPR,0,380,11495,8,11883,0,208,24877,11,25096,0,1172,36372,19,37563,65192,0,65192,146757
2008,FRG,186,5118,10600,48,15952,36,416,35653,79,36184,448,10566,46253,127,57394,67929,2441,70370,169770
2008,FSD,4398,11712,6539,1002,23651,9,748,3802,144,4703,8754,25538,10341,1146,45779,4686,1914,6600,63386
2008,FSM,253,4145,4442,4094,12934,3,184,5870,1707,7764,378,8480,10312,5801,24971,9904,8056,17960,59040
2008,FTG,0,150,2125,7,2282,5,128,13253,24,13410,5,493,15378,31,15907,44930,417,45347,76578
2008,FTW,22,2125,13275,247,15669,0,800,28260,252,29312,34,6079,41535,499,48147,58097,307,58404,137873
2008,FTY,0,3251,12799,303,16353,2,300,8257,43,8602,2,7409,21056,346,28813,35512,104,35616,97074
2008,FUL,1,0,2104,1,2106,77,0,21104,0,21181,78,0,23208,1,23287,24390,0,24390,69848
2008,FWA,1246,10862,8902,877,21887,17,823,3832,36,4708,2844,22762,12734,913,39253,16367,1656,18023,67100
2008,FWS,0,213,1617,0,1830,73,46,14362,40,14521,73,416,15979,40,16508,46726,82,46808,77974
2008,FXE,3,5309,17671,19,23002,0,954,46151,28,47133,16,14746,63822,47,78631,27834,10,27844,180082
2008,FYV,17,259,2644,7,2927,0,72,7599,33,7704,50,729,10243,40,11062,14884,98,14982,34301
2008,GCK,12,2484,2015,174,4685,0,152,3035,127,3314,22,5371,5050,301,10744,1355,880,2235,18153
2008,GCN,11,2722,353,97,3183,2,56580,1673,222,58477,13,100960,2026,319,103318,613,422,1035,106336
2008,GEG,20717,7195,3428,302,31642,4,1012,4846,39,5901,43483,19189,8274,341,71287,14225,1252,15477,95190
2008,GEU,0,103,883,4,990,0,778,23986,8,24772,0,1873,24869,12,26754,87016,31,87047,136212
2008,GFK,1730,15219,1968,91,19008,60,25362,4452,113,29987,3196,77261,6420,204,87081,147337,946,148283,241459
2008,GGG,53,1545,5219,552,7369,1,76,6488,87,6652,120,3391,11707,639,15857,53856,1798,55654,90149
2008,GJT,1515,7879,3561,753,13708,0,641,10141,306,11088,2571,17465,13702,1059,34797,16206,2654,18860,69048
2008,GKY,0,141,3516,14,3671,13,238,28041,207,28499,13,472,31557,221,32263,44220,136,44356,117323
2008,GLH,52,501,845,796,2194,0,21,2301,169,2491,96,1016,3146,965,5223,2481,14914,17395,26406
2008,GLS,0,295,818,103,1216,43,8568,4686,303,13600,43,24625,5504,406,30578,10021,415,10436,48977
2008,GMU,45,5576,2556,33,8210,7,3163,9377,395,12942,52,19760,11933,428,32173,22230,269,22499,68463
2008,GNV,97,5153,8212,1192,14654,46,803,13179,499,14527,1004,11668,21391,1691,35754,20512,2410,22922,82417
2008,GON,2,737,3236,295,4270,1,220,9797,700,10718,3,1935,13033,995,15966,12643,1186,13829,43467
2008,GPI,1798,3669,3101,47,8615,34,345,5456,48,5883,2961,7639,8557,95,19252,10511,405,10916,36579
2008,GPM,0,6,437,4,447,72,92,16234,33,16431,72,140,16671,37,16920,63540,90,63630,96471
2008,GPT,3662,6409,4103,5126,19300,3,43,2137,760,2943,7323,13461,6240,5886,32910,1458,6747,8205,54429
2008,GRB,2974,8918,8388,269,20549,17,56,7721,73,7867,5576,18516,16109,342,40543,34475,563,35038,88111
2008,GRI,80,997,1726,73,2876,0,158,2517,468,3143,111,3604,4243,541,8499,2659,2199,4858,18281
2008,GRR,7904,16286,11352,863,36405,0,335,6506,42,6883,15826,32015,17858,905,66604,11854,1570,13424,97555
2008,GSN,2831,3425,56,58,6370,54,9499,1955,167,11675,4790,22444,2011,225,29470,240,42,282,32771
2008,GSO,8242,21188,9699,177,39306,3,32,3903,33,3971,18132,44698,13602,210,76642,3174,199,3373,96325
2008,GSP,3202,18066,3882,407,25557,0,26,1419,118,1563,6134,36555,5301,525,48515,664,633,1297,56369
2008,GTF,4933,3512,2756,666,11867,27,475,4486,375,5363,9497,7655,7242,1041,25435,6908,1696,8604,42023
2008,GTR,30,1332,1552,2837,5751,0,98,3661,921,4680,69,3213,5213,3758,12253,6092,3791,9883,31684
2008,GTU,0,100,2985,22,3107,0,595,15675,81,16351,20,1428,18660,103,20211,35961,518,36479,75407
2008,GUM,9441,3177,766,111,13495,1,81,5297,80,5459,19291,6391,6063,191,31936,26171,291,26462,60843
2008,GYH,2,724,1180,697,2603,1,2628,4212,687,7528,23,5878,5392,1384,12677,13917,1701,15618,35614
2008,GYR,92,91,452,3,638,6,22,36720,1705,38453,140,1962,37172,1708,40982,90914,2185,93099,178026
2008,GYY,180,380,4003,165,4728,0,107,5233,427,5767,513,1148,9236,592,11489,9566,912,10478,29494
2008,HEF,36,1498,8583,42,10159,0,24,15862,36,15922,139,3742,24445,78,28404,61033,10,61043,113645
2008,HFD,0,2016,1870,18,3904,0,666,16654,176,17496,20,5485,18524,194,24223,37827,156,37983,79482
2008,HGR,25,211,2446,249,2931,0,809,11191,1254,13254,25,2131,13637,1503,17296,14364,2299,16663,48128
2008,HHR,0,155,2574,5,2734,0,227,16382,65,16674,2,718,18956,70,19746,19625,30,19655,59677
2008,HIO,0,2492,10331,32,12855,0,1519,28012,79,29610,0,7615,38343,111,46069,176791,27,176818,260957
2008,HKS,0,670,3341,323,4334,1,45,4251,793,5090,1,1628,7592,1116,10337,15709,1912,17621,36121
2008,HKY,2,521,3434,65,4022,0,182,7159,324,7665,2,1593,10593,389,12577,10989,76,11065,34940
2008,HLG,0,530,484,248,1262,0,526,6623,1232,8381,0,1875,7107,1480,10462,22710,9172,31882,49957
2008,HLN,1047,3254,1505,343,6149,56,558,7619,1624,9857,1781,7507,9124,1967,20379,16582,3968,20550,51694
2008,HND,2,614,5700,10,6326,11,4817,13813,83,18724,13,10899,19513,93,30518,10925,108,11033,61556
2008,HNL,72672,21075,5163,6780,105690,0,12973,15888,1023,29884,153256,68714,21051,7803,250824,995,159,1154,282124
2008,HOB,0,151,716,30,897,0,991,4449,55,5495,0,2388,5165,85,7638,5240,188,5428,17366
2008,HOU,51913,11739,22829,125,86606,7,3726,15347,280,19360,106643,31828,38176,405,177052,722,0,722,220010
2008,HPN,5861,25542,23935,11,55349,6,1876,24655,238,26775,12561,57600,48590,249,119000,12915,29,12944,180218
2008,HRL,5520,1747,1815,2292,11374,32,101,3889,153,4175,11496,3887,5704,2445,23532,4905,18365,23270,54941
2008,HSA,0,15,944,888,1847,33,0,2428,825,3286,33,20,3372,1713,5138,4722,4527,9249,20921
2008,HSV,5690,10316,4625,3751,24382,9,37,4253,602,4901,10929,21736,8878,4353,45896,10579,12293,22872,82182
2008,HTS,794,2931,2835,143,6703,7,647,2698,137,3489,1567,7514,5533,280,14894,9404,590,9994,30317
2008,HUF,61,197,5036,419,5713,4,211,7095,210,7520,101,636,12131,629,13497,27994,361,28355,51892
2008,HUM,0,1295,2351,24,3670,329,29643,9991,747,40710,329,61752,12342,771,75194,18625,186,18811,104810
2008,HUT,0,212,1674,463,2349,2,650,4235,80,4967,2,2535,5909,543,8989,25247,2601,27848,46100
2008,HVN,0,1854,1718,33,3605,0,73,8690,56,8819,0,3905,10408,89,14402,22648,49,22697,47025
2008,HWD,0,680,4115,6,4801,355,237,27214,3,27809,355,2036,31329,9,33729,86430,0,86430,150435
2008,HWO,0,0,1410,0,1410,0,5,27231,14,27250,1,5,28641,14,28661,109946,138,110084,170077
2008,HXD,0,4949,6073,50,11072,2,90,5680,142,5914,2,10743,11753,192,22690,3188,680,3868,41538
2008,HYA,0,9691,3772,9,13472,0,38228,8367,25,46620,0,92963,12139,34,105136,5549,218,5767,120537
2008,IAD,92056,71788,23881,350,188075,228,23,1108,61,1420,186097,149845,24989,411,361342,0,0,0,391626
2008,IAG,192,668,2327,1649,4836,0,83,4353,1225,5661,428,1470,6680,2874,11452,11944,3732,15676,33333
2008,IAH,134106,138830,5096,111,278143,228,264,1087,35,1614,276828,287789,6183,146,570946,0,0,0,578288
2008,ICT,7381,15942,26010,2625,51958,35,1153,8563,148,9899,15389,35282,34573,2773,88017,35999,7958,43957,167419
2008,IDA,598,3357,1476,13,5444,66,1071,8031,48,9216,1546,9248,9507,61,20362,16175,109,16284,43540
2008,IFP,750,113,251,19,1133,38,1890,5713,98,7739,1695,3975,5964,117,11751,3286,178,3464,21824
2008,ILG,66,2002,7247,837,10152,2,27,8955,983,9967,242,4740,16202,1820,23004,27777,8931,36708,82895
2008,ILM,3304,6774,8703,986,19767,0,945,5061,363,6369,6387,17865,13764,1349,39365,7205,1617,8822,68348
2008,IND,55076,29304,8870,427,93677,9,175,1571,65,1820,110878,63486,10441,492,185297,0,0,0,197202
2008,INT,186,799,5255,27,6267,0,394,9581,136,10111,495,2701,14836,163,18195,12870,142,13012,47945
2008,IPT,4,1884,1439,33,3360,0,731,5710,163,6604,12,5608,7149,196,12965,6940,104,7044,26832
2008,ISM,5,746,11084,8,11843,0,291,27355,6,27652,440,2845,38439,14,41738,67177,477,67654,155556
2008,ISO,110,356,1535,1709,3710,0,8,1825,258,2091,246,991,3360,1967,6564,4676,5605,10281,24455
2008,ISP,11103,1458,10619,75,23255,216,28,21403,544,22191,23385,3920,32022,619,59946,83979,1374,85353,179230
2008,ITH,0,4648,2196,9,6853,0,179,4178,8,4365,34,9323,6374,17,15748,25151,6,25157,46804
2008,ITO,6897,5226,298,749,13170,0,14180,2578,361,17119,14591,43516,2876,1110,62093,10021,2512,12533,79496
2008,IWA,1907,779,2673,943,6302,18,1939,33361,576,35894,3876,5937,36034,1519,47366,139771,2760,142531,227426
2008,IXD,0,1246,3829,150,5225,0,100,9385,668,10153,0,2244,13214,818,16276,21436,742,22178,55754
2008,JAC,3543,3685,3937,75,11240,55,301,3548,55,3959,6925,7355,7485,130,21895,2730,40,2770,30219
2008,JAN,4996,9498,4278,2552,21324,0,8,1444,198,1650,9912,19890,5722,2750,38274,2127,15346,17473,65248
2008,JAX,29097,12832,4415,1529,47873,0,75,1200,242,1517,60574,29342,5615,1771,97302,208,854,1062,106562
2008,JEF,0,166,2712,279,3157,0,123,4686,660,5469,0,681,7398,939,9018,6678,1619,8297,26082
2008,JFK,176817,42671,1841,172,221501,296,1472,2163,73,4004,356397,82779,4004,245,443425,0,0,0,446968
2008,JLN,0,687,1913,10,2610,0,70,4155,7,4232,0,2299,6068,17,8384,7849,76,7925,21849
2008,JNU,4145,2821,733,82,7781,1615,30066,4075,249,36005,9507,63520,4808,331,78166,5702,308,6010,88434
2008,JQF,235,2926,7903,11,11075,1,658,10139,124,10922,413,8812,18042,135,27402,17469,99,17568,65385
2008,JRF,16,53,4161,1305,5535,14,54,2049,937,3054,51,184,6210,2242,8687,91565,22331,113896,131137
2008,JVL,40,1677,1719,43,3479,24,439,11765,40,12268,104,4440,13484,83,18111,18335,926,19261,47783
2008,JXN,37,115,3060,34,3246,18,244,11500,40,11802,104,623,14560,74,15361,20488,89,20577,48431
2008,KOA,12643,2785,975,1052,17455,2376,7720,7589,374,18059,29455,20021,8564,1426,59466,51489,8072,59561,130708
2008,LAF,16,211,4609,19,4855,0,85,16369,22,16476,57,732,20978,41,21808,65454,30,65484,106323
2008,LAL,0,499,4697,252,5448,0,22,20940,277,21239,4,1258,25637,529,27428,46571,1688,48259,117237
2008,LAN,2401,5520,4589,263,12773,0,68,4675,88,4831,5052,11984,9264,351,26651,10739,325,11064,46538
2008,LAS,188206,15329,18180,600,222315,45,50315,3758,473,54591,388750,137766,21938,1073,549527,0,0,0,578946
2008,LAW,384,1850,1977,8869,13080,0,0,1396,259,1655,715,3735,3373,9128,16951,1373,588,1961,31740
2008,LAX,228499,57261,6163,223,292146,415,50,1575,781,2821,453232,150561,7738,1004,612535,0,0,0,622506
2008,LBB,7292,8208,7184,2346,25030,2,1075,7609,177,8863,14261,19637,14793,2523,51214,8787,1662,10449,77067
2008,LBE,113,2745,2221,156,5235,0,196,5679,300,6175,225,5833,7900,456,14414,10070,1120,11190,32380
2008,LCH,39,2750,1343,1015,5147,81,7483,2675,135,10374,132,17554,4018,1150,22854,11134,2704,13838,42778
2008,LEB,2,2201,2339,19,4561,0,1778,6566,141,8485,2,7760,8905,160,16827,24261,90,24351,50902
2008,LEE,0,73,3670,13,3756,0,286,15264,48,15598,0,1170,18934,61,20165,28537,34,28571,66420
2008,LEX,1664,15805,9728,390,27587,0,296,8136,140,8572,2421,32284,17864,530,53099,3815,229,4044,73495
2008,LFT,693,9652,7079,411,17835,84,12448,6492,170,19194,1633,38707,13571,581,54492,10399,701,11100,78545
2008,LGA,100547,84815,2664,176,188202,2,61,1530,31,1624,204053,171004,4194,207,379458,0,0,0,384080
2008,LGB,14863,3689,17621,193,36366,2529,2508,50450,154,55641,30271,13832,68071,347,112521,166573,925,167498,346157
2008,LIH,9781,5692,472,761,16706,288,21573,2673,409,24943,21652,57016,3145,1170,82983,23030,2143,25173,113340
2008,LIT,12438,11736,14535,2984,41693,0,464,8812,491,9767,24892,26330,23347,3475,78044,7167,14502,21669,127119
2008,LMT,0,2210,1049,2095,5354,0,443,4001,1297,5741,0,4910,5050,3392,13352,12551,5763,18314,34810
2008,LNK,373,5565,7365,4607,17910,13,842,5876,828,7559,865,12103,13241,5435,31644,13409,6886,20295,69654
2008,LNS,8,482,4913,444,5847,0,358,18781,362,19501,18,2016,23694,806,26534,37251,2647,39898,91823
2008,LOU,0,712,5395,121,6228,5,1758,14569,244,16576,5,4746,19964,365,25080,37995,208,38203,83238
2008,LRD,1718,3502,4534,1450,11204,4,56,4707,549,5316,3623,7662,9241,1999,22525,3342,12974,16316,52393
2008,LSE,546,3344,1970,100,5960,0,149,3540,241,3930,1081,6860,5510,341,13792,5434,1002,6436,25114
2008,LUK,31,5576,12843,103,18553,1,1252,9597,138,10988,142,14288,22440,241,37111,11946,172,12118,68783
2008,LVK,0,497,5993,24,6514,0,60,28489,25,28574,0,1331,34482,49,35862,89735,21,89756,158123
2008,LWB,299,1227,2483,98,4107,0,88,2118,145,2351,467,2441,4601,243,7752,2828,478,3306,15240
2008,LWM,0,6,2465,0,2471,0,109,12173,4,12286,0,159,14638,4,14801,29747,28,29775,58429
2008,LWS,1327,2044,910,28,4309,4,692,6871,80,7647,2036,6898,7781,108,16823,9215,170,9385,32750
2008,LYH,5,2735,3653,250,6643,0,96,14094,359,14549,5,6048,17747,609,24409,25284,366,25650,65775
2008,LZU,0,1748,7086,27,8861,27,1706,19730,97,21560,27,5918,26816,124,32885,26288,18,26306,88362
2008,MAF,4470,6178,8004,7353,26005,0,367,4604,394,5365,8613,13827,12608,7747,42795,4129,16369,20498,84037
2008,MBS,4105,1787,3280,58,9230,10,243,2434,16,2703,8515,4069,5714,74,18372,7196,56,7252,32313
2008,MCI,57617,18575,2313,327,78832,5,82,1136,18,1241,120341,48796,3449,345,172931,14,0,14,176717
2008,MCN,288,1632,3621,399,5940,4,22,1994,253,2273,682,2720,5615,652,9669,2112,224,2336,21603
2008,MCO,139081,8015,6668,206,153970,16,88,1604,25,1733,293229,29931,8272,231,331663,0,0,0,343400
2008,MDH,2,417,601,6,1026,0,421,16056,23,16500,4,1459,16657,29,18149,61335,4,61339,93006
2008,MDT,5737,13525,4074,2060,25396,34,188,1123,119,1464,11565,28149,5197,2179,47090,4658,9132,13790,67912
2008,MDW,91598,12153,18550,310,122611,0,469,6245,268,6982,188477,29287,24795,578,243137,0,0,0,267520
2008,MEI,2,638,3129,10808,14577,12,26,2061,1412,3511,17,1358,5190,12220,18785,5006,23544,28550,65687
2008,MEM,103682,64131,8534,589,176936,3,235,1737,81,2056,208188,130689,10271,670,349818,0,0,0,362978
2008,MER,16,2,4758,144,4920,1,23,20607,119,20750,136,456,25365,263,26220,69504,1398,70902,125029
2008,MFD,15,352,3025,858,4250,0,21,3535,352,3908,19,931,6560,1210,8720,3979,2197,6176,22947
2008,MFE,3161,1730,5541,1575,12007,145,71,8666,108,8990,6517,3757,14207,1683,26164,10612,382,10994,56272
2008,MFR,2010,7206,2706,45,11967,90,878,8992,82,10042,3969,17053,11698,127,32847,8556,112,8668,51531
2008,MGM,631,4589,5717,7905,18842,1,365,3639,1012,5017,1884,9430,9356,8917,29587,7033,16937,23970,71781
2008,MGW,0,2283,2769,857,5909,0,2970,4659,739,8368,6,10313,7428,1596,19343,15211,3580,18791,45497
2008,MHK,100,2104,1647,169,4020,0,47,3151,109,3307,158,3548,4798,278,8782,7037,165,7202,21472
2008,MHR,2568,2837,3754,1185,10344,2568,4155,14034,2758,23515,7688,12254,17788,3943,41673,15703,7724,23427,83002
2008,MHT,19503,10982,3257,268,34010,14,209,2582,71,2876,38845,23184,5839,339,68207,3342,146,3488,77920
2008,MIA,146309,21074,6522,406,174311,455,471,1924,53,2903,297779,51791,8446,459,358475,0,0,0,371519
2008,MIC,0,7,1833,3,1843,111,10,11783,17,11921,111,29,13616,20,13776,23827,71,23898,49244
2008,MIE,9,66,1443,18,1536,0,30,7012,43,7085,15,240,8455,61,8771,6662,190,6852,23583
2008,MKC,72,5902,12054,223,18251,3,1707,8523,277,10510,134,14449,20577,500,35660,15976,366,16342,73903
2008,MKE,29364,47792,6066,957,84179,0,354,1748,44,2146,63904,100864,7814,1001,173583,66,6,72,183247
2008,MKG,32,2300,5249,77,7658,0,185,10310,169,10664,60,5090,15559,246,20955,25023,317,25340,57642
2008,MKK,0,3626,232,281,4139,0,9659,2027,396,12082,0,27062,2259,677,29998,2077,148,2225,35380
2008,MKL,2,143,1736,132,2013,0,534,5072,663,6269,2,1680,6808,795,9285,7318,1706,9024,24889
2008,MLB,952,1462,15936,329,18679,3,634,24508,129,25274,2406,3799,40444,458,47107,54497,284,54781,144265
2008,MLI,3081,8645,3726,146,15598,0,77,3722,17,3816,6465,17362,7448,163,31438,10742,76,10818,49446
2008,MLU,27,5091,5374,2156,12648,0,208,4401,181,4790,27,10703,9775,2337,22842,7752,2423,10175,44749
2008,MMU,8,5084,10697,22,15811,1,1624,24803,247,26675,9,13703,35500,269,49481,52006,156,52162,140355
2008,MOB,1842,6662,3757,16048,28309,160,1266,2291,4028,7745,3216,16767,6048,20076,46107,12297,37825,50122,116698
2008,MOD,0,2475,5727,16,8218,0,2717,13514,25,16256,0,10484,19241,41,29766,21030,47,21077,68408
2008,MOT,743,1787,1233,63,3826,0,672,4992,176,5840,1498,5182,6225,239,13144,11635,5058,16693,34954
2008,MQY,41,296,5705,899,6941,0,32,9923,1475,11430,81,837,15628,2374,18920,26735,2717,29452,68379
2008,MRI,0,287,481,2,770,0,8378,29487,267,38132,0,15893,29968,269,46130,93900,1288,95188,171396
2008,MRY,649,11663,9926,185,22423,0,348,11649,106,12103,1282,24938,21575,291,48086,5593,142,5735,77875
2008,MSN,4176,13833,9125,1794,28928,33,186,8932,800,9951,8600,28467,18057,2594,57718,28956,4398,33354,110589
2008,MSO,2455,3691,1807,24,7977,0,1157,6393,45,7595,4657,9472,8200,69,22398,11965,63,12028,41336
2008,MSP,140751,73552,6943,1351,222597,3,48,412,56,519,286192,145534,7355,1407,440488,0,0,0,449972
2008,MSY,40849,7207,5921,334,54311,3,2307,4530,470,7310,82768,23506,10451,804,117529,0,0,0,131197
2008,MTN,0,854,4838,1132,6824,0,173,16222,830,17225,1,2518,21060,1962,25541,22948,980,23928,75541
2008,MVY,0,7703,4428,26,12157,0,8123,10401,91,18615,13,23498,14829,117,38457,1947,155,2102,49592
2008,MWA,10,1642,443,531,2626,0,742,2880,383,4005,22,4477,3323,914,8736,10029,959,10988,22836
2008,MWC,0,350,1771,7,2128,0,268,8202,32,8502,0,1248,9973,39,11260,24074,34,24108,44881
2008,MWH,1240,568,2524,2381,6713,1209,713,5559,1593,9074,5753,2346,8083,3974,20156,24295,14995,39290,70525
2008,MYF,0,1128,12778,40,13946,8,506,49725,78,50317,15,3114,62503,118,65750,103074,63,103137,231640
2008,MYR,8005,3719,4052,1404,17180,0,12161,2974,243,15378,16227,24965,7026,1647,49865,4169,1961,6130,66806
2008,NEW,2,579,6373,378,7332,0,31,8967,264,9262,15,1632,15340,642,17629,23311,614,23925,60105
2008,NQA,40,104,1326,1267,2737,9,34,2069,392,2504,70,215,3395,1659,5339,4405,13182,17587,27827
2008,OAK,69437,10908,10648,212,91205,9,2108,13758,185,16060,148973,28229,24406,397,202005,46031,1214,47245,274270
2008,OGD,6,125,1118,167,1416,0,237,16913,219,17369,12,636,18031,386,19065,66729,258,66987,100443
2008,OGG,17892,9026,973,875,28766,0,22888,3892,267,27047,39314,68815,4865,1142,114136,6768,572,7340,127906
2008,OJC,0,206,4573,39,4818,0,107,12143,13,12263,27,614,16716,52,17409,16443,117,16560,50086
2008,OKC,17983,14474,6368,11193,50018,6,831,3529,885,5251,36309,34996,9897,12078,93280,1132,24789,25921,136696
2008,OLM,0,471,2860,92,3423,3,768,16630,185,17586,3,2376,19490,277,22146,34356,161,34517,74898
2008,OLV,1,2126,1926,66,4119,2,395,10396,168,10961,3,5293,12322,234,17852,25224,568,25792,53015
2008,OMA,20031,19106,10333,356,49826,3,1306,2742,107,4158,40084,43925,13075,463,97547,7725,367,8092,119925
2008,OMN,0,3,4448,0,4451,0,0,28900,3,28903,0,8,33348,3,33359,88509,4,88513,161852
2008,ONT,35412,12918,3142,17,51489,206,860,2945,12,4023,75598,33636,6087,29,115350,1804,6,1810,124515
2008,OPF,16,1959,10477,549,13001,1,412,14510,1811,16734,46,5810,24987,2360,33203,25955,3735,29690,94065
2008,ORD,289280,145293,4081,60,438714,13,516,162,25,716,580967,291664,4243,85,876959,0,0,0,881566
2008,ORF,32208,2871,7552,174,42805,2,86,3711,340,4139,64011,7214,11263,514,83002,9650,5036,14686,109871
2008,ORH,76,348,2391,64,2879,0,573,10332,125,11030,96,2243,12723,189,15251,17970,388,18358,45116
2008,ORL,0,3162,11984,81,15227,0,1496,19816,62,21374,158,12259,31800,143,44360,49607,58,49665,132860
2008,OSH,0,479,5102,71,5652,0,89,27910,78,28077,5,1268,33012,149,34434,35094,132,35226,81619
2008,OSU,1,1079,5582,5,6667,0,255,17888,34,18177,1,3048,23470,39,26558,21295,80,21375,68594
2008,OUN,3,256,3255,55,3569,0,31,14455,398,14884,3,637,17710,453,18803,35261,198,35459,70859
2008,OWB,0,214,1608,175,1997,0,199,10789,292,11280,1,1057,12397,467,13922,27586,2553,30139,55920
2008,OWD,0,500,3291,4,3795,110,267,15529,55,15961,110,1252,18820,59,20241,45273,120,45393,81512
2008,OXC,14,660,3109,41,3824,22,647,11440,271,12380,36,2523,14549,312,17420,18271,352,18623,50330
2008,OXR,33,2079,6523,36,8671,6,1024,7740,29,8799,39,5986,14263,65,20353,44210,63,44273,83988
2008,PAE,954,957,9018,124,11053,49,436,23497,115,24097,2492,2683,32515,239,37929,67010,159,67169,137311
2008,PAH,2,1742,1837,116,3697,0,353,7421,436,8210,12,4270,9258,552,14092,15152,328,15480,38542
2008,PAO,0,30,3169,2,3201,0,836,29979,7,30822,0,1748,33148,9,34905,98292,294,98586,168031
2008,PBI,26073,11916,16038,253,54280,11,192,14855,34,15092,59140,35947,30893,287,126267,2444,79,2523,172599
2008,PDK,0,7429,29447,69,36945,0,380,26998,94,27472,1,17310,56445,163,73919,47830,207,48037,186992
2008,PDT,82,1704,373,96,2255,0,413,4310,469,5192,86,4399,4683,565,9733,4527,2025,6552,21115
2008,PDX,77909,25524,7704,2028,113165,4,5665,4700,119,10488,155088,68460,12404,2147,238099,1016,69,1085,253138
2008,PFN,1155,4660,7090,1434,14339,30,782,8422,695,9929,2855,11666,15512,2129,32162,34229,6611,40840,94750
2008,PHF,9604,1813,3713,2553,17683,27,99,11865,1317,13308,16027,7115,15578,3870,42590,37261,17195,54456,113860
2008,PHL,141285,89805,6756,150,237996,1,672,4468,750,5891,278807,188867,11224,900,479798,0,0,0,492038
2008,PHX,188003,28675,7587,1017,225282,511,6255,5105,159,12030,391518,77354,12692,1176,482740,1949,25,1974,502499
2008,PIA,1424,6799,4399,905,13527,7,965,3931,1193,6096,3491,15836,8330,2098,29755,5063,3158,8221,50079
2008,PIE,2783,2798,11665,1586,18832,19,1498,17824,2955,22296,11178,8640,29489,4541,53848,57063,5885,62948,158716
2008,PIH,10,2719,937,33,3699,103,1545,7119,114,8881,121,8460,8056,147,16784,12167,112,12279,34960
2008,PIT,44999,25411,6413,3046,79869,0,97,459,143,699,88201,57238,6872,3189,155500,18,345,363,167729
2008,PKB,8,1254,2029,546,3837,0,53,5063,1292,6408,15,2716,7092,1838,11661,7413,5677,13090,33136
2008,PMD,38,821,2510,3310,6679,14,26,2484,494,3018,64,1606,4994,3804,10468,1110,8703,9813,28068
2008,PMP,0,8,3782,0,3790,0,22,16139,0,16161,0,47,19921,0,19968,75156,138,75294,116931
2008,PNE,0,2663,6181,0,8844,0,30,19059,0,19089,0,6029,25240,0,31269,22766,0,22766,83355
2008,PNS,5743,10010,8415,7346,31514,0,224,5135,1316,6675,11419,22896,13550,8662,56527,21991,3656,25647,101756
2008,POC,0,108,4429,8,4545,0,105,20029,34,20168,0,483,24458,42,24983,71221,683,71904,121471
2008,POU,6,298,2793,24,3121,0,131,12847,65,13043,6,744,15640,89,16479,40298,380,40678,74004
2008,PRC,358,1130,1807,72,3367,162,1117,39843,88,41210,556,4059,41650,160,46425,184625,29,184654,272215
2008,PSC,2865,4166,3405,268,10704,31,771,5450,180,6432,5906,11773,8855,448,26982,16387,1521,17908,53776
2008,PSP,4322,12927,2972,221,20442,89,605,8292,373,9359,11424,25837,11264,594,49119,11597,44,11641,77837
2008,PTK,272,4291,15492,17,20072,254,547,23183,41,24025,1281,10483,38675,58,50497,73903,428,74331,161590
2008,PUB,101,2007,3642,862,6612,10,639,21696,623,22968,156,4807,25338,1485,31786,89044,3872,92916,157626
2008,PVD,23153,10684,4342,61,38240,4,2004,5499,22,7529,46201,26047,9841,83,82172,1524,2,1526,92440
2008,PVU,42,197,1005,19,1263,0,274,16153,96,16523,58,1297,17158,115,18628,75424,318,75742,112961
2008,PWA,50,1157,8244,438,9889,1,340,16358,117,16816,265,3246,24602,555,28668,15342,708,16050,71036
2008,PWK,0,6392,13946,15,20353,0,44,20218,16,20278,44,13369,34164,31,47608,24144,21,24165,98247
2008,PWM,9191,11914,5108,338,26551,1,395,6787,249,7432,15946,24824,11895,587,53252,12262,352,12614,73776
2008,RAL,0,63,2775,13,2851,0,37,17913,19,17969,16,165,20688,32,20901,34253,72,34325,74017
2008,RAP,2500,5103,3761,198,11562,4,298,4269,684,5255,4656,10847,8030,882,24415,7153,512,7665,40647
2008,RBD,0,60,2355,63,2478,10,7,13149,26,13192,10,133,15504,89,15736,64539,231,64770,95372
2008,RDD,1228,2563,1892,115,5798,152,2160,14072,308,16692,2448,9839,15964,423,28674,20100,332,20432,63703
2008,RDG,15,2788,5445,349,8597,23,1704,8944,496,11167,70,9546,14389,845,24850,43269,2690,45959,88268
2008,RDM,2123,4573,1380,58,8134,240,1505,8226,103,10074,4587,12577,9606,161,26931,37545,289,37834,73930
2008,RDU,40397,39568,15335,709,96009,1,492,8021,2117,10631,80743,88515,23356,2826,195440,37,136,173,225679
2008,RFD,6890,1462,8777,438,17567,5,191,6048,39,6283,14960,4334,14825,477,34596,11857,1735,13592,63358
2008,RHV,0,0,1402,0,1402,0,0,26691,0,26691,0,0,28093,0,28093,89070,316,89386,141006
2008,RIC,16351,23047,9501,1604,50503,2,126,5411,717,6256,31037,48032,14912,2321,96302,1238,1505,2743,118221
2008,RME,77,556,1421,816,2870,3,93,6928,282,7306,140,1460,8349,1098,11047,22482,3459,25941,45269
2008,RNM,0,13,634,3,650,0,18,16306,80,16404,0,56,16940,83,17079,92901,1196,94097,125223
2008,RNO,26623,6173,14104,1177,48077,1,968,4470,210,5649,58568,20294,18574,1387,98823,10961,404,11365,130617
2008,RNT,124,131,2270,0,2525,0,667,18135,4,18806,309,1051,20405,4,21769,58589,6,58595,98077
2008,ROA,1439,12978,4868,242,19527,0,1280,4753,105,6138,2986,28239,9621,347,41193,11690,700,12390,63739
2008,ROC,13209,16987,6132,156,36484,31,403,4883,465,5782,26574,36138,11015,621,74348,20086,517,20603,105974
2008,ROG,0,328,4734,2,5064,6,10,2442,8,2466,6,996,7176,10,8188,1968,4,1972,18127
2008,ROW,162,2541,2791,5055,10549,6,996,5944,525,7471,301,6953,8735,5580,21569,4396,9532,13928,50108
2008,RST,788,7159,6102,287,14336,0,35,4420,29,4484,2270,14267,10522,316,27375,11531,2062,13593,50438
2008,RSW,28068,5090,3772,359,37289,1,221,1527,106,1855,66909,11374,5299,465,84047,143,82,225,90904
2008,RVS,0,334,10799,12,11145,2735,21,62857,10,65623,2735,1123,73656,22,77536,191750,2239,193989,334271
2008,RYN,4,0,397,0,401,0,113,25346,806,26265,4,115,25743,806,26668,104262,1920,106182,167952
2008,RYY,0,984,5807,210,7001,2,523,15782,223,16530,2,3684,21589,433,25708,26354,459,26813,78084
2008,SAC,0,866,7171,37,8074,0,1872,31488,73,33433,0,5013,38659,110,43782,17791,91,17882,97762
2008,SAF,6,1722,4418,486,6632,2,764,10411,973,12150,9,4625,14829,1459,20922,35390,3006,38396,73716
2008,SAN,81206,20332,5226,152,106916,0,304,1710,406,2420,164382,46215,6936,558,218091,1024,986,2010,228167
2008,SAT,53251,7327,18072,1363,80013,1,2532,21857,388,24778,107622,20754,39929,1751,170056,154,24,178,216176
2008,SAV,8744,10873,10645,2199,32461,0,407,6541,456,7404,17997,23799,17186,2655,61637,8800,1029,9829,94744
2008,SAW,24,5358,555,39,5976,1,531,3434,83,4049,27,10994,3989,122,15132,6522,781,7303,25643
2008,SBA,1854,14325,8661,195,25035,0,6211,14307,344,20862,4633,36163,22968,539,64303,26260,430,26690,116647
2008,SBN,2116,9713,4900,56,16785,0,321,3438,24,3783,4471,21390,8338,80,34279,5219,55,5274,46954
2008,SBP,212,5510,3724,35,9481,1,1109,18110,80,19300,213,14374,21834,115,36536,33818,85,33903,92741
2008,SBY,0,3387,1253,118,4758,0,107,5312,446,5865,23,7197,6565,564,14349,11600,4256,15856,37697
2008,SCK,196,305,9538,360,10399,59,136,11978,247,12420,640,844,21516,607,23607,14786,528,15314,63111
2008,SDF,48624,22111,5034,1120,76889,4,177,821,363,1365,96137,48121,5855,1483,151596,1537,60,1597,161054
2008,SDL,0,3753,11887,81,15721,0,171,35593,38,35802,0,11232,47480,119,58831,72268,201,72469,191411
2008,SDM,11,1045,4232,119,5407,0,135,14138,411,14684,15,2969,18370,530,21884,65146,2947,68093,110058
2008,SEA,157645,13352,1118,55,172170,8,14,993,5,1020,306425,34453,2111,60,343049,0,0,0,345057
2008,SEE,0,86,7436,2,7524,0,340,47992,2,48334,0,427,55428,4,55859,140250,152,140402,244500
2008,SFB,5138,685,19201,144,25168,127,38,26581,51,26797,11463,1492,45782,195,58932,110596,1785,112381,223739
2008,SFF,0,869,1682,2,2553,0,2040,13760,17,15817,0,5896,15442,19,21357,31734,130,31864,65919
2008,SFO,143665,42422,6396,270,192753,21,84,829,1130,2064,284350,85470,7225,1400,378445,134,0,134,388104
2008,SGF,2690,12388,7236,1137,23451,13,344,4289,629,5275,5504,25460,11525,1766,44255,8723,1394,10117,66815
2008,SGJ,2,1024,6133,378,7537,0,1291,17420,872,19583,455,6100,23553,1250,31358,37439,3219,40658,100558
2008,SGR,0,1433,11922,102,13457,0,450,10801,10,11261,0,4170,22723,112,27005,27118,130,27248,76804
2008,SHV,2647,10744,6064,1201,20656,0,1205,3268,287,4760,5248,23725,9332,1488,39793,3453,1670,5123,55386
2008,SIG,0,9,3119,63,3191,0,5703,24702,634,31039,0,11566,27821,697,40084,40111,164,40275,105362
2008,SJC,55739,11163,10515,21,77438,27,73,8513,78,8691,113560,24750,19028,99,157437,15555,72,15627,191136
2008,SJT,1125,1826,3160,5808,11919,1039,2313,8132,3270,14754,2587,7511,11292,9078,30468,15217,36772,51989,93990
2008,SJU,42604,10456,3873,968,57901,0,16513,8427,117,25057,95530,56056,12300,1085,164971,2,0,2,180928
2008,SLC,83403,68940,8350,873,161566,3,4922,20668,129,25722,169154,159051,29018,1002,358225,458,0,458,389915
2008,SLE,6,626,2999,429,4060,11,650,10296,1123,12080,27,2788,13295,1552,17662,21162,1353,22515,54370
2008,SLN,48,3209,3778,235,7270,3,3949,6384,576,10912,66,11382,10162,811,22421,33472,1877,35349,71412
2008,SMF,50884,10096,4618,311,65909,49,53,2935,54,3091,107366,25073,7553,365,140357,5054,1082,6136,155160
2008,SMO,0,3876,11079,3,14958,0,1196,22459,78,23733,0,9966,33538,81,43585,45912,4,45916,124514
2008,SMX,133,3304,3057,79,6573,0,2993,12780,76,15849,375,12377,15837,155,28744,21688,298,21986,64780
2008,SNA,43492,8348,20282,11,72133,0,1,34994,18,35013,86999,25192,55276,29,167496,91059,0,91059,317537
2008,SNS,0,37,6412,50,6499,0,689,19027,130,19846,0,1603,25439,180,27222,33195,448,33643,82575
2008,SPG,0,19,1788,4,1811,7,1256,15569,465,17297,7,2031,17357,469,19864,43169,2734,45903,84263
2008,SPI,29,3077,4718,619,8443,0,720,3954,129,4803,46,8059,8672,748,17525,9172,1495,10667,37084
2008,SQL,0,2,2134,0,2136,0,18,31426,0,31444,0,1047,33560,0,34607,65574,33,65607,134634
2008,SRQ,5707,3060,10438,519,19724,32,1084,14751,176,16043,15462,10020,25189,695,51366,33130,714,33844,128840
2008,SSF,0,20,2010,1463,3493,0,14,20482,198,20694,0,66,22492,1661,24219,107853,2522,110375,165156
2008,STC,19,1292,1739,18,3068,0,359,6465,117,6941,64,3239,8204,135,11642,16900,110,17010,37219
2008,STJ,2,66,1657,1465,3190,7,183,5641,1772,7603,17,458,7298,3237,11010,7467,6913,14380,32469
2008,STL,62750,50784,4458,962,118954,1,59,690,177,927,124898,109961,5148,1139,241146,169,589,758,248397
2008,STP,0,3377,15025,455,18857,8,1877,12565,1661,16111,8,10769,27590,2116,40483,31400,7221,38621,110634
2008,STS,1455,1519,3954,43,6971,118,895,24165,87,25265,3053,4552,28119,130,35854,35011,118,35129,102131
2008,STT,4245,3549,1466,115,9375,4,15562,8735,130,24431,10692,41236,10201,245,62374,4680,56,4736,79783
2008,STX,2237,1887,834,293,5251,151,8773,6735,275,15934,5669,23767,7569,568,37573,6671,528,7199,53228
2008,SUA,1,1345,4161,44,5551,0,251,14798,43,15092,1,5075,18959,87,24122,17436,384,17820,64665
2008,SUN,479,5582,4434,10,10505,1,361,5462,26,5850,1285,11310,9896,36,22527,1306,2,1308,32960
2008,SUS,70,3830,16375,314,20589,100,441,17666,69,18276,230,8399,34041,383,43053,36153,500,36653,112626
2008,SUX,30,1919,4162,1337,7448,0,93,2593,179,2865,696,3894,6755,1516,12861,3254,1137,4391,25406
2008,SWF,2642,4122,3591,951,11306,28,1452,7890,1070,10440,7467,11972,11481,2021,32941,21143,1954,23097,73933
2008,SWO,31,190,1495,247,1963,2,342,9787,184,10315,75,1258,11282,431,13046,29211,1118,30329,55577
2008,SYR,10582,17039,4694,892,33207,1,77,4159,199,4436,20861,35004,8853,1091,65809,16733,11836,28569,104834
2008,TCL,34,479,3950,3103,7566,0,110,5145,975,6230,105,1261,9095,4078,14539,20906,1892,22798,51081
2008,TEB,47,27712,41297,85,69141,0,2014,9402,114,11530,56,64844,50699,199,115798,6,6,12,173699
2008,TIW,10,410,4810,52,5282,2,226,10464,140,10832,12,1309,15274,192,16787,26731,94,26825,60362
2008,TIX,0,64,6482,24,6570,0,3,26201,37,26241,0,219,32683,61,32963,89641,229,89870,155663
2008,TKI,0,398,3290,2,3690,0,197,13641,2,13840,0,7143,16931,4,24078,76185,4,76189,116255
2008,TLH,2200,10811,8644,3551,25206,14,643,5904,649,7210,4712,26239,14548,4200,49699,13148,3632,16780,89434
2008,TMB,25,743,13995,20,14783,0,262,50094,23,50379,70,2366,64089,43,66568,165672,1192,166864,308902
2008,TOA,0,115,4616,66,4797,0,140,32175,145,32460,0,400,36791,211,37402,75309,351,75660,153498
2008,TOL,4653,5160,6878,1341,18032,41,1356,7573,218,9188,9738,14009,14451,1559,39757,7545,1803,9348,59984
2008,TOP,0,110,5961,93,6164,0,573,14079,281,14933,0,1510,20040,374,21924,21357,869,22226,61367
2008,TPA,77887,13355,9116,172,100530,1,815,4919,77,5812,165448,39595,14035,249,219327,373,0,373,238258
2008,TRI,1226,7782,6500,152,15660,0,240,6462,85,6787,3272,15810,12962,237,32281,14215,4,14219,58371
2008,TTD,1,202,758,1,962,7,1262,13124,99,14492,11,2907,13882,100,16900,66681,32,66713,96164
2008,TTN,0,1328,5533,136,6997,0,428,16706,1002,18136,19,3633,22239,1138,27029,33953,865,34818,83146
2008,TUL,14423,16764,8234,4671,44092,4,582,5105,676,6367,29925,36877,13339,5347,85488,10494,12086,22580,127757
2008,TUP,17,2242,2713,1877,6849,3,194,10858,1949,13004,31,4813,13571,3826,22241,15961,7823,23784,64172
2008,TUS,19855,8676,7521,5525,41577,13,2529,20981,2513,26036,41828,27224,28502,8038,105592,49777,11472,61249,211144
2008,TVC,4501,5042,6164,482,16189,102,1245,10380,1429,13156,7629,11162,16544,1911,37246,31174,5464,36638,88053
2008,TWF,90,3355,1161,171,4777,2,973,7222,233,8430,194,9570,8383,404,18551,7707,1329,9036,34192
2008,TXK,1,1652,2398,671,4722,3,684,3199,283,4169,9,4870,5597,954,11430,5529,3404,8933,26904
2008,TYR,0,3845,3318,83,7246,0,398,10157,97,10652,4,8798,13475,180,22457,18606,251,18857,54959
2008,TYS,5540,22387,12860,4554,45341,0,296,5838,1494,7628,10337,46064,18698,6048,81147,8897,6005,14902,120514
2008,TZR,0,135,1270,20,1425,0,7,7137,18,7162,6,382,8407,38,8833,20131,278,20409,31901
2008,UES,0,700,4590,25,5315,0,208,15030,79,15317,0,1746,19620,104,21470,26024,112,26136,62258
2008,UGN,0,2085,4915,127,7127,72,144,8991,234,9441,72,4307,13906,361,18646,25970,174,26144,58815
2008,VBG,6,5,19,586,616,0,842,47,248,1137,6,3035,66,834,3941,38,18,56,5157
2008,VCT,295,194,1022,1711,3222,41,104,3226,2271,5642,336,298,4248,3982,8864,2231,7293,9524,18388
2008,VCV,655,36,1039,439,2169,74,584,8056,1808,10522,1298,1704,9095,2247,14344,20400,11844,32244,61821
2008,VGT,0,1291,5524,81,6896,0,4617,24450,231,29298,0,11598,29974,312,41884,89792,36,89828,164579
2008,VLD,11,1045,2477,621,4154,0,67,2948,254,3269,12,2358,5425,875,8670,5739,2649,8388,24297
2008,VNY,0,4730,19538,33,24301,0,0,98807,38,98845,0,11376,118345,71,129792,116931,54,116985,386706
2008,VQQ,283,88,2339,1293,4003,59,38,3734,3884,7715,726,609,6073,5177,12585,14503,31622,46125,75832
2008,VRB,0,1538,13001,26,14565,0,23,36499,12,36534,0,4127,49500,38,53665,79034,535,79569,178059
2008,WDG,2,292,1098,4067,5459,0,15,2890,1085,3990,2,611,3988,5152,9753,4762,8063,12825,32378
2008,WHP,0,0,474,0,474,0,13456,8125,6,21587,0,13456,8599,6,22061,42771,0,42771,87406
2008,WJF,0,138,850,138,1126,0,1094,14070,326,15490,5,1962,14920,464,17351,23987,346,24333,55737
2008,XNA,3861,12581,1948,2213,20603,0,18,442,117,577,8267,25245,2390,2330,38232,286,4116,4402,47949
2008,YIP,943,5035,6512,61,12551,43,416,8042,32,8533,2621,11851,14554,93,29119,32915,121,33036,79082
2008,YKM,1205,2049,2266,411,5931,5,836,6435,215,7491,1722,7232,8701,626,18281,21398,915,22313,48980
2008,YNG,176,757,6375,3432,10740,0,200,3618,772,4590,435,1563,9993,4204,16195,19137,15311,34448,60845
2009,ABE,4523,17431,14228,493,36675,0,589,16285,151,17025,4523,18020,30513,644,53700,48300,576,48876,102576
2009,ABI,361,9068,8744,10521,28694,2,1952,11423,735,14112,363,11020,20167,11256,42806,9047,11622,20669,63475
2009,ABQ,68287,25494,14036,6692,114509,3,8127,15828,11199,35157,68290,33621,29864,17891,149666,3665,5198,8863,158529
2009,ABY,154,3458,4238,1452,9302,0,316,7038,552,7906,154,3774,11276,2004,17208,6627,5280,11907,29115
2009,ACK,295,30150,10226,255,40926,4,68177,18478,283,86942,299,98327,28704,538,127868,276,44,320,128188
2009,ACT,1090,4987,7669,1375,15121,1,713,8267,302,9283,1091,5700,15936,1677,24404,4940,471,5411,29815
2009,ACY,10401,4238,11780,12252,38671,18,541,10870,7569,18998,10419,4779,22650,19821,57669,11887,30466,42353,100022
2009,ADM,0,0,1652,125,1777,0,18,10107,307,10432,0,18,11759,432,12209,8880,651,9531,21740
2009,ADQ,1357,3898,172,1028,6455,39,14477,1072,2010,17598,1396,18375,1244,3038,24053,800,9473,10273,34326
2009,ADS,177,8836,27577,87,36677,3,2521,51038,302,53864,180,11357,78615,389,90541,14230,62,14292,104833
2009,ADW,693,815,1214,28048,30770,1,60,1698,5734,7493,694,875,2912,33782,38263,18659,39763,58422,96685
2009,AEG,0,586,3728,173,4487,0,1719,27733,851,30303,0,2305,31461,1024,34790,45025,644,45669,80459
2009,AEX,2299,9877,3825,4738,20739,0,0,0,0,0,2299,9877,3825,4738,20739,11427,6585,18012,38751
2009,AFW,4170,3338,9520,6139,23167,7,951,22398,1104,24460,4177,4289,31918,7243,47627,39114,6367,45481,93108
2009,AGC,1,7061,15698,149,22909,8,11943,15755,321,28027,9,19004,31453,470,50936,18244,151,18395,69331
2009,AGS,605,11229,8699,1386,21919,1,31,2837,558,3427,606,11260,11536,1944,25346,2746,665,3411,28757
2009,AHN,33,3243,7957,724,11957,0,523,9854,455,10832,33,3766,17811,1179,22789,13947,710,14657,37446
2009,AKN,783,5657,621,258,7319,62,14099,7046,210,21417,845,19756,7667,468,28736,782,783,1565,30301
2009,ALB,25685,30014,7413,1879,64991,2,2854,10591,1367,14814,25687,32868,18004,3246,79805,11891,3404,15295,95100
2009,ALN,2,553,7219,173,7947,16,141,12753,250,13160,18,694,19972,423,21107,26750,416,27166,48273
2009,ALO,216,2519,5143,231,8109,0,75,5738,669,6482,216,2594,10881,900,14591,10105,262,10367,24958
2009,ALW,1699,705,1948,64,4416,3,162,9318,72,9555,1702,867,11266,136,13971,17211,4,17215,31186
2009,AMA,10541,8626,9902,17334,46403,263,310,7915,2396,10884,10804,8936,17817,19730,57287,9443,13239,22682,79969
2009,ANC,98979,55836,7951,2581,165347,86,15776,65990,1804,83656,99065,71612,73941,4385,249003,7629,0,7629,256632
2009,ANE,0,3751,8106,21,11878,0,574,29252,99,29925,0,4325,37358,120,41803,26394,306,26700,68503
2009,APA,1,21009,36112,1117,58239,0,12056,70692,1477,84225,1,33065,106804,2594,142464,117356,3206,120562,263026
2009,APC,0,2889,8747,73,11709,0,151,38992,270,39413,0,3040,47739,343,51122,49386,64,49450,100572
2009,APF,0,6632,23959,58,30649,0,141,43229,38,43408,0,6773,67188,96,74057,26849,52,26901,100958
2009,ARA,83,1393,4326,2904,8706,82,13998,21002,3967,39049,165,15391,25328,6871,47755,75238,1906,77144,124899
2009,ARB,0,168,3639,1,3808,0,208,17556,21,17785,0,376,21195,22,21593,35508,8,35516,57109
2009,ARR,0,483,8518,148,9149,0,9,34193,85,34287,0,492,42711,233,43436,36182,295,36477,79913
2009,ASE,8359,10242,12954,57,31612,0,5,6716,40,6761,8359,10247,19670,97,38373,1383,30,1413,39786
2009,ASG,0,1624,3330,5,4959,0,1582,13098,16,14696,0,3206,16428,21,19655,13350,6,13356,33011
2009,ASH,0,143,7779,22,7944,0,19,33359,122,33500,0,162,41138,144,41444,49239,12,49251,90695
2009,ATL,720922,240716,4781,847,967266,244,208,2279,261,2992,721166,240924,7060,1108,970258,0,0,0,970258
2009,ATW,2283,13388,5376,88,21135,0,392,7503,28,7923,2283,13780,12879,116,29058,5300,106,5406,34464
2009,AUS,92538,16047,29898,2787,141270,2,1051,26073,2410,29536,92540,17098,55971,5197,170806,2439,1269,3708,174514
2009,AVL,351,16970,15995,1740,35056,12,264,12180,719,13175,363,17234,28175,2459,48231,16950,1256,18206,66437
2009,AVP,846,12498,5779,463,19586,0,1832,20558,245,22635,846,14330,26337,708,42221,20953,158,21111,63332
2009,AZO,868,8699,8877,44,18488,0,491,12645,36,13172,868,9190,21522,80,31660,18858,8,18866,50526
2009,BAF,6,707,4817,1569,7099,0,33,24851,2550,27434,6,740,29668,4119,34533,22740,2293,25033,59566
2009,BAK,8,106,3551,353,4018,0,44,20071,1388,21503,8,150,23622,1741,25521,9750,1015,10765,36286
2009,BBG,652,118,755,21,1546,0,10,367,0,377,652,128,1122,21,1923,119,1,120,2043
2009,BCT,0,5017,12536,29,17582,42,308,20308,0,20658,42,5325,32844,29,38240,10828,10,10838,49078
2009,BDL,52858,29024,9941,1803,93626,4,353,5617,875,6849,52862,29377,15558,2678,100475,4942,177,5119,105594
2009,BDR,0,2150,5812,358,8320,0,302,20564,160,21026,0,2452,26376,518,29346,32009,58,32067,61413
2009,BED,380,12382,30619,771,44152,280,13201,61891,954,76326,660,25583,92510,1725,120478,58562,125,58687,179165
2009,BET,2827,7501,174,135,10637,818,71862,4685,384,77749,3645,79363,4859,519,88386,3142,180,3322,91708
2009,BFI,10390,30816,28062,863,70131,273,35329,85506,1233,122341,10663,66145,113568,2096,192472,73068,576,73644,266116
2009,BFL,1422,10058,18113,399,29992,7,5734,34393,298,40432,1429,15792,52506,697,70424,52088,178,52266,122690
2009,BFM,2637,2041,5836,7539,18053,100,2030,13177,5271,20578,2737,4071,19013,12810,38631,21663,23306,44969,83600
2009,BGM,3,8279,3862,591,12735,0,44,4078,132,4254,3,8323,7940,723,16989,3662,456,4118,21107
2009,BGR,3154,12959,8107,9454,33674,10,457,4909,1404,6780,3164,13416,13016,10858,40454,4299,5317,9616,50070
2009,BHM,30962,31711,35519,4193,102385,13,571,3130,353,4067,30975,32282,38649,4546,106452,333,101,434,106886
2009,BIL,11984,22897,11481,155,46517,8,2733,17120,115,19976,11992,25630,28601,270,66493,16972,36,17008,83501
2009,BIS,2752,8450,8099,906,20207,2,717,8785,1574,11078,2754,9167,16884,2480,31285,10571,1350,11921,43206
2009,BJC,1,3836,16955,249,21041,0,125,41733,273,42131,1,3961,58688,522,63172,54926,1017,55943,119115
2009,BKL,101,6316,11522,209,18148,3,10371,11742,144,22260,104,16687,23264,353,40408,16876,148,17024,57432
2009,BLI,6439,2605,5619,279,14942,7,10583,26797,329,37716,6446,13188,32416,608,52658,14712,228,14940,67598
2009,BMG,25,667,5517,38,6247,0,0,10251,72,10323,25,667,15768,110,16570,8675,32,8707,25277
2009,BMI,4040,5635,5167,120,14962,0,0,7808,70,7878,4040,5635,12975,190,22840,4911,224,5135,27975
2009,BNA,87692,53578,22026,3115,166411,0,1204,5230,1149,7583,87692,54782,27256,4264,173994,64,0,64,174058
2009,BOI,40092,13117,15233,4677,73119,0,2122,25148,4165,31435,40092,15239,40381,8842,104554,19855,4595,24450,129004
2009,BOS,184337,139004,11690,174,335205,37,19588,6064,485,26174,184374,158592,17754,659,361379,0,0,0,361379
2009,BPT,34,3418,8864,318,12634,3,1089,7550,276,8918,37,4507,16414,594,21552,5120,36,5156,26708
2009,BQN,9207,911,1844,634,12596,242,16,17739,4189,22186,9449,927,19583,4823,34782,17243,13792,31035,65817
2009,BRO,129,5506,5770,4447,15852,6,66,4735,329,5136,135,5572,10505,4776,20988,4728,6583,11311,32299
2009,BTL,16,410,10678,442,11546,0,19,27549,340,27908,16,429,38227,782,39454,52372,723,53095,92549
2009,BTR,959,20956,18532,685,41132,1,252,13211,445,13909,960,21208,31743,1130,55041,6164,352,6516,61557
2009,BTV,12347,18561,7043,3083,41034,0,245,10009,1167,11421,12347,18806,17052,4250,52455,15820,4378,20198,72653
2009,BUF,48004,36410,10662,680,95756,0,2203,10874,232,13309,48004,38613,21536,912,109065,21257,1295,22552,131617
2009,BUR,53229,20039,12897,95,86260,29,1139,10731,82,11981,53258,21178,23628,177,98241,10948,70,11018,109259
2009,BVY,0,590,3298,30,3918,0,26,24414,213,24653,0,616,27712,243,28571,29065,136,29201,57772
2009,BWI,200170,45192,14554,656,260572,8,152,2933,91,3184,200178,45344,17487,747,263756,4260,0,4260,268016
2009,BZN,7501,8622,5056,106,21285,5,419,20974,192,21590,7506,9041,26030,298,42875,25884,58,25942,68817
2009,CAE,6176,36879,10896,1854,55805,3,485,6146,281,6915,6179,37364,17042,2135,62720,5188,903,6091,68811
2009,CAK,22719,3317,26195,835,53066,0,713,10011,929,11653,22719,4030,36206,1764,64719,19191,506,19697,84416
2009,CCR,0,577,7519,56,8152,5,2331,38342,82,40760,5,2908,45861,138,48912,38517,440,38957,87869
2009,CDW,10,570,6180,27,6787,0,154,44794,818,45766,10,724,50974,845,52553,32470,65,32535,85088
2009,CGF,0,2769,7199,4,9972,0,1252,13031,27,14310,0,4021,20230,31,24282,9902,4,9906,34188
2009,CHA,1617,17023,15913,5071,39624,0,199,8141,826,9166,1617,17222,24054,5897,48790,4425,3190,7615,56405
2009,CHD,0,75,1472,5,1552,0,2056,64108,45,66209,0,2131,65580,50,67761,136524,85,136609,204370
2009,CHO,30,20368,13440,1057,34895,0,321,25504,797,26622,30,20689,38944,1854,61517,17924,3287,21211,82728
2009,CHS,20198,27853,17070,15258,80379,1,233,6962,688,7884,20199,28086,24032,15946,88263,2068,8376,10444,98707
2009,CIC,23,3206,1253,215,4697,669,5921,21894,331,28815,692,9127,23147,546,33512,13754,1101,14855,48367
2009,CID,5289,25743,9579,270,40881,28,166,8881,145,9220,5317,25909,18460,415,50101,7187,138,7325,57426
2009,CKB,81,2400,3963,2853,9297,15,106,6451,2454,9026,96,2506,10414,5307,18323,13199,14183,27382,45705
2009,CLE,59230,132703,7285,199,199417,0,176,572,107,855,59230,132879,7857,306,200272,0,0,0,200272
2009,CLL,37,6302,5520,4498,16357,1,11,15649,2094,17755,38,6313,21169,6592,34112,9760,3363,13123,47235
2009,CLT,319272,163589,18327,1779,502967,3,1250,5156,88,6497,319275,164839,23483,1867,509464,0,0,0,509464
2009,CMA,0,2740,15278,32,18050,0,1184,60364,15,61563,0,3924,75642,47,79613,82552,5,82557,162170
2009,CMH,54217,58629,21267,460,134573,0,358,9409,2099,11866,54217,58987,30676,2559,146439,0,0,0,146439
2009,CMI,48,16302,4504,124,20978,5,10708,3707,146,14566,53,27010,8211,270,35544,49658,115,49773,85317
2009,CNO,0,307,25640,96,26043,0,25,35469,104,35598,0,332,61109,200,61641,101767,873,102640,164281
2009,CNW,25,18,1798,3913,5754,0,127,7817,387,8331,25,145,9615,4300,14085,12540,8559,21099,35184
2009,COS,20073,17012,14838,12028,63951,4,1337,19901,7072,28314,20077,18349,34739,19100,92265,33672,19359,53031,145296
2009,COU,70,2612,4884,216,7782,0,45,8488,403,8936,70,2657,13372,619,16718,6778,1445,8223,24941
2009,CPR,1169,10857,5145,273,17444,3,330,9245,96,9674,1172,11187,14390,369,27118,9587,394,9981,37099
2009,CPS,0,7588,11514,122,19224,0,10089,28658,111,38858,0,17677,40172,233,58082,59682,31,59713,117795
2009,CRE,0,854,9118,471,10443,0,886,15980,460,17326,0,1740,25098,931,27769,16573,199,16772,44541
2009,CRG,0,2022,18307,109,20438,0,138,38723,11285,50146,0,2160,57030,11394,70584,36415,257,36672,107256
2009,CRP,4697,14192,9434,19266,47589,90,2729,9920,4815,17554,4787,16921,19354,24081,65143,1560,30772,32332,97475
2009,CRQ,0,7209,34287,286,41782,9,2211,64802,275,67297,9,9420,99089,561,109079,59918,277,60195,169274
2009,CRW,193,23234,10119,2949,36495,14,3922,8155,1038,13129,207,27156,18274,3987,49624,6146,3800,9946,59570
2009,CSG,495,2257,9191,190,12133,9,68,9539,429,10045,504,2325,18730,619,22178,11703,606,12309,34487
2009,CVG,68873,149098,3421,103,221495,3,380,855,58,1296,68876,149478,4276,161,222791,0,0,0,222791
2009,CWA,128,11709,1355,119,13311,0,247,2913,150,3310,128,11956,4268,269,16621,1824,378,2202,18823
2009,CWF,267,194,2757,10571,13789,2,411,2507,974,3894,269,605,5264,11545,17683,2871,9380,12251,29934
2009,CXO,0,95,5754,64,5913,0,92,14992,453,15537,0,187,20746,517,21450,21669,1021,22690,44140
2009,CXY,0,168,6229,719,7116,0,32,8759,652,9443,0,200,14988,1371,16559,5371,2624,7995,24554
2009,CYS,179,4159,5261,2538,12137,11,267,6646,2135,9059,190,4426,11907,4673,21196,10219,16673,26892,48088
2009,DAB,2773,4327,53021,570,60691,0,261,162971,247,163479,2773,4588,215992,817,224170,88049,72,88121,312291
2009,DAL,89591,26434,44601,768,161394,3,1558,9440,567,11568,89594,27992,54041,1335,172962,0,0,0,172962
2009,DAY,18916,32091,7936,235,59178,0,159,3846,85,4090,18916,32250,11782,320,63268,2390,8,2398,65666
2009,DBQ,14,3659,4841,80,8594,0,365,18476,64,18905,14,4024,23317,144,27499,20298,16,20314,47813
2009,DCA,173938,93019,2950,993,270900,2,1,2429,826,3258,173940,93020,5379,1819,274158,0,0,0,274158
2009,DEC,4,2406,2905,475,5790,0,3,12929,1158,14090,4,2409,15834,1633,19880,19945,2666,22611,42491
2009,DEN,456401,151396,2736,106,610639,216,236,773,24,1249,456617,151632,3509,130,611888,0,0,0,611888
2009,DET,0,1563,5673,26,7262,0,138,20785,69,20992,0,1701,26458,95,28254,41523,308,41831,70085
2009,DFW,472180,160410,3588,504,636682,165,827,1008,100,2100,472345,161237,4596,604,638782,0,0,0,638782
2009,DHN,2337,717,11938,19588,34580,23,174,9875,6607,16679,2360,891,21813,26195,51259,11287,23886,35173,86432
2009,DLH,2758,5469,9220,3436,20883,8,695,17209,1379,19291,2766,6164,26429,4815,40174,12672,4024,16696,56870
2009,DPA,20,9114,17370,46,26550,0,1163,31321,172,32656,20,10277,48691,218,59206,28877,48,28925,88131
2009,DSM,15978,34414,16543,2185,69120,0,477,8655,300,9432,15978,34891,25198,2485,78552,7110,1302,8412,86964
2009,DTN,0,70,5924,56,6050,0,170,16495,92,16757,0,240,22419,148,22807,31762,50,31812,54619
2009,DTO,0,375,4895,141,5411,0,17,42016,34,42067,0,392,46911,175,47478,94602,24,94626,142104
2009,DTW,207699,217689,6019,91,431498,12,184,857,38,1091,207711,217873,6876,129,432589,0,0,0,432589
2009,DVT,0,374,6237,1,6612,0,3430,143697,10,147137,0,3804,149934,11,153749,248586,0,248586,402335
2009,DWH,2,2199,13838,1612,17651,2,1799,76039,747,78587,4,3998,89877,2359,96238,128572,470,129042,225280
2009,DXR,0,486,2803,9,3298,0,2260,31967,29,34256,0,2746,34770,38,37554,35027,19,35046,72600
2009,EAU,50,3398,7467,186,11101,0,1897,9753,629,12279,50,5295,17220,815,23380,6497,340,6837,30217
2009,EGE,2726,5777,7334,87,15924,10,604,5133,4275,10022,2736,6381,12467,4362,25946,3462,699,4161,30107
2009,ELM,180,9148,5758,114,15200,0,124,4577,352,5053,180,9272,10335,466,20253,13124,663,13787,34040
2009,ELP,39820,14319,10708,4242,69089,3,4172,16096,2863,23134,39823,18491,26804,7105,92223,4818,1528,6346,98569
2009,EMT,0,524,3545,10,4079,0,319,32377,22,32718,0,843,35922,32,36797,44017,12,44029,80826
2009,ENA,249,8007,469,126,8851,796,15256,5960,201,22213,1045,23263,6429,327,31064,6316,2798,9114,40178
2009,ENW,0,1976,5178,40,7194,0,450,22320,70,22840,0,2426,27498,110,30034,23721,206,23927,53961
2009,ERI,41,9240,4343,529,14153,0,96,4365,92,4553,41,9336,8708,621,18706,6916,662,7578,26284
2009,ESN,0,1053,4285,118,5456,0,604,16173,343,17120,0,1657,20458,461,22576,25353,464,25817,48393
2009,EUG,8265,10895,7424,1570,28154,14,875,19706,390,20985,8279,11770,27130,1960,49139,22476,1634,24110,73249
2009,EVB,0,37,5802,0,5839,0,4,49054,22,49080,0,41,54856,22,54919,87761,45,87806,142725
2009,EVV,86,14727,8629,2082,25524,3,223,8526,190,8942,89,14950,17155,2272,34466,25775,3493,29268,63734
2009,EWB,9,2194,5075,248,7526,0,5623,22467,177,28267,9,7817,27542,425,35793,32217,474,32691,68484
2009,EWN,4037,3915,3195,287,11434,3,24,10191,288,10506,4040,3939,13386,575,21940,12817,529,13346,35286
2009,EWR,269942,133987,5338,93,409360,281,1525,3914,126,5846,270223,135512,9252,219,415206,0,0,0,415206
2009,EYW,6548,10744,11799,70,29161,7,1122,16285,193,17607,6555,11866,28084,263,46768,7939,197,8136,54904
2009,FAI,10185,17767,4288,826,33066,129,20652,33484,534,54799,10314,38419,37772,1360,87865,33157,415,33572,121437
2009,FAR,9254,13580,9272,2687,34793,30,5340,10789,2547,18706,9284,18920,20061,5234,53499,27994,3281,31275,84774
2009,FAT,11823,20986,10873,3472,47154,5,3596,37468,3099,44168,11828,24582,48341,6571,91322,28584,3805,32389,123711
2009,FAY,2035,9501,7762,2998,22296,0,311,8315,1605,10231,2035,9812,16077,4603,32527,11389,3875,15264,47791
2009,FCM,0,1045,15811,9,16865,0,2544,53328,236,56108,0,3589,69139,245,72973,43409,798,44207,117180
2009,FFZ,1,271,4028,19,4319,0,2381,110022,2406,114809,1,2652,114050,2425,119128,136024,81,136105,255233
2009,FLG,1023,4456,2372,128,7979,5,2901,16511,527,19944,1028,7357,18883,655,27923,5836,506,6342,34265
2009,FLL,181504,34397,27446,400,243747,24,7393,15266,549,23232,181528,41790,42712,949,266979,0,0,0,266979
2009,FLO,2,4632,5482,1028,11144,17,183,5553,453,6206,19,4815,11035,1481,17350,2593,919,3512,20862
2009,FMN,20,6715,2814,104,9653,0,3944,13741,235,17920,20,10659,16555,339,27573,31762,212,31974,59547
2009,FMY,0,1236,11845,71,13152,0,45,30459,27,30531,0,1281,42304,98,43683,33088,68,33156,76839
2009,FNT,10052,10662,13731,86,34531,65,166,8599,126,8956,10117,10828,22330,212,43487,14524,9,14533,58020
2009,FOE,197,366,1930,7231,9724,0,117,3954,3325,7396,197,483,5884,10556,17120,1251,9610,10861,27981
2009,FOK,8,2440,6495,1191,10134,0,76,15814,1473,17363,8,2516,22309,2664,27497,24024,7929,31953,59450
2009,FPR,0,853,18942,48,19843,0,511,42640,101,43252,0,1364,61582,149,63095,42977,25,43002,106097
2009,FRG,379,14162,26562,265,41368,0,428,73765,288,74481,379,14590,100327,553,115849,61557,44,61601,177450
2009,FSD,8025,24333,11331,3031,46720,0,1168,6613,289,8070,8025,25501,17944,3320,54790,4718,1714,6432,61222
2009,FSM,404,6623,6682,7392,21101,1,335,7285,1561,9182,405,6958,13967,8953,30283,7044,6500,13544,43827
2009,FTG,1,309,4171,16,4497,36,165,21759,80,22040,37,474,25930,96,26537,40624,306,40930,67467
2009,FTW,48,4372,21751,480,26651,0,1406,43425,340,45171,48,5778,65176,820,71822,31738,134,31872,103694
2009,FTY,0,5614,22678,588,28880,3,426,15054,117,15600,3,6040,37732,705,44480,31663,196,31859,76339
2009,FUL,0,0,4349,1,4350,0,0,43761,0,43761,0,0,48110,1,48111,20305,106,20411,68522
2009,FWA,2620,17964,14602,2282,37468,11,1303,5973,88,7375,2631,19267,20575,2370,44843,7205,1925,9130,53973
2009,FWS,0,354,3053,7,3414,0,204,23911,155,24270,0,558,26964,162,27684,38537,54,38591,66275
2009,FXE,13,9977,35167,71,45228,1,1837,79587,60,81485,14,11814,114754,131,126713,22916,8,22924,149637
2009,FYV,15,654,4822,59,5550,0,73,13487,113,13673,15,727,18309,172,19223,13765,108,13873,33096
2009,GCK,50,4721,3887,441,9099,0,236,6396,450,7082,50,4957,10283,891,16181,1812,762,2574,18755
2009,GCN,59,1159,783,217,2218,0,85117,2805,284,88206,59,86276,3588,501,90424,776,262,1038,91462
2009,GEG,37602,12828,5894,599,56923,2,1387,8135,109,9633,37604,14215,14029,708,66556,13515,1509,15024,81580
2009,GEU,0,248,1379,11,1638,0,1745,38200,53,39998,0,1993,39579,64,41636,62410,16,62426,104062
2009,GFK,3085,36523,4102,153,43863,321,71017,9591,303,81232,3406,107540,13693,456,125095,221093,350,221443,346538
2009,GGG,60,2235,11508,1171,14974,5,259,14544,124,14932,65,2494,26052,1295,29906,51904,1445,53349,83255
2009,GJT,2932,15334,5477,1437,25180,4,824,16823,452,18103,2936,16158,22300,1889,43283,11632,1943,13575,56858
2009,GKY,0,500,6188,6,6694,0,118,40940,516,41574,0,618,47128,522,48268,31004,352,31356,79624
2009,GLH,224,914,1516,1341,3995,0,5,4539,363,4907,224,919,6055,1704,8902,2831,12392,15223,24125
2009,GLS,1,1305,1615,132,3053,3,15358,6846,146,22353,4,16663,8461,278,25406,6824,56,6880,32286
2009,GMU,1,8867,4989,24,13881,41,5358,17124,526,23049,42,14225,22113,550,36930,18922,42,18964,55894
2009,GNV,85,9863,13941,3263,27152,0,596,23855,1111,25562,85,10459,37796,4374,52714,17517,2749,20266,72980
2009,GON,5,1239,5245,697,7186,0,249,16926,1820,18995,5,1488,22171,2517,26181,11404,1150,12554,38735
2009,GPI,2650,5858,4110,148,12766,6,217,6760,178,7161,2656,6075,10870,326,19927,6346,746,7092,27019
2009,GPM,2,20,635,2,659,0,147,28474,187,28808,2,167,29109,189,29467,50795,37,50832,80299
2009,GPT,3364,13989,7564,13120,38037,11,400,4555,1882,6848,3375,14389,12119,15002,44885,3403,9504,12907,57792
2009,GRB,5407,14688,10822,957,31874,0,0,12905,235,13140,5407,14688,23727,1192,45014,33308,2002,35310,80324
2009,GRI,259,3001,2725,310,6295,0,220,4615,1401,6236,259,3221,7340,1711,12531,2714,2502,5216,17747
2009,GRR,14565,28978,19488,752,63783,6,862,10919,113,11900,14571,29840,30407,865,75683,11269,931,12200,87883
2009,GSN,4630,5501,150,132,10413,62,17164,5131,206,22563,4692,22665,5281,338,32976,335,24,359,33335
2009,GSO,14757,37717,18018,552,71044,10,55,8889,96,9050,14767,37772,26907,648,80094,2383,114,2497,82591
2009,GSP,5428,30371,6508,834,43141,0,83,3128,373,3584,5428,30454,9636,1207,46725,426,324,750,47475
2009,GTF,7468,8236,4169,2731,22604,1,593,8089,509,9192,7469,8829,12258,3240,31796,7552,1704,9256,41052
2009,GTR,34,2570,2663,6052,11319,0,232,6233,2078,8543,34,2802,8896,8130,19862,5735,5750,11485,31347
2009,GTU,0,118,5861,64,6043,5,843,26758,91,27697,5,961,32619,155,33740,25153,210,25363,59103
2009,GUM,18055,5938,1345,231,25569,0,187,9745,98,10030,18055,6125,11090,329,35599,22292,248,22540,58139
2009,GYH,0,1650,1630,1306,4586,0,4074,7012,786,11872,0,5724,8642,2092,16458,9714,1014,10728,27186
2009,GYR,53,110,712,11,886,17,97,71730,4605,76449,70,207,72442,4616,77335,98719,1965,100684,178019
2009,GYY,420,774,7718,175,9087,2,286,9643,961,10892,422,1060,17361,1136,19979,14230,2202,16432,36411
2009,HEF,128,3273,21770,145,25316,0,1947,22788,145,24880,128,5220,44558,290,50196,64861,16,64877,115073
2009,HFD,0,3525,3654,39,7218,0,1360,32739,19,34118,0,4885,36393,58,41336,39480,190,39670,81006
2009,HGR,147,2092,4577,1816,8632,11,1504,17933,4691,24139,158,3596,22510,6507,32771,14672,4752,19424,52195
2009,HHR,0,424,4333,10,4767,0,625,29312,367,30304,0,1049,33645,377,35071,16349,60,16409,51480
2009,HIO,0,5140,17518,69,22727,0,609,51206,226,52041,0,5749,68724,295,74768,147478,25,147503,222271
2009,HKS,0,905,6808,575,8288,0,371,8326,1469,10166,0,1276,15134,2044,18454,15032,3591,18623,37077
2009,HKY,2,538,5995,46,6581,0,310,13297,313,13920,2,848,19292,359,20501,9854,24,9878,30379
2009,HLG,0,891,1145,632,2668,0,597,11675,2198,14470,0,1488,12820,2830,17138,19955,9476,29431,46569
2009,HLN,2489,5930,2883,763,12065,22,566,14304,3034,17926,2511,6496,17187,3797,29991,17448,2818,20266,50257
2009,HND,0,1359,11099,19,12477,8,5373,30725,160,36266,8,6732,41824,179,48743,14960,46,15006,63749
2009,HNL,153744,43195,9740,13892,220571,212,19758,30705,2833,53508,153956,62953,40445,16725,274079,1256,152,1408,275487
2009,HOB,0,307,1378,64,1749,0,1829,8949,107,10885,0,2136,10327,171,12634,6884,390,7274,19908
2009,HOU,103416,21221,43222,229,168088,3,6120,25837,790,32750,103419,27341,69059,1019,200838,816,0,816,201654
2009,HPN,14557,44144,45009,68,103778,3,2303,51655,85,54046,14560,46447,96664,153,157824,18590,30,18620,176444
2009,HRL,10658,3901,3235,6259,24053,0,236,7156,238,7630,10658,4137,10391,6497,31683,3321,15707,19028,50711
2009,HSA,2,22,1466,2748,4238,1,0,4847,1035,5883,3,22,6313,3783,10121,5285,6865,12150,22271
2009,HSV,9595,21042,9057,9123,48817,1,167,8928,1116,10212,9596,21209,17985,10239,59029,8361,14783,23144,82173
2009,HTS,1694,5567,3935,225,11421,10,694,3000,181,3885,1704,6261,6935,406,15306,3228,367,3595,18901
2009,HUF,48,308,6304,260,6920,12,604,12910,221,13747,60,912,19214,481,20667,19448,158,19606,40273
2009,HUM,0,2484,4917,53,7454,0,47705,15115,225,63045,0,50189,20032,278,70499,18030,140,18170,88669
2009,HUT,0,311,2808,781,3900,0,1042,8544,354,9940,0,1353,11352,1135,13840,23583,1565,25148,38988
2009,HVN,2,3017,3472,51,6542,0,77,14757,89,14923,2,3094,18229,140,21465,19493,346,19839,41304
2009,HWD,0,1051,6558,3,7612,117,580,46103,18,46818,117,1631,52661,21,54430,54746,1,54747,109177
2009,HWO,0,2,3057,3,3062,0,48,54116,333,54497,0,50,57173,336,57559,104536,790,105326,162885
2009,HXD,27,10004,13146,91,23268,0,331,12766,188,13285,27,10335,25912,279,36553,2408,380,2788,39341
2009,HYA,2,18326,5726,42,24096,0,62040,15046,62,77148,2,80366,20772,104,101244,7071,169,7240,108484
2009,IAD,176200,140255,45729,442,362626,289,51,2492,127,2959,176489,140306,48221,569,365585,0,0,0,365585
2009,IAG,430,1605,3786,3914,9735,46,37,8928,3202,12213,476,1642,12714,7116,21948,13039,3774,16813,38761
2009,IAH,258337,268784,8954,136,536211,421,436,1752,55,2664,258758,269220,10706,191,538875,0,0,0,538875
2009,ICT,14049,29341,40108,6713,90211,105,2130,13476,374,16085,14154,31471,53584,7087,106296,30269,9126,39395,145691
2009,IDA,1305,6822,2616,69,10812,4,1667,13381,127,15179,1309,8489,15997,196,25991,15189,36,15225,41216
2009,IFP,1561,145,579,38,2323,26,3354,11055,235,14670,1587,3499,11634,273,16993,3283,108,3391,20384
2009,ILG,18,3091,12873,1600,17582,3,237,15192,1603,17035,21,3328,28065,3203,34617,20512,4662,25174,59791
2009,ILM,5763,14500,16736,2738,39737,5,1170,8654,649,10478,5768,15670,25390,3387,50215,4648,1459,6107,56322
2009,IND,98193,54312,15272,732,168509,1,289,2388,135,2813,98194,54601,17660,867,171322,0,0,0,171322
2009,INT,340,1313,9632,71,11356,17,792,17808,278,18895,357,2105,27440,349,30251,11068,166,11234,41485
2009,IPT,5,3042,2437,54,5538,0,1287,9311,245,10843,5,4329,11748,299,16381,4734,100,4834,21215
2009,ISM,8,1387,22016,40,23451,0,330,48549,11,48890,8,1717,70565,51,72341,48285,136,48421,120762
2009,ISO,233,654,3094,3712,7693,0,24,4769,513,5306,233,678,7863,4225,12999,5432,5384,10816,23815
2009,ISP,18848,3936,16002,290,39076,12,149,40378,792,41331,18860,4085,56380,1082,80407,78672,657,79329,159736
2009,ITH,6,9704,3657,36,13403,0,323,7802,29,8154,6,10027,11459,65,21557,21386,12,21398,42955
2009,ITO,15692,9237,591,2805,28325,0,27792,5244,1184,34220,15692,37029,5835,3989,62545,10300,6620,16920,79465
2009,IWA,5137,2334,4588,1904,13963,11,3593,66555,1409,71568,5148,5927,71143,3313,85531,97721,2620,100341,185872
2009,IXD,2,2234,7763,235,10234,0,232,12969,1164,14365,2,2466,20732,1399,24599,19246,1156,20402,45001
2009,JAC,6855,5909,6252,91,19107,34,575,6238,46,6893,6889,6484,12490,137,26000,2984,18,3002,29002
2009,JAN,8780,20128,7711,7270,43889,0,221,2232,271,2724,8780,20349,9943,7541,46613,1519,16988,18507,65120
2009,JAX,57729,20310,8801,3818,90658,7,123,2318,500,2948,57736,20433,11119,4318,93606,619,1784,2403,96009
2009,JEF,28,391,5246,368,6033,0,366,8037,1333,9736,28,757,13283,1701,15769,7301,1326,8627,24396
2009,JFK,333349,80285,3119,208,416961,484,1247,3484,68,5283,333833,81532,6603,276,422244,0,0,0,422244
2009,JLN,0,2048,3059,32,5139,0,184,6910,120,7214,0,2232,9969,152,12353,10047,67,10114,22467
2009,JNU,8091,2806,683,110,11690,718,58368,9432,312,68830,8809,61174,10115,422,80520,4676,93,4769,85289
2009,JQF,482,4529,13788,29,18828,0,1428,19658,176,21262,482,5957,33446,205,40090,13571,92,13663,53753
2009,JRF,44,40,4820,2463,7367,43,71,8464,2543,11121,87,111,13284,5006,18488,91125,19370,110495,128983
2009,JVL,112,2317,3416,178,6023,87,581,22850,216,23734,199,2898,26266,394,29757,18274,1200,19474,49231
2009,JXN,26,141,5904,25,6096,16,319,20906,96,21337,42,460,26810,121,27433,22822,14,22836,50269
2009,KOA,28336,6782,2140,3294,40552,31,9509,12398,745,22683,28367,16291,14538,4039,63235,37092,9097,46189,109424
2009,LAF,32,468,7646,57,8203,1,181,26990,91,27263,33,649,34636,148,35466,67789,50,67839,103305
2009,LAL,2,886,8715,916,10519,14,57,42585,764,43420,16,943,51300,1680,53939,33768,2506,36274,90213
2009,LAN,2582,11167,9789,446,23984,6,260,9146,204,9616,2588,11427,18935,650,33600,8444,118,8562,42162
2009,LAS,357884,23772,33959,1188,416803,71,86757,6636,796,94260,357955,110529,40595,1984,511063,0,0,0,511063
2009,LAW,351,2813,3545,17837,24546,0,8,3672,425,4105,351,2821,7217,18262,28651,1634,866,2500,31151
2009,LAX,437221,86884,12180,607,536892,838,35,4617,2451,7941,438059,86919,16797,3058,544833,0,0,0,544833
2009,LBB,12785,16238,13156,6032,48211,1,2380,14286,502,17169,12786,18618,27442,6534,65380,9922,3129,13051,78431
2009,LBE,187,4423,3389,366,8365,8,391,10149,526,11074,195,4814,13538,892,19439,8551,1156,9707,29146
2009,LCH,45,6720,3702,3341,13808,0,11757,5410,192,17359,45,18477,9112,3533,31167,12865,2893,15758,46925
2009,LEB,0,4060,3690,70,7820,22,5080,11177,367,16646,22,9140,14867,437,24466,18813,164,18977,43443
2009,LEE,0,182,7341,19,7542,0,572,23935,86,24593,0,754,31276,105,32135,22864,242,23106,55241
2009,LEX,1895,28346,15500,764,46505,0,656,14314,399,15369,1895,29002,29814,1163,61874,5037,312,5349,67223
2009,LFT,774,17458,13183,709,32124,152,17454,12634,129,30369,926,34912,25817,838,62493,13071,461,13532,76025
2009,LGA,197369,152565,4703,240,354877,4,94,2126,76,2300,197373,152659,6829,316,357177,0,0,0,357177
2009,LGB,30248,4044,29726,471,64489,95,3583,94111,417,98206,30343,7627,123837,888,162695,134505,38,134543,297238
2009,LIH,21091,9908,851,2553,34403,79,41416,4247,808,46550,21170,51324,5098,3361,80953,15276,3114,18390,99343
2009,LIT,23578,27041,25421,8227,84267,1,1088,14362,903,16354,23579,28129,39783,9130,100621,5516,26543,32059,132680
2009,LMT,25,4981,1814,2696,9516,0,986,5845,823,7654,25,5967,7659,3519,17170,7823,3226,11049,28219
2009,LNK,742,9936,12844,10762,34284,9,1988,12475,1753,16225,751,11924,25319,12515,50509,10403,4552,14955,65464
2009,LNS,6,3582,10824,1048,15460,0,459,33034,527,34020,6,4041,43858,1575,49480,37109,3683,40792,90272
2009,LOU,0,612,8774,238,9624,32,3221,27463,440,31156,32,3833,36237,678,40780,34056,210,34266,75046
2009,LRD,2900,7993,7713,2776,21382,1,128,8532,1629,10290,2901,8121,16245,4405,31672,1813,15843,17656,49328
2009,LSE,629,7146,3265,250,11290,2,392,6967,484,7845,631,7538,10232,734,19135,6175,674,6849,25984
2009,LUK,62,8273,23518,282,32135,1,2210,16866,159,19236,63,10483,40384,441,51371,10036,132,10168,61539
2009,LVK,2,674,9193,67,9936,0,134,49204,205,49543,2,808,58397,272,59479,73853,0,73853,133332
2009,LWB,207,3176,4918,238,8539,4,164,4599,504,5271,211,3340,9517,742,13810,3660,728,4388,18198
2009,LWM,0,69,4307,27,4403,0,3,23346,29,23378,0,72,27653,56,27781,29114,32,29146,56927
2009,LWS,2538,3768,1507,106,7919,5,1123,11751,128,13007,2543,4891,13258,234,20926,9148,506,9654,30580
2009,LYH,12,5451,7448,370,13281,0,12,32215,1018,33245,12,5463,39663,1388,46526,31552,372,31924,78450
2009,LZU,1,2591,11196,74,13862,2,1064,28025,49,29140,3,3655,39221,123,43002,22189,32,22221,65223
2009,MAF,8568,11297,10638,9449,39952,6,1277,7432,998,9713,8574,12574,18070,10447,49665,2629,9547,12176,61841
2009,MBS,7628,3808,7130,152,18718,17,194,4418,37,4666,7645,4002,11548,189,23384,7952,49,8001,31385
2009,MCI,106254,37195,3774,585,147808,1,179,2202,85,2467,106255,37374,5976,670,150275,20,14,34,150309
2009,MCN,217,3831,6870,638,11556,6,104,3779,483,4372,223,3935,10649,1121,15928,1514,250,1764,17692
2009,MCO,276951,12349,13968,537,303805,240,119,2098,59,2516,277191,12468,16066,596,306321,0,0,0,306321
2009,MDH,7,940,1051,7,2005,0,141,25773,27,25941,7,1081,26824,34,27946,49560,14,49574,77520
2009,MDT,10165,27332,6077,4414,47988,0,163,1916,351,2430,10165,27495,7993,4765,50418,12020,14992,27012,77430
2009,MDW,184475,17890,31857,617,234839,3,917,7943,1066,9929,184478,18807,39800,1683,244768,42,0,42,244810
2009,MEI,7,1448,5258,25027,31740,0,67,5578,5622,11267,7,1515,10836,30649,43007,6340,33638,39978,82985
2009,MEM,200550,118046,16779,1227,336602,4,329,1927,145,2405,200554,118375,18706,1372,339007,0,0,0,339007
2009,MER,48,61,7650,181,7940,3,784,29230,140,30157,51,845,36880,321,38097,33767,278,34045,72142
2009,MFD,2,354,7316,1636,9308,0,72,6991,540,7603,2,426,14307,2176,16911,3122,2067,5189,22100
2009,MFE,5858,4874,10739,5687,27158,0,97,16478,246,16821,5858,4971,27217,5933,43979,8253,420,8673,52652
2009,MFR,5610,11550,4464,117,21741,2,1241,14210,166,15619,5612,12791,18674,283,37360,6354,122,6476,43836
2009,MGM,176,10850,11326,14981,37333,3,628,5604,1970,8205,179,11478,16930,16951,45538,5468,16080,21548,67086
2009,MGW,2,4592,4512,1456,10562,0,5528,8314,1034,14876,2,10120,12826,2490,25438,15913,2076,17989,43427
2009,MHK,127,4299,2654,439,7519,0,31,6392,538,6961,127,4330,9046,977,14480,7664,1890,9554,24034
2009,MHR,3267,4524,7455,2710,17956,3268,7365,29696,5812,46141,6535,11889,37151,8522,64097,16724,9383,26107,90204
2009,MHT,34022,19493,6347,738,60600,1,820,5012,189,6022,34023,20313,11359,927,66622,2995,236,3231,69853
2009,MIA,290868,40270,13197,947,345282,899,837,4244,155,6135,291767,41107,17441,1102,351417,0,0,0,351417
2009,MIC,7,41,3327,1,3376,0,78,20064,57,20199,7,119,23391,58,23575,18699,233,18932,42507
2009,MIE,22,89,3054,37,3202,0,515,12148,105,12768,22,604,15202,142,15970,4995,94,5089,21059
2009,MKC,157,10859,21390,467,32873,2,3429,16883,540,20854,159,14288,38273,1007,53727,17755,581,18336,72063
2009,MKE,55064,97911,10187,1647,164809,4,1128,3200,153,4485,55068,99039,13387,1800,169294,357,42,399,169693
2009,MKG,18,3116,9293,186,12613,0,105,17118,304,17527,18,3221,26411,490,30140,21252,389,21641,51781
2009,MKK,0,12309,433,397,13139,0,17901,4048,531,22480,0,30210,4481,928,35619,1625,154,1779,37398
2009,MKL,7,537,3370,223,4137,0,448,7608,909,8965,7,985,10978,1132,13102,6397,883,7280,20382
2009,MLB,1304,3092,25647,751,30794,12,1341,52722,177,54252,1316,4433,78369,928,85046,55722,394,56116,141162
2009,MLI,7828,14817,6470,236,29351,6,166,6292,110,6574,7834,14983,12762,346,35925,9076,89,9165,45090
2009,MLU,49,9807,9399,4216,23471,0,52,7233,240,7525,49,9859,16632,4456,30996,6024,2783,8807,39803
2009,MMU,15,9681,19599,28,29323,1,3407,46122,277,49807,16,13088,65721,305,79130,49941,270,50211,129341
2009,MOB,1959,13894,5856,19734,41443,41,479,3419,7501,11440,2000,14373,9275,27235,52883,10816,41449,52265,105148
2009,MOD,8,4547,8782,47,13384,0,6067,20527,52,26646,8,10614,29309,99,40030,10031,6,10037,50067
2009,MOT,1737,3481,2223,244,7685,0,1474,9468,437,11379,1737,4955,11691,681,19064,13416,5965,19381,38445
2009,MQY,38,816,11435,1580,13869,0,295,16448,1926,18669,38,1111,27883,3506,32538,19437,3264,22701,55239
2009,MRI,0,273,929,10,1212,0,15063,58810,555,74428,0,15336,59739,565,75640,89164,329,89493,165133
2009,MRY,1530,18554,15460,400,35944,0,866,20930,302,22098,1530,19420,36390,702,58042,7775,57,7832,65874
2009,MSN,7714,24773,14492,3501,50480,0,316,14638,1432,16386,7714,25089,29130,4933,66866,26575,4261,30836,97702
2009,MSO,4551,7134,3597,189,15471,0,2072,10623,78,12773,4551,9206,14220,267,28244,10667,310,10977,39221
2009,MSP,283971,133614,11693,2552,431830,3,44,621,106,774,283974,133658,12314,2658,432604,0,0,0,432604
2009,MSY,82293,10742,11400,528,104963,3,4585,6927,597,12112,82296,15327,18327,1125,117075,0,0,0,117075
2009,MTN,0,1202,8776,2206,12184,3,421,26847,1500,28771,3,1623,35623,3706,40955,21244,409,21653,62608
2009,MVY,0,11105,5604,88,16797,63,11368,14396,183,26010,63,22473,20000,271,42807,1396,170,1566,44373
2009,MWA,30,3153,753,889,4825,1,1569,4400,532,6502,31,4722,5153,1421,11327,10411,883,11294,22621
2009,MWC,0,558,2602,13,3173,0,144,13626,88,13858,0,702,16228,101,17031,18486,26,18512,35543
2009,MWH,3452,2141,4720,6480,16793,1723,496,9015,1728,12962,5175,2637,13735,8208,29755,22041,11519,33560,63315
2009,MYF,0,1844,25330,69,27243,0,1388,89704,134,91226,0,3232,115034,203,118469,83719,440,84159,202628
2009,MYR,15046,9326,5877,2654,32903,0,49465,5380,957,55802,15046,58791,11257,3611,88705,2063,1637,3700,92405
2009,NEW,0,1470,13283,1132,15885,0,136,15980,574,16690,0,1606,29263,1706,32575,15324,978,16302,48877
2009,NQA,48,148,2310,2602,5108,18,68,3769,591,4446,66,216,6079,3193,9554,3898,13130,17028,26582
2009,OAK,118905,18779,18233,484,156401,13,3632,25750,822,30217,118918,22411,43983,1306,186618,45025,2978,48003,234621
2009,OGD,9,203,1885,202,2299,0,381,27117,354,27852,9,584,29002,556,30151,55079,237,55316,85467
2009,OGG,40806,18564,1925,2634,63929,128,39870,7467,627,48092,40934,58434,9392,3261,112021,5874,770,6644,118665
2009,OJC,0,414,8052,74,8540,32,116,24006,124,24278,32,530,32058,198,32818,20485,24,20509,53327
2009,OKC,34196,26287,11374,25317,97174,13,1034,7568,2101,10716,34209,27321,18942,27418,107890,1175,20255,21430,129320
2009,OLM,0,1254,6685,294,8233,0,955,26696,791,28442,0,2209,33381,1085,36675,30390,216,30606,67281
2009,OLV,0,3510,3481,115,7106,2,1498,21016,362,22878,2,5008,24497,477,29984,26649,319,26968,56952
2009,OMA,39882,35132,17633,628,93275,0,2613,6366,97,9076,39882,37745,23999,725,102351,8077,436,8513,110864
2009,OMN,0,2,8800,9,8811,0,0,68803,4,68807,0,2,77603,13,77618,75996,16,76012,153630
2009,ONT,63205,20761,5470,122,89558,28,917,5243,19,6207,63233,21678,10713,141,95765,3452,37,3489,99254
2009,OPF,13,3253,22489,1236,26991,2,230,30899,3557,34688,15,3483,53388,4793,61679,25057,2409,27466,89145
2009,ORD,544820,275633,6545,126,827124,24,404,312,35,775,544844,276037,6857,161,827899,0,0,0,827899
2009,ORF,52905,11791,13645,308,78649,1,106,6818,291,7216,52906,11897,20463,599,85865,6981,1849,8830,94695
2009,ORH,553,488,4818,244,6103,64,697,18577,211,19549,617,1185,23395,455,25652,14122,199,14321,39973
2009,ORL,0,5054,21282,359,26695,4,1685,38022,146,39857,4,6739,59304,505,66552,42148,85,42233,108785
2009,OSH,0,708,4762,92,5562,0,184,42590,142,42916,0,892,47352,234,48478,42649,180,42829,91307
2009,OSU,0,983,9300,7,10290,0,643,33221,41,33905,0,1626,42521,48,44195,23614,8,23622,67817
2009,OTH,0,1213,352,44,1609,0,298,779,770,1847,0,1511,1131,814,3456,542,933,1475,4931
2009,OUN,0,636,5798,174,6608,0,63,23525,501,24089,0,699,29323,675,30697,35751,135,35886,66583
2009,OWB,155,955,2970,346,4426,0,274,19113,449,19836,155,1229,22083,795,24262,23245,1708,24953,49215
2009,OWD,9,764,5543,14,6330,3,509,26481,98,27091,12,1273,32024,112,33421,27110,56,27166,60587
2009,OXC,0,1395,5581,181,7157,0,968,21465,654,23087,0,2363,27046,835,30244,17011,274,17285,47529
2009,OXR,0,3289,11765,54,15108,0,1933,14436,61,16430,0,5222,26201,115,31538,29839,25,29864,61402
2009,PAE,3030,1502,13575,259,18366,156,1009,41440,276,42881,3186,2511,55015,535,61247,52044,226,52270,113517
2009,PAH,12,2839,3197,294,6342,0,424,15196,942,16562,12,3263,18393,1236,22904,13315,695,14010,36914
2009,PAO,0,68,5866,4,5938,0,1756,62834,14,64604,0,1824,68700,18,70542,88480,19,88499,159041
2009,PBI,52662,23041,35030,596,111329,13,1666,24548,401,26628,52675,24707,59578,997,137957,407,6,413,138370
2009,PDK,0,11766,52131,148,64045,1,694,47140,166,48001,1,12460,99271,314,112046,39658,10,39668,151714
2009,PDT,4,3350,640,166,4160,8,950,6139,798,7895,12,4300,6779,964,12055,4575,2385,6960,19015
2009,PDX,145187,44448,12713,3818,206166,31,12023,7097,271,19422,145218,56471,19810,4089,225588,1004,134,1138,226726
2009,PFN,252,9908,14249,4038,28447,5,624,16484,1466,18579,257,10532,30733,5504,47026,29889,6168,36057,83083
2009,PHF,17064,3985,7964,5454,34467,8,168,18145,2356,20677,17072,4153,26109,7810,55144,34257,22528,56785,111929
2009,PHL,262710,186507,11730,237,461184,2,1506,8624,1352,11484,262712,188013,20354,1589,472668,0,0,0,472668
2009,PHX,365506,53903,13787,2005,435201,626,12368,7611,549,21154,366132,66271,21398,2554,456355,841,11,852,457207
2009,PIA,3508,13502,6742,2296,26048,0,1496,7002,1358,9856,3508,14998,13744,3654,35904,2628,2918,5546,41450
2009,PIE,7363,6915,23944,3412,41634,16,3427,34403,6707,44553,7379,10342,58347,10119,86187,50141,7932,58073,144260
2009,PIH,53,5179,1580,78,6890,5,2016,12078,223,14322,58,7195,13658,301,21212,18793,160,18953,40165
2009,PIT,82554,41514,12264,9962,146294,1,120,533,262,916,82555,41634,12797,10224,147210,0,925,925,148135
2009,PKB,24,2705,3368,909,7006,0,670,9299,2154,12123,24,3375,12667,3063,19129,8128,4558,12686,31815
2009,PMD,133,79,5522,5652,11386,9,6,3418,393,3826,142,85,8940,6045,15212,895,9470,10365,25577
2009,PMP,0,46,5497,3,5546,0,5,28720,0,28725,0,51,34217,3,34271,61051,8,61059,95330
2009,PNE,0,4729,12383,0,17112,0,91,34248,0,34339,0,4820,46631,0,51451,23495,18,23513,74964
2009,PNS,10903,17518,13040,15367,56828,4,283,12358,3408,16053,10907,17801,25398,18775,72881,28556,5363,33919,106800
2009,POC,0,27,6729,37,6793,0,129,35950,16,36095,0,156,42679,53,42888,63753,17,63770,106658
2009,POU,8,517,5787,88,6400,0,81,23824,229,24134,8,598,29611,317,30534,23657,276,23933,54467
2009,PRC,1178,2389,2763,95,6425,110,1740,71549,221,73620,1288,4129,74312,316,80045,160391,7,160398,240443
2009,PSC,7171,6816,5362,436,19785,42,1285,10694,268,12289,7213,8101,16056,704,32074,9832,1374,11206,43280
2009,PSP,11260,18690,7164,435,37549,59,1063,17999,906,20027,11319,19753,25163,1341,57576,13094,141,13235,70811
2009,PTK,556,6303,26383,104,33346,140,812,38819,85,39856,696,7115,65202,189,73202,71095,0,71095,144297
2009,PUB,179,3631,4600,1067,9477,1,1068,56121,1234,58424,180,4699,60721,2301,67901,90393,1690,92083,159984
2009,PVD,42819,18418,10596,212,72045,1,995,6334,38,7368,42820,19413,16930,250,79413,2508,10,2518,81931
2009,PVU,43,434,2215,54,2746,0,458,26595,143,27196,43,892,28810,197,29942,62541,433,62974,92916
2009,PWA,13,1936,14131,1110,17190,0,649,29440,186,30275,13,2585,43571,1296,47465,13160,874,14034,61499
2009,PWK,0,10900,21998,10,32908,0,99,28864,144,29107,0,10999,50862,154,62015,23209,23,23232,85247
2009,PWM,19954,15590,7926,313,43783,4,361,10177,335,10877,19958,15951,18103,648,54660,7370,130,7500,62160
2009,RAL,0,93,5170,102,5365,0,43,27677,38,27758,0,136,32847,140,33123,31984,100,32084,65207
2009,RAP,4587,10278,5970,436,21271,2,605,8406,1874,10887,4589,10883,14376,2310,32158,6828,796,7624,39782
2009,RBD,2,16,4557,113,4688,0,3,21692,43,21738,2,19,26249,156,26426,41204,552,41756,68182
2009,RDD,2151,5060,2828,201,10240,5,11121,21194,501,32821,2156,16181,24022,702,43061,30697,306,31003,74064
2009,RDG,42,5399,9751,554,15746,23,3259,17001,896,21179,65,8658,26752,1450,36925,58206,2854,61060,97985
2009,RDM,4258,8053,2345,63,14719,216,1605,13393,100,15314,4474,9658,15738,163,30033,25600,109,25709,55742
2009,RDU,77167,71527,27016,1392,177102,1,365,15054,2186,17606,77168,71892,42070,3578,194708,51,89,140,194848
2009,RFD,11902,1656,12125,989,26672,1,601,10696,88,11386,11903,2257,22821,1077,38058,9516,1256,10772,48830
2009,RHV,0,0,2615,0,2615,0,0,46895,0,46895,0,0,49510,0,49510,73385,198,73583,123093
2009,RIC,29070,42723,16021,2708,90522,5,241,9247,1562,11055,29075,42964,25268,4270,101577,1452,2154,3606,105183
2009,RME,172,1090,2272,1453,4987,7,305,14690,821,15823,179,1395,16962,2274,20810,28410,4584,32994,53804
2009,RNM,1,38,1321,1,1361,0,437,30157,335,30929,1,475,31478,336,32290,81787,526,82313,114603
2009,RNO,43998,9073,10314,1032,64417,8,2932,19656,1053,23649,44006,12005,29970,2085,88066,11229,337,11566,99632
2009,RNT,388,193,3468,1,4050,1,585,32187,16,32789,389,778,35655,17,36839,43719,216,43935,80774
2009,ROA,2535,21341,8272,596,32744,3,1155,7462,322,8942,2538,22496,15734,918,41686,8047,393,8440,50126
2009,ROC,24359,33850,11672,562,70443,0,607,7269,741,8617,24359,34457,18941,1303,79060,30378,881,31259,110319
2009,ROG,0,623,8786,35,9444,0,13,4070,4,4087,0,636,12856,39,13531,2114,6,2120,15651
2009,ROW,184,4429,4232,10006,18851,153,1931,7788,1172,11044,337,6360,12020,11178,29895,6005,12826,18831,48726
2009,RST,1217,12525,12615,220,26577,10,203,8384,53,8650,1227,12728,20999,273,35227,12243,154,12397,47624
2009,RSW,63545,9195,7281,612,80633,20,501,2267,111,2899,63565,9696,9548,723,83532,131,10,141,83673
2009,RVS,3,651,22474,50,23178,195,187,93884,30,94296,198,838,116358,80,117474,127148,2,127150,244624
2009,RYN,0,1,706,11,718,0,13,46923,1570,48506,0,14,47629,1581,49224,73675,3042,76717,125941
2009,RYY,0,1501,11499,188,13188,0,783,28192,735,29710,0,2284,39691,923,42898,20846,351,21197,64095
2009,SAC,10,1534,14675,115,16334,26,2800,53926,290,57042,36,4334,68601,405,73376,15738,5,15743,89119
2009,SAF,0,3139,7251,823,11213,0,1269,18809,1761,21839,0,4408,26060,2584,33052,33449,3611,37060,70112
2009,SAN,151257,34580,8324,459,194620,133,511,3300,646,4590,151390,35091,11624,1105,199210,185,217,402,199612
2009,SAT,93783,14987,34528,3166,146464,216,5493,37970,736,44415,93999,20480,72498,3902,190879,0,0,0,190879
2009,SAV,15421,21668,20681,4029,61799,3,736,15095,966,16800,15424,22404,35776,4995,78599,14585,1608,16193,94792
2009,SAW,4,9317,935,105,10361,2,1429,3616,178,5225,6,10746,4551,283,15586,4631,394,5025,20611
2009,SBA,3973,25037,16339,583,45932,0,580,27640,775,28995,3973,25617,43979,1358,74927,33018,52,33070,107997
2009,SBN,3476,16448,8806,154,28884,1,528,4949,69,5547,3477,16976,13755,223,34431,5624,180,5804,40235
2009,SBP,1161,8616,6989,149,16915,13,2659,35570,215,38457,1174,11275,42559,364,55372,30593,338,30931,86303
2009,SBY,0,6379,2818,293,9490,0,239,10251,1190,11680,0,6618,13069,1483,21170,11070,5448,16518,37688
2009,SCK,443,478,17898,708,19527,81,168,22816,1294,24359,524,646,40714,2002,43886,18031,960,18991,62877
2009,SDF,89304,42302,8676,2058,142340,1,404,2072,532,3009,89305,42706,10748,2590,145349,972,171,1143,146492
2009,SDL,9,7770,22730,166,30675,0,398,68203,112,68713,9,8168,90933,278,99388,67029,27,67056,166444
2009,SDM,20,1807,6718,171,8716,0,256,28512,654,29422,20,2063,35230,825,38138,50559,2898,53457,91595
2009,SEA,297616,17087,1378,55,316136,5,46,1668,18,1737,297621,17133,3046,73,317873,0,0,0,317873
2009,SEE,2,131,13531,5,13669,0,236,81716,7,81959,2,367,95247,12,95628,122315,1,122316,217944
2009,SFB,12054,1197,35589,77,48917,1537,17,51202,51,52807,13591,1214,86791,128,101724,114988,611,115599,217323
2009,SFF,0,1943,2606,41,4590,0,3661,24567,40,28268,0,5604,27173,81,32858,34397,25,34422,67280
2009,SFO,279856,83644,10627,555,374682,8,734,2403,2484,5629,279864,84378,13030,3039,380311,0,0,0,380311
2009,SGF,3426,23031,11603,2194,40254,8,458,7288,1287,9041,3434,23489,18891,3481,49295,7960,1708,9668,58963
2009,SGJ,3,1965,11217,931,14116,0,2430,37273,1283,40986,3,4395,48490,2214,55102,35705,2403,38108,93210
2009,SGR,166,2661,19446,138,22411,0,554,20758,77,21389,166,3215,40204,215,43800,25182,46,25228,69028
2009,SHV,5522,18040,14487,2088,40137,0,356,2323,138,2817,5522,18396,16810,2226,42954,4567,1212,5779,48733
2009,SIG,1,1,5167,121,5290,0,13701,42471,2344,58516,1,13702,47638,2465,63806,28215,488,28703,92509
2009,SJC,89647,27316,16004,49,133016,7,287,10554,308,11156,89654,27603,26558,357,144172,14300,17,14317,158489
2009,SJT,2993,2389,4817,11391,21590,2987,3421,17109,6398,29915,5980,5810,21926,17789,51505,22457,35442,57899,109404
2009,SJU,88813,21071,7541,1907,119332,0,34167,16951,408,51526,88813,55238,24492,2315,170858,108,28,136,170994
2009,SLC,175137,130594,20925,1852,328508,5,6255,37242,226,43728,175142,136849,58167,2078,372236,444,0,444,372680
2009,SLE,0,920,5910,412,7242,10,719,20212,960,21901,10,1639,26122,1372,29143,19706,491,20197,49340
2009,SLN,17,5614,6362,706,12699,0,9245,9484,1486,20215,17,14859,15846,2192,32914,30614,1703,32317,65231
2009,SMF,94932,16439,7020,845,119236,0,266,4832,68,5166,94932,16705,11852,913,124402,5174,1344,6518,130920
2009,SMO,0,6377,21067,29,27473,0,396,38933,106,39435,0,6773,60000,135,66908,45945,310,46255,113163
2009,SMX,350,5330,4984,124,10788,0,5739,21782,101,27622,350,11069,26766,225,38410,16842,194,17036,55446
2009,SNA,90673,13972,36309,41,140995,0,168,67469,41,67678,90673,14140,103778,82,208673,87234,0,87234,295907
2009,SNS,3,115,11612,33,11763,13,528,28417,135,29093,16,643,40029,168,40856,27183,133,27316,68172
2009,SPG,0,1110,3716,5,4831,0,2022,29821,468,32311,0,3132,33537,473,37142,41120,2293,43413,80555
2009,SPI,149,6366,7739,934,15188,0,1450,6459,245,8154,149,7816,14198,1179,23342,6243,456,6699,30041
2009,SQL,0,4,3754,0,3758,0,24,49401,27,49452,0,28,53155,27,53210,53055,36,53091,106301
2009,SRQ,13536,5080,20690,1000,40306,17,2481,31910,354,34762,13553,7561,52600,1354,75068,29537,882,30419,105487
2009,SSF,0,16,4726,3547,8289,0,112,43134,249,43495,0,128,47860,3796,51784,97191,4894,102085,153869
2009,STC,36,2346,3087,136,5605,0,485,12211,885,13581,36,2831,15298,1021,19186,13634,370,14004,33190
2009,STJ,2,149,4257,3192,7600,6,346,9382,3978,13712,8,495,13639,7170,21312,8250,5543,13793,35105
2009,STL,116936,81943,7563,1104,207546,2,121,1054,371,1548,116938,82064,8617,1475,209094,30,189,219,209313
2009,STP,1,6160,25037,568,31766,5,2212,20105,3417,25739,6,8372,45142,3985,57505,27216,6830,34046,91551
2009,STS,3021,2829,7052,107,13009,17,2517,42741,226,45501,3038,5346,49793,333,58510,30432,0,30432,88942
2009,STT,10419,6529,2899,325,20172,70,32793,17234,354,50451,10489,39322,20133,679,70623,5758,142,5900,76523
2009,STX,5039,3576,1565,728,10908,56,18554,12250,500,31360,5095,22130,13815,1228,42268,4430,1162,5592,47860
2009,SUA,0,3526,8980,38,12544,0,523,30246,103,30872,0,4049,39226,141,43416,16062,290,16352,59768
2009,SUN,703,9509,7193,21,17426,1,717,10207,78,11003,704,10226,17400,99,28429,1486,51,1537,29966
2009,SUS,78,7521,28857,597,37053,2,673,25964,245,26884,80,8194,54821,842,63937,27418,260,27678,91615
2009,SUX,54,3351,7375,2429,13209,3,156,5005,340,5504,57,3507,12380,2769,18713,2739,1030,3769,22482
2009,SWF,2829,7661,6681,2116,19287,10,2297,12091,1409,15807,2839,9958,18772,3525,35094,8769,1006,9775,44869
2009,SWO,76,384,3334,558,4352,0,701,18556,334,19591,76,1085,21890,892,23943,31118,1393,32511,56454
2009,SYR,19656,30892,8416,2325,61289,10,239,7908,436,8593,19666,31131,16324,2761,69882,11197,5537,16734,86616
2009,TCL,114,811,7267,6936,15128,0,228,9527,2406,12161,114,1039,16794,9342,27289,20861,2392,23253,50542
2009,TEB,69,48874,75628,263,124834,1,3506,17112,184,20803,70,52380,92740,447,145637,0,0,0,145637
2009,TIW,0,553,10924,109,11586,0,186,19590,343,20119,0,739,30514,452,31705,22098,95,22193,53898
2009,TIX,0,194,11510,71,11775,51,11,59017,113,59192,51,205,70527,184,70967,65905,42,65947,136914
2009,TKI,0,651,5890,15,6556,0,481,21741,26,22248,0,1132,27631,41,28804,56752,24,56776,85580
2009,TLH,3497,22514,16183,9694,51888,4,1365,12918,1855,16142,3501,23879,29101,11549,68030,15466,5611,21077,89107
2009,TMB,51,1627,25755,51,27484,1,531,87200,49,87781,52,2158,112955,100,115265,97472,1,97473,212738
2009,TOA,0,157,8841,220,9218,0,20,56720,273,57013,0,177,65561,493,66231,61255,363,61618,127849
2009,TOL,9538,7267,11331,2969,31105,3,3655,19952,775,24385,9541,10922,31283,3744,55490,6916,1770,8686,64176
2009,TOP,0,535,9906,186,10627,0,1087,25255,394,26736,0,1622,35161,580,37363,18538,349,18887,56250
2009,TPA,148692,21582,16898,395,187567,3,1412,10777,252,12444,148695,22994,27675,647,200011,610,0,610,200621
2009,TRI,813,13887,9799,396,24895,0,546,11469,216,12231,813,14433,21268,612,37126,15985,64,16049,53175
2009,TTD,4,180,1369,9,1562,0,1095,19495,226,20816,4,1275,20864,235,22378,46400,47,46447,68825
2009,TTN,10,2537,9929,271,12747,0,251,31529,824,32604,10,2788,41458,1095,45351,34591,269,34860,80211
2009,TUL,27648,29062,15041,8793,80544,2,925,9609,1100,11636,27650,29987,24650,9893,92180,12485,11915,24400,116580
2009,TUP,28,2966,4495,4241,11730,1,409,20131,1942,22483,29,3375,24626,6183,34213,18229,6513,24742,58955
2009,TUS,34709,17039,13628,10705,76081,36,5685,40187,6133,52041,34745,22724,53815,16838,128122,37615,12895,50510,178632
2009,TVC,8001,6989,9306,1328,25624,54,865,15628,2524,19071,8055,7854,24934,3852,44695,24769,4712,29481,74176
2009,TWF,188,6893,2485,421,9987,30,2225,10024,250,12529,218,9118,12509,671,22516,9670,1238,10908,33424
2009,TXK,0,2820,4402,1229,8451,0,1296,6305,925,8526,0,4116,10707,2154,16977,8052,3212,11264,28241
2009,TYR,297,7389,6737,91,14514,0,976,17976,180,19132,297,8365,24713,271,33646,18497,223,18720,52366
2009,TYS,10024,41194,21291,8932,81441,0,434,10211,947,11592,10024,41628,31502,9879,93033,6547,4862,11409,104442
2009,TZR,0,218,2781,8,3007,0,7,9973,30,10010,0,225,12754,38,13017,11553,32,11585,24602
2009,UES,0,1327,7519,39,8885,0,626,24991,113,25730,0,1953,32510,152,34615,24631,76,24707,59322
2009,UGN,11,3019,8560,165,11755,0,10,15504,421,15935,11,3029,24064,586,27690,22953,253,23206,50896
2009,VBG,0,4,22,685,711,64,814,189,555,1622,64,818,211,1240,2333,0,22,22,2355
2009,VCT,195,975,2242,4905,8317,1,205,6925,4225,11356,196,1180,9167,9130,19673,4891,20305,25196,44869
2009,VCV,1551,34,2409,826,4820,19,1074,14725,1869,17687,1570,1108,17134,2695,22507,11362,7076,18438,40945
2009,VGT,1,2141,10982,225,13349,3,7122,44818,475,52418,4,9263,55800,700,65767,74266,164,74430,140197
2009,VLD,0,540,1197,182,1919,0,26,1515,164,1705,0,566,2712,346,3624,2510,601,3111,6735
2009,VNY,0,8195,36797,93,45085,0,421,191413,119,191953,0,8616,228210,212,237038,114169,26,114195,351233
2009,VQQ,496,201,4303,3269,8269,59,76,6208,8820,15163,555,277,10511,12089,23432,15602,38185,53787,77219
2009,VRB,6,3123,21731,56,24916,0,4,52697,69,52770,6,3127,74428,125,77686,74193,269,74462,152148
2009,WDG,0,480,2008,5516,8004,0,30,6133,6109,12272,0,510,8141,11625,20276,7054,9434,16488,36764
2009,WHP,0,0,1349,3,1352,0,8446,29250,80,37776,0,8446,30599,83,39128,38474,80,38554,77682
2009,WJF,0,281,1922,180,2383,1,1600,30603,594,32798,1,1881,32525,774,35181,24997,326,25323,60504
2009,XFL,0,9,520,0,529,0,5,5737,4,5746,0,14,6257,4,6275,15184,130,15314,21589
2009,XNA,7595,24120,3695,4031,39441,0,15,818,271,1104,7595,24135,4513,4302,40545,256,3771,4027,44572
2009,YIP,1627,8392,12368,100,22487,32,594,14091,44,14761,1659,8986,26459,144,37248,28792,385,29177,66425
2009,YKM,2491,4298,5052,732,12573,0,1582,12859,408,14849,2491,5880,17911,1140,27422,19752,1177,20929,48351
2009,YNG,353,877,9170,6469,16869,0,183,5583,1216,6982,353,1060,14753,7685,23851,15591,14671,30262,54113
2010,ABE,5050,16354,14480,436,36320,1,644,16758,195,17598,5051,16998,31238,631,53918,41565,275,41840,95758
2010,ABI,394,8708,10615,7308,27025,3,1479,10440,545,12467,397,10187,21055,7853,39492,10398,10048,20446,59938
2010,ABQ,66095,23091,10701,6011,105898,0,10689,17226,10867,38782,66095,33780,27927,16878,144680,4398,7538,11936,156616
2010,ABY,112,3414,4071,1939,9536,5,83,7440,417,7945,117,3497,11511,2356,17481,6562,6239,12801,30282
2010,ACK,391,27948,9272,159,37770,0,69737,19387,374,89498,391,97685,28659,533,127268,213,142,355,127623
2010,ACT,2668,3150,6939,1129,13886,3,657,7385,323,8368,2671,3807,14324,1452,22254,4055,400,4455,26709
2010,ACY,12938,5066,10764,15071,43839,19,543,11908,7802,20272,12957,5609,22672,22873,64111,8387,32685,41072,105183
2010,ADM,0,5,1746,503,2254,28,4,8584,575,9191,28,9,10330,1078,11445,7631,2070,9701,21146
2010,ADQ,1398,3802,212,902,6314,32,15297,1841,2371,19541,1430,19099,2053,3273,25855,1436,7999,9435,35290
2010,ADS,172,8937,28516,98,37723,0,3011,49512,328,52851,172,11948,78028,426,90574,8183,11,8194,98768
2010,ADW,664,577,2319,23689,27249,3,44,1877,9274,11198,667,621,4196,32963,38447,21079,39157,60236,98683
2010,AEG,0,530,3571,190,4291,0,1744,23614,1051,26409,0,2274,27185,1241,30700,37339,1031,38370,69070
2010,AEX,2335,9334,3969,4879,20517,0,0,1,0,1,2335,9334,3970,4879,20518,11849,6365,18214,38732
2010,AFW,6345,3233,9458,7693,26729,5,1014,22849,1519,25387,6350,4247,32307,9212,52116,34168,8008,42176,94292
2010,AGC,1,6724,15963,112,22800,63,11490,15248,297,27098,64,18214,31211,409,49898,17759,64,17823,67721
2010,AGS,574,12491,8659,1191,22915,0,38,2734,390,3162,574,12529,11393,1581,26077,3306,1020,4326,30403
2010,AHN,26,2030,7088,522,9666,0,669,9952,447,11068,26,2699,17040,969,20734,14559,484,15043,35777
2010,AKN,848,6416,926,184,8374,20,13475,5981,70,19546,868,19891,6907,254,27920,686,289,975,28895
2010,ALB,24791,27950,7456,2054,62251,0,3035,9774,1595,14404,24791,30985,17230,3649,76655,11291,4480,15771,92426
2010,ALN,1,676,5214,204,6095,0,175,7888,218,8281,1,851,13102,422,14376,17504,1776,19280,33656
2010,ALO,30,2198,5337,297,7862,0,48,5242,902,6192,30,2246,10579,1199,14054,8546,682,9228,23282
2010,ALW,1022,677,1737,91,3527,2,122,8190,80,8394,1024,799,9927,171,11921,12492,2,12494,24415
2010,AMA,10078,8801,10633,17194,46706,18,555,7682,3217,11472,10096,9356,18315,20411,58178,6929,14478,21407,79585
2010,ANC,114343,57247,9199,2365,183154,109,17690,65616,2036,85451,114452,74937,74815,4401,268605,6173,0,6173,274778
2010,ANE,0,3669,10118,39,13826,0,1475,30679,139,32293,0,5144,40797,178,46119,33094,390,33484,79603
2010,APA,2,20019,39721,1360,61102,28,11259,79328,2016,92631,30,31278,119049,3376,153733,124264,5189,129453,283186
2010,APC,9,3270,8426,66,11771,0,111,25975,160,26246,9,3381,34401,226,38017,26782,30,26812,64829
2010,APF,0,7556,21977,69,29602,0,102,34891,38,35031,0,7658,56868,107,64633,17708,8,17716,82349
2010,ARA,83,1068,4196,2861,8208,92,12790,19985,3819,36686,175,13858,24181,6680,44894,79137,1929,81066,125960
2010,ARB,20,125,3642,16,3803,0,83,17460,17,17560,20,208,21102,33,21363,42629,7,42636,63999
2010,ARR,0,655,8710,148,9513,0,15,32592,88,32695,0,670,41302,236,42208,32624,186,32810,75018
2010,ASE,9698,7921,13157,49,30825,0,24,2848,38,2910,9698,7945,16005,87,33735,3837,31,3868,37603
2010,ASG,0,1304,3686,1,4991,0,1311,12227,25,13563,0,2615,15913,26,18554,10386,52,10438,28992
2010,ASH,0,139,6329,13,6481,0,184,28558,13,28755,0,323,34887,26,35236,38645,230,38875,74111
2010,ATL,719820,221678,5062,493,947053,6,472,2207,381,3066,719826,222150,7269,874,950119,0,0,0,950119
2010,ATW,2967,13247,5775,105,22094,3,188,9403,33,9627,2970,13435,15178,138,31721,5345,128,5473,37194
2010,AUS,93035,17246,29943,3114,143338,2,705,25679,3004,29390,93037,17951,55622,6118,172728,3380,806,4186,176914
2010,AVL,1160,19494,15883,2432,38969,0,111,12960,839,13910,1160,19605,28843,3271,52879,12909,1552,14461,67340
2010,AVP,805,12777,5566,254,19402,0,1970,19893,207,22070,805,14747,25459,461,41472,15913,62,15975,57447
2010,AZO,389,10131,8367,65,18952,1,92,11466,56,11615,390,10223,19833,121,30567,20775,86,20861,51428
2010,BAF,6,601,4824,1681,7112,3,22,24959,2658,27642,9,623,29783,4339,34754,24339,2891,27230,61984
2010,BAK,13,160,3600,236,4009,9,0,17715,682,18406,22,160,21315,918,22415,10485,418,10903,33318
2010,BAZ,2,40,623,29,694,0,55,4242,23,4320,2,95,4865,52,5014,5255,326,5581,10595
2010,BBG,1856,1641,2200,46,5743,0,44,1478,89,1611,1856,1685,3678,135,7354,107,0,107,7461
2010,BCT,0,5469,13882,37,19388,0,240,20352,10,20602,0,5709,34234,47,39990,14091,30,14121,54111
2010,BDL,53459,26671,9304,1700,91134,3,396,5509,1003,6911,53462,27067,14813,2703,98045,5047,424,5471,103516
2010,BDR,0,1901,6171,286,8358,0,201,28362,155,28718,0,2102,34533,441,37076,36420,195,36615,73691
2010,BED,316,13215,30804,755,45090,115,8750,54515,1093,64473,431,21965,85319,1848,109563,65708,561,66269,175832
2010,BET,2998,9452,350,149,12949,522,76201,5334,293,82350,3520,85653,5684,442,95299,2780,108,2888,98187
2010,BFI,10369,31326,27384,619,69698,89,35838,79879,1050,116856,10458,67164,107263,1669,186554,72080,762,72842,259396
2010,BFL,1794,8186,20319,279,30578,3,1651,34792,259,36705,1797,9837,55111,538,67283,55523,23,55546,122829
2010,BFM,2477,2307,6635,8675,20094,25,4511,11287,6004,21827,2502,6818,17922,14679,41921,12712,25944,38656,80577
2010,BGM,0,8200,3404,448,12052,0,58,3716,103,3877,0,8258,7120,551,15929,2912,403,3315,19244
2010,BGR,4693,11192,7779,9484,33148,11,287,5117,1961,7376,4704,11479,12896,11445,40524,4841,3939,8780,49304
2010,BHM,29474,32354,30333,3936,96097,1,1289,10830,1145,13265,29475,33643,41163,5081,109362,389,164,553,109915
2010,BIL,10203,23054,9706,191,43154,15,1721,15669,163,17568,10218,24775,25375,354,60722,17359,24,17383,78105
2010,BIS,2120,9738,8332,808,20998,1,123,8971,1499,10594,2121,9861,17303,2307,31592,13175,886,14061,45653
2010,BJC,9,3599,16870,269,20747,0,167,39552,355,40074,9,3766,56422,624,60821,58441,1101,59542,120363
2010,BKL,109,6705,10337,199,17350,0,7414,11372,206,18992,109,14119,21709,405,36342,17511,134,17645,53987
2010,BLI,7218,2468,5496,288,15470,77,9912,23081,724,33794,7295,12380,28577,1012,49264,13296,336,13632,62896
2010,BMG,34,809,5087,49,5979,0,9,10009,98,10116,34,818,15096,147,16095,9619,34,9653,25748
2010,BMI,4634,5494,4822,115,15065,0,1,7729,81,7811,4634,5495,12551,196,22876,5308,200,5508,28384
2010,BNA,85262,55547,22434,2500,165743,0,2188,5012,1240,8440,85262,57735,27446,3740,174183,50,2,52,174235
2010,BOI,37460,13520,14432,3569,68981,7,2302,22663,4950,29922,37467,15822,37095,8519,98903,20368,2690,23058,121961
2010,BOS,179469,149580,12832,225,342106,24,20005,6080,636,26745,179493,169585,18912,861,368851,0,0,0,368851
2010,BPT,38,3364,8423,297,12122,1,1493,6227,343,8064,39,4857,14650,640,20186,4124,65,4189,24375
2010,BQN,9431,643,1850,736,12660,205,22,18364,4207,22798,9636,665,20214,4943,35458,18907,11930,30837,66295
2010,BRO,350,5832,7141,3786,17109,14,57,6063,368,6502,364,5889,13204,4154,23611,3462,9710,13172,36783
2010,BTL,27,571,9512,833,10943,0,14,27013,318,27345,27,585,36525,1151,38288,47246,757,48003,86291
2010,BTR,995,22964,18253,462,42674,9,387,13926,373,14695,1004,23351,32179,835,57369,7592,70,7662,65031
2010,BTV,11257,18089,7486,1780,38612,0,192,10978,886,12056,11257,18281,18464,2666,50668,17642,2110,19752,70420
2010,BUF,46982,33175,9939,351,90447,0,1649,6720,230,8599,46982,34824,16659,581,99046,30081,1716,31797,130843
2010,BUR,50549,20641,14076,87,85353,2,1700,10956,123,12781,50551,22341,25032,210,98134,13395,27,13422,111556
2010,BVY,2,728,3422,20,4172,0,25,24727,187,24939,2,753,28149,207,29111,31646,68,31714,60825
2010,BWI,211054,41855,15067,597,268573,49,207,3620,176,4052,211103,42062,18687,773,272625,3832,0,3832,276457
2010,BZN,7467,10555,4815,81,22918,5,160,22555,81,22801,7472,10715,27370,162,45719,26724,10,26734,72453
2010,CAE,4522,33977,10320,1413,50232,0,230,5611,249,6090,4522,34207,15931,1662,56322,2886,498,3384,59706
2010,CAK,20174,8770,24171,873,53988,0,546,9272,1255,11073,20174,9316,33443,2128,65061,14842,625,15467,80528
2010,CCR,0,892,7248,74,8214,0,1548,32571,167,34286,0,2440,39819,241,42500,35900,365,36265,78765
2010,CDW,9,1322,6116,43,7490,21,271,44087,1097,45476,30,1593,50203,1140,52966,24789,88,24877,77843
2010,CGF,0,2851,7746,0,10597,0,136,14083,2,14221,0,2987,21829,2,24818,18337,0,18337,43155
2010,CHA,1318,17040,16846,4652,39856,3,359,7689,807,8858,1321,17399,24535,5459,48714,3718,2521,6239,54953
2010,CHD,13,95,1640,1,1749,0,1946,55482,46,57474,13,2041,57122,47,59223,106197,377,106574,165797
2010,CHO,35,19325,15968,1301,36629,0,138,25157,731,26026,35,19463,41125,2032,62655,17351,2968,20319,82974
2010,CHS,19856,27764,18045,17309,82974,1,192,7577,1054,8824,19857,27956,25622,18363,91798,1978,8206,10184,101982
2010,CIC,70,3263,1541,195,5069,370,6597,17111,331,24409,440,9860,18652,526,29478,13040,1082,14122,43600
2010,CID,5677,21088,9508,154,36427,0,24,8223,98,8345,5677,21112,17731,252,44772,5708,10,5718,50490
2010,CKB,87,2330,3970,3522,9909,2,81,4078,542,4703,89,2411,8048,4064,14612,9113,13232,22345,36957
2010,CLE,54563,130153,8214,253,193183,1,197,514,110,822,54564,130350,8728,363,194005,0,0,0,194005
2010,CLL,509,5909,5918,5140,17476,0,12,16887,2031,18930,509,5921,22805,7171,36406,12660,3058,15718,52124
2010,CLT,331113,170502,18024,1562,521201,3,1334,6390,179,7906,331116,171836,24414,1741,529107,0,0,0,529107
2010,CMA,0,2326,14251,27,16604,2,1456,53296,13,54767,2,3782,67547,40,71371,75448,44,75492,146863
2010,CMH,50053,58817,18643,455,127968,0,700,6942,476,8118,50053,59517,25585,931,136086,0,0,0,136086
2010,CMI,61,13294,4292,245,17892,0,10595,4071,158,14824,61,23889,8363,403,32716,43936,118,44054,76770
2010,CNO,0,284,25565,84,25933,0,8,38256,84,38348,0,292,63821,168,64281,115081,325,115406,179687
2010,CNW,1,27,3177,3746,6951,2,103,7268,389,7762,3,130,10445,4135,14713,12128,8782,20910,35623
2010,COS,19101,16471,11893,10484,57949,15,1362,19538,7057,27972,19116,17833,31431,17541,85921,27693,26433,54126,140047
2010,COU,87,2680,5150,224,8141,0,55,8515,460,9030,87,2735,13665,684,17171,6700,1779,8479,25650
2010,CPR,1173,10244,5221,309,16947,0,352,8806,93,9251,1173,10596,14027,402,26198,8606,246,8852,35050
2010,CPS,1,6562,9425,112,16100,0,10584,34394,123,45101,1,17146,43819,235,61201,50373,46,50419,111620
2010,CRE,0,860,7972,683,9515,0,2717,18371,634,21722,0,3577,26343,1317,31237,17297,68,17365,48602
2010,CRG,7,2368,18459,55,20889,3,172,41338,9357,50870,10,2540,59797,9412,71759,38279,160,38439,110198
2010,CRP,3307,14986,8895,20188,47376,154,2252,9742,4941,17089,3461,17238,18637,25129,64465,4067,32944,37011,101476
2010,CRQ,0,6223,29431,270,35924,0,1434,53171,267,54872,0,7657,82602,537,90796,40216,185,40401,131197
2010,CRW,306,22268,9508,2602,34684,9,4195,8336,705,13245,315,26463,17844,3307,47929,7035,2952,9987,57916
2010,CSG,93,2768,9069,244,12174,1,129,10750,320,11200,94,2897,19819,564,23374,12673,324,12997,36371
2010,CVG,67526,104814,3767,61,176168,1,393,984,64,1442,67527,105207,4751,125,177610,0,0,0,177610
2010,CWA,124,12077,1423,93,13717,0,138,2963,133,3234,124,12215,4386,226,16951,1712,491,2203,19154
2010,CWF,239,294,3282,13572,17387,0,217,2573,1218,4008,239,511,5855,14790,21395,3309,11445,14754,36149
2010,CXO,5,118,9470,160,9753,1,411,24228,1843,26483,6,529,33698,2003,36236,28318,1408,29726,65962
2010,CXY,0,217,6417,896,7530,0,40,9463,898,10401,0,257,15880,1794,17931,6045,3374,9419,27350
2010,CYS,138,5247,4345,2663,12393,3,175,2851,1042,4071,141,5422,7196,3705,16464,12125,15412,27537,44001
2010,DAB,4578,2212,36489,558,43837,0,159,149100,481,149740,4578,2371,185589,1039,193577,73538,48,73586,267163
2010,DAL,87186,24492,45653,668,157999,7,1260,8919,359,10545,87193,25752,54572,1027,168544,0,0,0,168544
2010,DAY,20082,30352,8482,574,59490,0,177,3889,86,4152,20082,30529,12371,660,63642,4173,400,4573,68215
2010,DBQ,18,2707,5338,68,8131,0,184,17726,90,18000,18,2891,23064,158,26131,23440,37,23477,49608
2010,DCA,179841,88166,2868,749,271624,28,18,1920,547,2513,179869,88184,4788,1296,274137,0,0,0,274137
2010,DEC,0,3941,2790,623,7354,3,1,10909,2397,13310,3,3942,13699,3020,20664,19562,5356,24918,45582
2010,DEN,468679,162344,3041,101,634165,296,302,680,15,1293,468975,162646,3721,116,635458,0,0,0,635458
2010,DET,9,1640,5403,34,7086,0,135,20239,54,20428,9,1775,25642,88,27514,38632,56,38688,66202
2010,DFW,470847,174801,4116,285,650049,199,566,1373,71,2209,471046,175367,5489,356,652258,0,0,0,652258
2010,DHN,2204,760,10064,16906,29934,31,47,9280,6755,16113,2235,807,19344,23661,46047,11450,24507,35957,82004
2010,DLH,1147,9334,8026,3733,22240,2,1232,12534,783,14551,1149,10566,20560,4516,36791,13029,3554,16583,53374
2010,DPA,18,8941,16725,76,25760,0,2713,29862,258,32833,18,11654,46587,334,58593,31223,173,31396,89989
2010,DSM,15699,30935,17001,2138,65773,8,507,8623,245,9383,15707,31442,25624,2383,75156,7171,1609,8780,83936
2010,DTN,1,109,7000,13,7123,0,308,17554,67,17929,1,417,24554,80,25052,28309,32,28341,53393
2010,DTO,0,522,5117,147,5786,0,163,44119,109,44391,0,685,49236,256,50177,91911,24,91935,142112
2010,DTW,195501,250006,6250,93,451850,5,139,599,23,766,195506,250145,6849,116,452616,0,0,0,452616
2010,DVT,0,514,8440,3,8957,0,2459,127211,386,130056,0,2973,135651,389,139013,229732,2,229734,368747
2010,DWH,1,2490,15257,1319,19067,0,1603,75907,920,78430,1,4093,91164,2239,97497,103512,594,104106,201603
2010,DXR,3,477,2381,6,2867,0,2872,34303,144,37319,3,3349,36684,150,40186,37107,101,37208,77394
2010,EAU,37,2185,7904,191,10317,0,1829,9975,417,12221,37,4014,17879,608,22538,5519,240,5759,28297
2010,ECP,4313,5416,4962,1216,15907,32,151,4468,403,5054,4345,5567,9430,1619,20961,3549,2155,5704,26665
2010,EGE,4446,6600,10310,148,21504,12,131,4695,3992,8830,4458,6731,15005,4140,30334,3173,1309,4482,34816
2010,ELM,383,9098,6266,158,15905,0,147,3502,251,3900,383,9245,9768,409,19805,11681,427,12108,31913
2010,ELP,41219,16550,10106,4349,72224,11,3186,15376,2508,21081,41230,19736,25482,6857,93305,4672,1936,6608,99913
2010,EMT,0,414,3516,0,3930,0,551,32695,113,33359,0,965,36211,113,37289,44883,131,45014,82303
2010,ENA,231,8563,409,110,9313,631,14181,5901,196,20909,862,22744,6310,306,30222,6716,3359,10075,40297
2010,ENW,13,2082,5330,26,7451,0,210,21092,40,21342,13,2292,26422,66,28793,23448,170,23618,52411
2010,ERI,58,8765,4546,307,13676,0,54,4436,113,4603,58,8819,8982,420,18279,11663,341,12004,30283
2010,ESN,0,961,4279,114,5354,0,374,15117,326,15817,0,1335,19396,440,21171,21099,605,21704,42875
2010,EUG,7433,11086,6823,1803,27145,14,581,17467,254,18316,7447,11667,24290,2057,45461,23012,1091,24103,69564
2010,EVB,59,56,5235,0,5350,0,6,41318,2,41326,59,62,46553,2,46676,87409,1,87410,134086
2010,EVV,59,12666,7686,1065,21476,2,273,7851,177,8303,61,12939,15537,1242,29779,24717,1694,26411,56190
2010,EWB,0,1946,4980,128,7054,0,5620,23157,154,28931,0,7566,28137,282,35985,30535,398,30933,66918
2010,EWN,1230,7174,3343,314,12061,1,14,11628,256,11899,1231,7188,14971,570,23960,12814,826,13640,37600
2010,EWR,266404,132336,5019,172,403931,66,152,4422,250,4890,266470,132488,9441,422,408821,0,0,0,408821
2010,EYW,7314,11384,11534,105,30337,3,954,19235,262,20454,7317,12338,30769,367,50791,6348,114,6462,57253
2010,FAI,10770,14718,5848,1416,32752,178,22495,32577,819,56069,10948,37213,38425,2235,88821,32674,486,33160,121981
2010,FAR,9241,11065,11770,2580,34656,61,2645,10589,1275,14570,9302,13710,22359,3855,49226,23609,2654,26263,75489
2010,FAT,9635,22871,10027,3608,46141,159,3148,35246,2241,40794,9794,26019,45273,5849,86935,28285,3844,32129,119064
2010,FAY,2500,10532,6700,2772,22504,2,421,8499,1145,10067,2502,10953,15199,3917,32571,14677,5803,20480,53051
2010,FCM,23,1187,16512,50,17772,0,1551,36234,219,38004,23,2738,52746,269,55776,38811,397,39208,94984
2010,FFZ,0,354,3316,8,3678,9,2464,99232,2195,103900,9,2818,102548,2203,107578,106950,93,107043,214621
2010,FLG,500,5295,2273,189,8257,2,2510,14934,574,18020,502,7805,17207,763,26277,5551,290,5841,32118
2010,FLL,187067,32161,29384,437,249049,64,7439,15543,198,23244,187131,39600,44927,635,272293,0,0,0,272293
2010,FLO,4,4935,5102,1386,11427,0,195,5046,463,5704,4,5130,10148,1849,17131,2224,738,2962,20093
2010,FMN,2,7653,2023,192,9870,0,2807,11536,228,14571,2,10460,13559,420,24441,10433,438,10871,35312
2010,FMY,11,1334,11060,69,12474,2,41,32105,41,32189,13,1375,43165,110,44663,33543,70,33613,78276
2010,FNT,7540,11923,7468,71,27002,1,210,8513,17,8741,7541,12133,15981,88,35743,10887,0,10887,46630
2010,FOE,225,382,1943,6659,9209,0,94,3895,2869,6858,225,476,5838,9528,16067,897,8584,9481,25548
2010,FOK,4,2327,5841,796,8968,0,38,17896,1633,19567,4,2365,23737,2429,28535,25438,9352,34790,63325
2010,FPR,0,886,19676,109,20671,0,454,48359,139,48952,0,1340,68035,248,69623,67805,5,67810,137433
2010,FRG,246,13789,21469,219,35723,0,816,86421,318,87555,246,14605,107890,537,123278,68930,8,68938,192216
2010,FSD,6363,27691,11996,2719,48769,0,1018,6077,229,7324,6363,28709,18073,2948,56093,4171,2366,6537,62630
2010,FSM,1455,5396,7674,7151,21676,0,283,6986,1468,8737,1455,5679,14660,8619,30413,7972,6281,14253,44666
2010,FTG,0,33,2689,19,2741,0,8,23068,193,23269,0,41,25757,212,26010,32422,1001,33423,59433
2010,FTW,48,5079,21178,474,26779,0,1450,25565,250,27265,48,6529,46743,724,54044,24213,242,24455,78499
2010,FTY,0,4318,21415,493,26226,4,134,14028,31,14197,4,4452,35443,524,40423,26729,30,26759,67182
2010,FUL,0,0,4245,1,4246,0,0,42945,0,42945,0,0,47190,1,47191,16978,58,17036,64227
2010,FWA,2886,14520,10227,749,28382,18,1420,5397,196,7031,2904,15940,15624,945,35413,4387,931,5318,40731
2010,FWS,0,332,2873,2,3207,0,30,21525,256,21811,0,362,24398,258,25018,32688,118,32806,57824
2010,FXE,25,11035,36801,99,47960,20,1800,79721,51,81592,45,12835,116522,150,129552,20147,6,20153,149705
2010,FYV,71,681,4659,103,5514,0,46,11913,253,12212,71,727,16572,356,17726,11882,267,12149,29875
2010,GCK,65,4950,3301,456,8772,1,149,5333,311,5794,66,5099,8634,767,14566,1539,608,2147,16713
2010,GCN,25,1963,760,201,2949,0,90239,2699,310,93248,25,92202,3459,511,96197,654,240,894,97091
2010,GEG,38972,12849,6285,1097,59203,4,719,7836,137,8696,38976,13568,14121,1234,67899,10837,384,11221,79120
2010,GEU,0,285,1828,24,2137,0,1387,26578,33,27998,0,1672,28406,57,30135,52058,5,52063,82198
2010,GFK,2396,33544,5065,221,41226,195,61499,9822,311,71827,2591,95043,14887,532,113053,228415,281,228696,341749
2010,GGG,409,1635,12160,2566,16770,2,214,15363,240,15819,411,1849,27523,2806,32589,47988,4338,52326,84915
2010,GJT,1547,14916,6487,1643,24593,0,282,15926,453,16661,1547,15198,22413,2096,41254,10469,1983,12452,53706
2010,GKY,0,593,6264,12,6869,2,5,36183,39,36229,2,598,42447,51,43098,28746,52,28798,71896
2010,GLH,717,473,1424,1348,3962,0,4,4954,257,5215,717,477,6378,1605,9177,5040,13492,18532,27709
2010,GLS,0,1262,1819,136,3217,0,14001,7460,116,21577,0,15263,9279,252,24794,6812,46,6858,31652
2010,GMU,44,8291,4340,214,12889,9,6990,19354,1264,27617,53,15281,23694,1478,40506,14742,40,14782,55288
2010,GNV,446,8905,12699,3649,25699,4,258,25322,1252,26836,450,9163,38021,4901,52535,16500,4398,20898,73433
2010,GON,2,1137,5131,598,6868,0,260,17305,2128,19693,2,1397,22436,2726,26561,10459,1217,11676,38237
2010,GPI,3534,5245,4309,181,13269,0,218,7000,169,7387,3534,5463,11309,350,20656,8872,432,9304,29960
2010,GPM,7,47,903,6,963,0,11,22990,380,23381,7,58,23893,386,24344,44965,10,44975,69319
2010,GPT,4773,13982,7009,13470,39234,17,933,4192,2069,7211,4790,14915,11201,15539,46445,9817,24989,34806,81251
2010,GRB,6851,15155,11004,1083,34093,14,79,13917,218,14228,6865,15234,24921,1301,48321,33763,2131,35894,84215
2010,GRI,383,3592,2998,253,7226,0,116,4322,1344,5782,383,3708,7320,1597,13008,3128,1132,4260,17268
2010,GRR,18172,28167,18423,796,65558,3,542,9975,68,10588,18175,28709,28398,864,76146,10112,815,10927,87073
2010,GSN,4948,5372,98,137,10555,0,26900,7671,267,34838,4948,32272,7769,404,45393,204,217,421,45814
2010,GSO,14470,35944,17782,893,69089,3,68,11116,277,11464,14473,36012,28898,1170,80553,9062,406,9468,90021
2010,GSP,5254,29111,6116,612,41093,0,90,3124,337,3551,5254,29201,9240,949,44644,687,363,1050,45694
2010,GTF,4943,10025,4727,2915,22610,3,407,8102,441,8953,4946,10432,12829,3356,31563,10332,1515,11847,43410
2010,GTR,12,2797,2582,5246,10637,0,161,6224,1531,7916,12,2958,8806,6777,18553,2742,4050,6792,25345
2010,GTU,6,270,6105,110,6491,0,664,27444,130,28238,6,934,33549,240,34729,25066,301,25367,60096
2010,GUM,21065,5803,1397,280,28545,0,486,14004,44,14534,21065,6289,15401,324,43079,22000,210,22210,65289
2010,GYH,0,1931,1284,1016,4231,0,5027,7362,1329,13718,0,6958,8646,2345,17949,9025,1368,10393,28342
2010,GYR,65,103,726,21,915,26,158,57192,4865,62241,91,261,57918,4886,63156,81591,1306,82897,146053
2010,GYY,404,846,7831,259,9340,4,270,8405,1227,9906,408,1116,16236,1486,19246,11366,2928,14294,33540
2010,HEF,72,3080,16368,345,19865,1,3533,24164,243,27941,73,6613,40532,588,47806,44472,116,44588,92394
2010,HFD,17,2500,3141,21,5679,0,1721,31422,30,33173,17,4221,34563,51,38852,32124,54,32178,71030
2010,HGR,120,2688,4186,965,7959,2,1610,16884,3598,22094,122,4298,21070,4563,30053,12266,2528,14794,44847
2010,HHR,1,637,3346,11,3995,2,301,31804,158,32265,3,938,35150,169,36260,21345,25,21370,57630
2010,HIO,0,5349,16762,64,22175,0,389,46857,112,47358,0,5738,63619,176,69533,149579,1101,150680,220213
2010,HKS,0,777,6508,672,7957,2,389,7428,1552,9371,2,1166,13936,2224,17328,13711,3416,17127,34455
2010,HKY,320,662,5281,73,6336,0,308,14428,310,15046,320,970,19709,383,21382,11426,77,11503,32885
2010,HLG,0,942,1073,581,2596,4,375,12944,2431,15754,4,1317,14017,3012,18350,15710,11715,27425,45775
2010,HLN,2336,5085,2928,674,11023,18,392,12750,3643,16803,2354,5477,15678,4317,27826,13550,3588,17138,44964
2010,HND,0,1600,10506,22,12128,0,9983,32865,211,43059,0,11583,43371,233,55187,23622,32,23654,78841
2010,HNL,144426,38762,10772,12109,206069,0,19336,36132,2240,57708,144426,58098,46904,14349,263777,1176,116,1292,265069
2010,HOB,4,445,1250,57,1756,0,1745,8556,223,10524,4,2190,9806,280,12280,3991,366,4357,16637
2010,HOU,99337,23626,46814,258,170035,7,11842,18290,1582,31721,99344,35468,65104,1840,201756,340,0,340,202096
2010,HPN,16922,44957,44192,90,106161,0,3462,59802,87,63351,16922,48419,103994,177,169512,18478,31,18509,188021
2010,HRL,10260,3593,3418,5628,22899,0,111,7327,242,7680,10260,3704,10745,5870,30579,6690,8617,15307,45886
2010,HSA,3,45,2029,2977,5054,0,0,7917,2082,9999,3,45,9946,5059,15053,5336,8131,13467,28520
2010,HSV,10984,20920,8447,9592,49943,282,530,7564,2581,10957,11266,21450,16011,12173,60900,6297,14647,20944,81844
2010,HTS,1636,4931,3614,204,10385,0,446,2815,164,3425,1636,5377,6429,368,13810,2939,292,3231,17041
2010,HUF,25,321,7309,437,8092,1,569,16218,174,16962,26,890,23527,611,25054,32368,362,32730,57784
2010,HUM,1,3663,5739,110,9513,232,53338,13400,524,67494,233,57001,19139,634,77007,6481,2,6483,83490
2010,HUT,0,409,3401,1225,5035,2,1474,8565,219,10260,2,1883,11966,1444,15295,20406,1846,22252,37547
2010,HVN,1,3178,4080,103,7362,0,22,13751,162,13935,1,3200,17831,265,21297,14053,116,14169,35466
2010,HWD,0,1086,5989,15,7090,0,548,35243,28,35819,0,1634,41232,43,42909,41970,17,41987,84896
2010,HWO,4,9,2968,3,2984,0,83,44912,46,45041,4,92,47880,49,48025,72029,268,72297,120322
2010,HXD,0,9299,12494,156,21949,0,124,13541,178,13843,0,9423,26035,334,35792,2120,566,2686,38478
2010,HYA,0,16478,6092,34,22604,0,61487,14210,75,75772,0,77965,20302,109,98376,5553,84,5637,104013
2010,IAD,182708,140328,45602,546,369184,227,60,2243,87,2617,182935,140388,47845,633,371801,0,0,0,371801
2010,IAG,650,1927,4021,3086,9684,3,68,8096,2954,11121,653,1995,12117,6040,20805,9834,3090,12924,33729
2010,IAH,252560,266622,10140,161,529483,461,490,1456,93,2500,253021,267112,11596,254,531983,0,0,0,531983
2010,ICT,15605,25865,36863,11854,90187,438,1841,12882,268,15429,16043,27706,49745,12122,105616,25276,16490,41766,147382
2010,IDA,1080,6688,2651,172,10591,2,1642,12169,105,13918,1082,8330,14820,277,24509,13588,8,13596,38105
2010,IFP,1564,181,628,35,2408,44,2378,10691,231,13344,1608,2559,11319,266,15752,5223,56,5279,21031
2010,ILG,41,3640,13587,1512,18780,3,237,17291,1327,18858,44,3877,30878,2839,37638,22667,6032,28699,66337
2010,ILM,6519,13725,16903,3288,40435,12,1053,8548,800,10413,6531,14778,25451,4088,50848,4550,1601,6151,56999
2010,IND,97816,49596,15174,1092,163678,0,238,2417,157,2812,97816,49834,17591,1249,166490,0,0,0,166490
2010,INT,54,1554,9363,60,11031,1,834,16858,321,18014,55,2388,26221,381,29045,10809,292,11101,40146
2010,IPT,74,2948,2624,57,5703,0,1169,10540,284,11993,74,4117,13164,341,17696,3922,76,3998,21694
2010,ISM,18,1743,20485,51,22297,0,30,50874,14,50918,18,1773,71359,65,73215,51095,0,51095,124310
2010,ISO,255,600,3334,4056,8245,0,17,5393,518,5928,255,617,8727,4574,14173,6393,5788,12181,26354
2010,ISP,16532,4532,15918,383,37365,3,217,41616,1187,43023,16535,4749,57534,1570,80388,70695,1150,71845,152233
2010,ITH,12,9744,3705,26,13487,0,568,7912,58,8538,12,10312,11617,84,22025,23496,29,23525,45550
2010,ITO,13924,6342,673,2203,23142,131,32774,5331,1409,39645,14055,39116,6004,3612,62787,10934,7134,18068,80855
2010,IWA,6685,2558,4457,2187,15887,36,5263,57893,1694,64886,6721,7821,62350,3881,80773,94138,2963,97101,177874
2010,IXD,0,2517,7805,309,10631,0,26,12559,1577,14162,0,2543,20364,1886,24793,15619,1080,16699,41492
2010,JAC,6559,4858,6279,55,17751,35,695,5440,41,6211,6594,5553,11719,96,23962,1627,18,1645,25607
2010,JAN,8060,21001,7409,7497,43967,1,234,1913,369,2517,8061,21235,9322,7866,46484,1372,19658,21030,67514
2010,JAX,53060,23103,9672,3715,89550,1,105,2704,672,3482,53061,23208,12376,4387,93032,923,2603,3526,96558
2010,JEF,0,447,5378,284,6109,0,292,8938,1367,10597,0,739,14316,1651,16706,7590,904,8494,25200
2010,JFK,328483,67491,3670,221,399865,223,288,3710,88,4309,328706,67779,7380,309,404174,0,0,0,404174
2010,JLN,29,2212,3220,76,5537,0,235,6839,82,7156,29,2447,10059,158,12693,9337,22,9359,22052
2010,JNU,7788,1425,821,95,10129,148,65205,10526,440,76319,7936,66630,11347,535,86448,5366,295,5661,92109
2010,JQF,578,3287,12683,49,16597,11,1241,22448,190,23890,589,4528,35131,239,40487,19927,112,20039,60526
2010,JRF,18,51,1215,1295,2579,19,70,11951,2616,14656,37,121,13166,3911,17235,76759,18636,95395,112630
2010,JVL,87,2507,2934,134,5662,4,431,22828,170,23433,91,2938,25762,304,29095,20034,1054,21088,50183
2010,JXN,109,112,4837,19,5077,103,308,19673,93,20177,212,420,24510,112,25254,21542,114,21656,46910
2010,KOA,24917,5271,2300,2962,35450,6,10512,16330,1029,27877,24923,15783,18630,3991,63327,53757,8379,62136,125463
2010,LAF,22,413,6991,51,7477,1,76,25380,59,25516,23,489,32371,110,32993,62662,35,62697,95690
2010,LAL,18,813,9494,1350,11675,0,106,35015,563,35684,18,919,44509,1913,47359,18336,2143,20479,67838
2010,LAN,927,14012,8986,520,24445,9,188,8708,182,9087,936,14200,17694,702,33532,8896,38,8934,42466
2010,LAS,338781,28072,35863,1116,403832,10,93261,7803,698,101772,338791,121333,43666,1814,505604,0,0,0,505604
2010,LAW,227,3505,2131,18711,24574,0,0,3739,399,4138,227,3505,5870,19110,28712,848,1014,1862,30574
2010,LAX,455061,97680,16535,552,569828,279,43,3515,2160,5997,455340,97723,20050,2712,575825,10,0,10,575835
2010,LBB,10963,17686,12300,5906,46855,26,2964,13460,547,16997,10989,20650,25760,6453,63852,10526,3980,14506,78358
2010,LBE,163,3857,3413,392,7825,21,285,10072,456,10834,184,4142,13485,848,18659,9154,764,9918,28577
2010,LCH,24,6384,4041,2460,12909,2,8319,7087,226,15634,26,14703,11128,2686,28543,12051,2013,14064,42607
2010,LEB,0,4308,3717,57,8082,0,4088,10805,99,14992,0,8396,14522,156,23074,15597,182,15779,38853
2010,LEE,0,205,6192,19,6416,0,622,22763,81,23466,0,827,28955,100,29882,23062,20,23082,52964
2010,LEX,2488,29825,16267,633,49213,2,514,14282,308,15106,2490,30339,30549,941,64319,5059,210,5269,69588
2010,LFT,582,14560,12215,468,27825,5,15561,11205,98,26869,587,30121,23420,566,54694,9172,447,9619,64313
2010,LGA,218843,141114,4663,230,364850,3,121,2293,79,2496,218846,141235,6956,309,367346,0,0,0,367346
2010,LGB,28988,5377,28205,476,63046,173,3813,98317,506,102809,29161,9190,126522,982,165855,137617,57,137674,303529
2010,LIH,24776,3650,1021,1956,31403,106,47004,6360,503,53973,24882,50654,7381,2459,85376,28755,2176,30931,116307
2010,LIT,19869,29746,26540,7136,83291,0,1712,15246,1128,18086,19869,31458,41786,8264,101377,3072,10558,13630,115007
2010,LMT,7,4682,1895,5071,11655,17,1189,6721,2397,10324,24,5871,8616,7468,21979,6034,6816,12850,34829
2010,LNK,370,9966,12783,8667,31786,5,1524,11228,1424,14181,375,11490,24011,10091,45967,12936,4265,17201,63168
2010,LNS,10,4275,9404,1326,15015,0,186,34430,667,35283,10,4461,43834,1993,50298,32268,3840,36108,86406
2010,LOU,0,487,8971,212,9670,3,3514,27166,427,31110,3,4001,36137,639,40780,31458,163,31621,72401
2010,LRD,4157,10718,8825,2871,26571,2,47,10720,1483,12252,4159,10765,19545,4354,38823,5504,15753,21257,60080
2010,LSE,249,7953,3551,278,12031,0,212,6560,474,7246,249,8165,10111,752,19277,5588,872,6460,25737
2010,LUK,49,9210,23370,235,32864,18,3321,18223,205,21767,67,12531,41593,440,54631,10624,40,10664,65295
2010,LVK,4,723,7857,51,8635,0,14,42471,54,42539,4,737,50328,105,51174,75289,14,75303,126477
2010,LWB,1271,3683,6253,279,11486,2,458,6240,1075,7775,1273,4141,12493,1354,19261,2715,899,3614,22875
2010,LWM,5,219,4139,10,4373,0,12,24236,74,24322,5,231,28375,84,28695,28007,18,28025,56720
2010,LWS,2494,2906,1643,57,7100,3,1332,14151,184,15670,2497,4238,15794,241,22770,11224,148,11372,34142
2010,LYH,6,5560,7337,444,13347,0,342,35479,750,36571,6,5902,42816,1194,49918,33404,552,33956,83874
2010,LZU,10,3369,10482,128,13989,122,539,32194,38,32893,132,3908,42676,166,46882,24101,4,24105,70987
2010,MAF,8194,14102,14055,9632,45983,2,833,8235,955,10025,8196,14935,22290,10587,56008,2792,11766,14558,70566
2010,MBS,917,9739,5525,195,16376,10,120,3481,54,3665,927,9859,9006,249,20041,7957,164,8121,28162
2010,MCI,106719,32295,3594,764,143372,1,220,2008,56,2285,106720,32515,5602,820,145657,34,0,34,145691
2010,MCN,222,3173,6576,603,10574,8,226,4542,520,5296,230,3399,11118,1123,15870,1841,217,2058,17928
2010,MCO,283243,13621,13874,712,311450,41,74,3125,73,3313,283284,13695,16999,785,314763,0,0,0,314763
2010,MDH,6,876,930,5,1817,1,87,24391,23,24502,7,963,25321,28,26319,52635,402,53037,79356
2010,MDT,8912,30576,6433,4362,50283,0,157,1958,380,2495,8912,30733,8391,4742,52778,13391,17968,31359,84137
2010,MDW,176892,23021,31535,664,232112,5,1419,10233,1716,13373,176897,24440,41768,2380,245485,38,10,48,245533
2010,MEI,3,1405,5721,24328,31457,0,9,6803,8989,15801,3,1414,12524,33317,47258,8381,39497,47878,95136
2010,MEM,191317,124500,16600,1230,333647,3,337,1815,215,2370,191320,124837,18415,1445,336017,0,0,0,336017
2010,MER,25,69,4401,133,4628,0,277,12714,71,13062,25,346,17115,204,17690,23386,323,23709,41399
2010,MFD,22,523,5844,1199,7588,4,90,4827,379,5300,26,613,10671,1578,12888,4042,1392,5434,18322
2010,MFE,5661,4951,12697,4563,27872,0,143,20053,141,20337,5661,5094,32750,4704,48209,7637,1174,8811,57020
2010,MFR,5954,10867,4778,234,21833,0,1422,15264,154,16840,5954,12289,20042,388,38673,11271,104,11375,50048
2010,MGM,159,11566,10731,16028,38484,2,887,6858,2244,9991,161,12453,17589,18272,48475,6878,13917,20795,69270
2010,MGW,6,4468,5061,1136,10671,0,6609,8308,915,15832,6,11077,13369,2051,26503,16394,1258,17652,44155
2010,MHK,100,3042,2531,329,6002,0,106,5747,187,6040,100,3148,8278,516,12042,7515,232,7747,19789
2010,MHR,2295,4848,8334,2919,18396,2302,7007,22432,5240,36981,4597,11855,30766,8159,55377,7720,8483,16203,71580
2010,MHT,33201,19014,6230,603,59048,3,1753,5073,138,6967,33204,20767,11303,741,66015,2333,192,2525,68540
2010,MIA,306799,48291,13616,1345,370051,1267,542,4235,113,6157,308066,48833,17851,1458,376208,0,0,0,376208
2010,MIC,20,31,2916,2,2969,2,119,20506,50,20677,22,150,23422,52,23646,20418,165,20583,44229
2010,MIE,17,44,2858,47,2966,0,443,15066,361,15870,17,487,17924,408,18836,3537,147,3684,22520
2010,MKC,85,12632,19788,451,32956,2,3219,17557,470,21248,87,15851,37345,921,54204,16951,480,17431,71635
2010,MKE,83870,90622,11667,1446,187605,6,886,3325,154,4371,83876,91508,14992,1600,191976,84,24,108,192084
2010,MKG,9,2356,7253,114,9732,1,50,11971,332,12354,10,2406,19224,446,22086,21301,194,21495,43581
2010,MKK,0,11991,368,197,12556,0,19406,4242,467,24115,0,31397,4610,664,36671,1801,248,2049,38720
2010,MKL,4,738,4017,200,4959,0,845,6091,1323,8259,4,1583,10108,1523,13218,2310,1793,4103,17321
2010,MLB,3744,2409,24635,442,31230,10,1215,51639,92,52956,3754,3624,76274,534,84186,61932,126,62058,146244
2010,MLI,7589,14188,6741,222,28740,4,82,5862,74,6022,7593,14270,12603,296,34762,6445,105,6550,41312
2010,MLU,189,8586,8315,4568,21658,0,88,7764,380,8232,189,8674,16079,4948,29890,6564,3125,9689,39579
2010,MMU,8,10200,20054,45,30307,0,1389,48729,174,50292,8,11589,68783,219,80599,37987,184,38171,118770
2010,MOB,911,15468,7523,18906,42808,2,420,3666,8529,12617,913,15888,11189,27435,55425,13895,50629,64524,119949
2010,MOD,33,4339,5912,62,10346,0,5593,17709,79,23381,33,9932,23621,141,33727,10772,34,10806,44533
2010,MOT,3579,3613,2802,275,10269,0,1502,11543,289,13334,3579,5115,14345,564,23603,17197,5530,22727,46330
2010,MQY,99,868,11207,1892,14066,0,142,14867,2697,17706,99,1010,26074,4589,31772,16421,3784,20205,51977
2010,MRI,2,329,890,2,1223,0,14790,55644,60,70494,2,15119,56534,62,71717,74089,741,74830,146547
2010,MRY,1401,15958,14122,464,31945,0,579,15365,375,16319,1401,16537,29487,839,48264,6888,180,7068,55332
2010,MSN,9169,22729,14914,3712,50524,0,335,15644,1387,17366,9169,23064,30558,5099,67890,25382,3906,29288,97178
2010,MSO,4438,7973,3734,112,16257,5,2045,10446,96,12592,4443,10018,14180,208,28849,12562,232,12794,41643
2010,MSP,278100,140808,13015,2673,434596,2,50,769,166,987,278102,140858,13784,2839,435583,0,0,0,435583
2010,MSY,86820,8729,11472,937,107958,3,4565,6843,852,12263,86823,13294,18315,1789,120221,0,0,0,120221
2010,MTN,5,1166,7939,1415,10525,0,336,29532,1028,30896,5,1502,37471,2443,41421,21800,726,22526,63947
2010,MVY,2,9440,5634,79,15155,0,10436,13492,210,24138,2,19876,19126,289,39293,1610,153,1763,41056
2010,MWA,23,3993,726,66,4808,0,1590,4622,310,6522,23,5583,5348,376,11330,13847,238,14085,25415
2010,MWC,12,261,2993,4,3270,0,6,12142,80,12228,12,267,15135,84,15498,16812,126,16938,32436
2010,MWH,4590,1758,4402,9659,20409,658,341,8426,845,10270,5248,2099,12828,10504,30679,20401,5967,26368,57047
2010,MYF,1,1553,26380,129,28063,3,1470,81663,190,83326,4,3023,108043,319,111389,80291,188,80479,191868
2010,MYR,16174,6953,5959,3071,32157,1,58879,6443,737,66060,16175,65832,12402,3808,98217,3987,1234,5221,103438
2010,NEW,0,1923,16492,1163,19578,0,320,16270,970,17560,0,2243,32762,2133,37138,15370,846,16216,53354
2010,NQA,22,116,2108,2350,4596,3,97,3736,523,4359,25,213,5844,2873,8955,3180,11904,15084,24039
2010,OAK,112485,20708,19806,472,153471,8,2740,22852,1039,26639,112493,23448,42658,1511,180110,36591,2949,39540,219650
2010,OCF,19,293,5135,162,5609,0,8,14944,60,15012,19,301,20079,222,20621,10366,93,10459,31080
2010,OGD,15,231,1953,69,2268,2,146,23689,85,23922,17,377,25642,154,26190,47459,81,47540,73730
2010,OGG,39375,14089,2402,1843,57709,1,45171,8562,548,54282,39376,59260,10964,2391,111991,6298,447,6745,118736
2010,OJC,0,434,8089,101,8624,0,34,22461,50,22545,0,468,30550,151,31169,17528,26,17554,48723
2010,OKC,39208,21897,11577,17441,90123,4,364,4991,1443,6802,39212,22261,16568,18884,96925,1648,23912,25560,122485
2010,OLM,0,1203,5787,462,7452,2,759,20328,1042,22131,2,1962,26115,1504,29583,22257,883,23140,52723
2010,OLV,3,3763,3230,45,7041,2,1231,20691,378,22302,5,4994,23921,423,29343,28447,384,28831,58174
2010,OMA,44926,33095,17329,768,96118,2,2670,5861,124,8657,44928,35765,23190,892,104775,5770,576,6346,111121
2010,OMN,31,6,7468,6,7511,0,0,59335,3,59338,31,6,66803,9,66849,54955,20,54975,121824
2010,ONT,60900,16878,5339,136,83253,83,851,5948,43,6925,60983,17729,11287,179,90178,3833,19,3852,94030
2010,OPF,36,3505,24868,1646,30055,0,535,33484,3801,37820,36,4040,58352,5447,67875,28585,2248,30833,98708
2010,ORD,542883,331740,7018,157,881798,17,459,308,35,819,542900,332199,7326,192,882617,0,0,0,882617
2010,ORF,33881,31482,13182,351,78896,17,121,7796,227,8161,33898,31603,20978,578,87057,5571,682,6253,93310
2010,ORH,627,495,5140,159,6421,0,507,20490,148,21145,627,1002,25630,307,27566,16213,265,16478,44044
2010,ORL,0,4429,19683,266,24378,6,1603,37222,111,38942,6,6032,56905,377,63320,39802,34,39836,103156
2010,OSH,1,723,4772,52,5548,17,205,33730,230,34182,18,928,38502,282,39730,35701,364,36065,75795
2010,OSU,5,1983,9769,36,11793,0,496,30050,105,30651,5,2479,39819,141,42444,26954,18,26972,69416
2010,OTH,19,5140,2049,218,7426,0,1050,3168,2676,6894,19,6190,5217,2894,14320,2161,4280,6441,20761
2010,OUN,0,603,5504,194,6301,0,284,21707,499,22490,0,887,27211,693,28791,24805,256,25061,53852
2010,OWB,219,1692,2998,373,5282,0,624,17254,345,18223,219,2316,20252,718,23505,20360,1199,21559,45064
2010,OWD,0,859,4805,25,5689,0,348,28673,35,29056,0,1207,33478,60,34745,30229,102,30331,65076
2010,OXC,5,1638,5627,283,7553,0,1205,20381,788,22374,5,2843,26008,1071,29927,17102,417,17519,47446
2010,OXR,2,2220,10018,36,12276,3,2072,14493,52,16620,5,4292,24511,88,28896,26331,90,26421,55317
2010,PAE,3780,1430,14439,331,19980,136,889,38384,292,39701,3916,2319,52823,623,59681,50930,183,51113,110794
2010,PAH,34,2342,3164,171,5711,0,197,12306,582,13085,34,2539,15470,753,18796,8105,247,8352,27148
2010,PAO,0,103,5649,0,5752,0,1907,60170,11,62088,0,2010,65819,11,67840,93278,6,93284,161124
2010,PBI,52609,25404,36658,697,115368,1,1318,24306,268,25893,52610,26722,60964,965,141261,126,0,126,141387
2010,PDK,9,12366,55053,264,67692,4,1153,54237,182,55576,13,13519,109290,446,123268,37640,41,37681,160949
2010,PDT,31,3013,673,157,3874,3,683,5003,444,6133,34,3696,5676,601,10007,2038,949,2987,12994
2010,PDX,143859,42835,12977,3565,203236,14,11944,6423,226,18607,143873,54779,19400,3791,221843,1184,41,1225,223068
2010,PFN,250,4291,5738,1812,12091,1,199,6252,946,7398,251,4490,11990,2758,19489,10623,1711,12334,31823
2010,PHF,10097,9298,7252,5836,32483,0,158,18663,1540,20361,10097,9456,25915,7376,52844,33181,16378,49559,102403
2010,PHL,261309,174538,12391,186,448424,2,1460,9444,1449,12355,261311,175998,21835,1635,460779,0,0,0,460779
2010,PHX,363492,50836,14297,2111,430736,22,10551,6803,394,17770,363514,61387,21100,2505,448506,819,26,845,449351
2010,PIA,3020,12290,7046,1966,24322,25,1581,6222,1709,9537,3045,13871,13268,3675,33859,1841,1971,3812,37671
2010,PIE,6903,5326,20837,3932,36998,15,2721,31592,6885,41213,6918,8047,52429,10817,78211,40847,9594,50441,128652
2010,PIH,19,5294,1666,47,7026,67,2836,10926,220,14049,86,8130,12592,267,21075,16099,58,16157,37232
2010,PIT,77098,45753,12721,6917,142489,0,222,1124,271,1617,77098,45975,13845,7188,144106,8,449,457,144563
2010,PKB,8,3712,3512,1281,8513,0,713,10251,1864,12828,8,4425,13763,3145,21341,8170,5402,13572,34913
2010,PMD,92,123,5986,5518,11719,1,15,2651,631,3298,93,138,8637,6149,15017,1374,9311,10685,25702
2010,PMP,0,91,5502,0,5593,0,35,32428,2,32465,0,126,37930,2,38058,73115,0,73115,111173
2010,PNE,0,4017,11802,0,15819,0,0,34085,0,34085,0,4017,45887,0,49904,26475,122,26597,76501
2010,PNS,9982,20193,10085,13799,54059,0,736,17699,5926,24361,9982,20929,27784,19725,78420,41501,4548,46049,124469
2010,POC,0,84,7072,23,7179,0,255,35090,16,35361,0,339,42162,39,42540,71622,36,71658,114198
2010,POU,8,551,5464,111,6134,0,487,30396,217,31100,8,1038,35860,328,37234,35884,491,36375,73609
2010,PRC,420,1976,2421,119,4936,103,1308,64237,259,65907,523,3284,66658,378,70843,160793,32,160825,231668
2010,PSC,6075,7794,5967,644,20480,14,725,11459,289,12487,6089,8519,17426,933,32967,12923,1301,14224,47191
2010,PSP,11409,18522,7918,401,38250,1,1033,14627,838,16499,11410,19555,22545,1239,54749,9588,158,9746,64495
2010,PTK,1024,7597,26851,142,35614,233,620,34665,187,35705,1257,8217,61516,329,71319,48333,1,48334,119653
2010,PUB,318,4111,5675,1240,11344,6,1203,61261,891,63361,324,5314,66936,2131,74705,104880,2076,106956,181661
2010,PVD,40704,16525,8032,208,65469,0,1880,9198,114,11192,40704,18405,17230,322,76661,3604,26,3630,80291
2010,PVU,44,450,2279,50,2823,7,337,21513,157,22014,51,787,23792,207,24837,53527,360,53887,78724
2010,PWA,26,2011,14370,1428,17835,0,952,29116,465,30533,26,2963,43486,1893,48368,15424,1512,16936,65304
2010,PWK,0,12407,23317,50,35774,0,88,29397,105,29590,0,12495,52714,155,65364,23943,46,23989,89353
2010,PWM,18047,16559,8328,179,43113,28,401,10896,205,11530,18075,16960,19224,384,54643,5552,62,5614,60257
2010,RAL,0,75,5433,22,5530,0,19,25464,37,25520,0,94,30897,59,31050,25163,53,25216,56266
2010,RAP,2491,13132,5915,495,22033,27,593,8944,2351,11915,2518,13725,14859,2846,33948,8044,1089,9133,43081
2010,RBD,0,70,4957,134,5161,2,77,18218,103,18400,2,147,23175,237,23561,30480,210,30690,54251
2010,RDD,1760,6922,2813,209,11704,0,19926,16761,195,36882,1760,26848,19574,404,48586,37324,92,37416,86002
2010,RDG,45,4915,9766,657,15383,16,3157,15673,1162,20008,61,8072,25439,1819,35391,52234,4529,56763,92154
2010,RDM,4363,7878,2361,96,14698,420,1157,11728,112,13417,4783,9035,14089,208,28115,20285,285,20570,48685
2010,RDU,79969,62090,25527,1543,169129,0,295,14407,3141,17843,79969,62385,39934,4684,186972,44,40,84,187056
2010,RFD,10644,1644,9626,987,22901,5,782,11050,106,11943,10649,2426,20676,1093,34844,10212,1225,11437,46281
2010,RHV,0,69,2724,1,2794,165,266,39477,27,39935,165,335,42201,28,42729,66995,56,67051,109780
2010,RIC,26506,41963,15724,2877,87070,32,275,9029,2163,11499,26538,42238,24753,5040,98569,2046,3214,5260,103829
2010,RME,60,835,2027,660,3582,0,55,15963,500,16518,60,890,17990,1160,20100,25972,1718,27690,47790
2010,RNM,3,72,1315,7,1397,97,26,28063,267,28453,100,98,29378,274,29850,71395,691,72086,101936
2010,RNO,44857,9865,10245,1172,66139,45,1620,15364,925,17954,44902,11485,25609,2097,84093,7356,600,7956,92049
2010,RNT,411,209,3595,6,4221,0,1116,30677,143,31936,411,1325,34272,149,36157,44193,453,44646,80803
2010,ROA,1711,21313,7668,645,31337,41,281,7546,277,8145,1752,21594,15214,922,39482,3850,332,4182,43664
2010,ROC,23758,31621,9916,501,65796,6,731,8026,1407,10170,23764,32352,17942,1908,75966,27485,1314,28799,104765
2010,ROG,0,674,7703,24,8401,0,56,3605,2,3663,0,730,11308,26,12064,1624,8,1632,13696
2010,ROW,100,4444,3492,6920,14956,16,1961,5976,3322,11275,116,6405,9468,10242,26231,4774,20953,25727,51958
2010,RST,879,12012,10012,352,23255,1,164,6898,44,7107,880,12176,16910,396,30362,10070,474,10544,40906
2010,RSW,65136,8535,6578,606,80855,72,535,2000,130,2737,65208,9070,8578,736,83592,37,98,135,83727
2010,RVS,11,860,20467,33,21371,0,11,81600,38,81649,11,871,102067,71,103020,107795,0,107795,210815
2010,RYN,7,0,1191,10,1208,0,16,46586,802,47404,7,16,47777,812,48612,63106,3204,66310,114922
2010,RYY,0,1204,11250,178,12632,0,909,30155,578,31642,0,2113,41405,756,44274,20860,182,21042,65316
2010,SAC,7,2025,16686,74,18792,28,2755,49620,115,52518,35,4780,66306,189,71310,20210,60,20270,91580
2010,SAF,20,5295,6963,772,13050,0,1134,18947,1986,22067,20,6429,25910,2758,35117,36379,4150,40529,75646
2010,SAN,147507,29713,9466,485,187171,219,178,2146,423,2966,147726,29891,11612,908,190137,0,0,0,190137
2010,SAT,95367,15878,33723,3350,148318,268,3184,24237,1416,29105,95635,19062,57960,4766,177423,0,0,0,177423
2010,SAV,14223,23493,21325,5286,64327,2,546,15613,1487,17648,14225,24039,36938,6773,81975,15815,1589,17404,99379
2010,SAW,2,8672,1110,84,9868,0,1844,3539,95,5478,2,10516,4649,179,15346,5769,234,6003,21349
2010,SBA,4220,24255,17016,660,46151,0,710,26467,586,27763,4220,24965,43483,1246,73914,32692,224,32916,106830
2010,SBN,3813,15317,8072,62,27264,0,465,5018,51,5534,3813,15782,13090,113,32798,4244,58,4302,37100
2010,SBP,1072,9420,6704,150,17346,6,2249,32888,247,35390,1078,11669,39592,397,52736,30789,132,30921,83657
2010,SBY,2,5803,3084,280,9169,0,166,11129,1208,12503,2,5969,14213,1488,21672,10670,6335,17005,38677
2010,SCK,813,593,14897,880,17183,7,928,19225,1344,21504,820,1521,34122,2224,38687,9995,1039,11034,49721
2010,SDF,91663,44851,9574,2310,148398,68,387,2487,613,3555,91731,45238,12061,2923,151953,1137,90,1227,153180
2010,SDL,0,8189,23548,176,31913,0,4061,46219,189,50469,0,12250,69767,365,82382,51055,78,51133,133515
2010,SDM,0,1856,6935,442,9233,0,393,25838,672,26903,0,2249,32773,1114,36136,49875,3719,53594,89730
2010,SEA,292004,18523,1511,85,312123,12,39,1751,29,1831,292016,18562,3262,114,313954,0,0,0,313954
2010,SEE,0,142,12767,40,12949,0,228,71754,223,72205,0,370,84521,263,85154,133458,22,133480,218634
2010,SFB,8116,869,30136,296,39417,415,6,38920,53,39394,8531,875,69056,349,78811,110962,84,111046,189857
2010,SFF,3,1875,2836,10,4724,0,3290,24732,6,28028,3,5165,27568,16,32752,30570,100,30670,63422
2010,SFO,287951,83066,11343,549,382909,8,865,2243,2733,5849,287959,83931,13586,3282,388758,0,0,0,388758
2010,SGF,3473,20991,10911,2008,37383,1,369,6552,1290,8212,3474,21360,17463,3298,45595,5980,1237,7217,52812
2010,SGJ,0,1610,9591,925,12126,0,3604,40783,1260,45647,0,5214,50374,2185,57773,40676,1763,42439,100212
2010,SGR,0,3892,21047,66,25005,0,934,20654,23,21611,0,4826,41701,89,46616,23214,228,23442,70058
2010,SHV,6696,16994,11692,2285,37667,1,466,6097,390,6954,6697,17460,17789,2675,44621,3647,636,4283,48904
2010,SIG,0,41,4858,117,5016,0,15653,42333,2001,59987,0,15694,47191,2118,65003,36561,130,36691,101694
2010,SJC,84492,22377,17215,62,124146,2,280,9121,211,9614,84494,22657,26336,273,133760,4538,2,4540,138300
2010,SJT,3274,2179,4720,11260,21433,3283,3188,15778,6178,28427,6557,5367,20498,17438,49860,22503,34163,56666,106526
2010,SJU,85612,21949,8434,2061,118056,0,30382,14929,347,45658,85612,52331,23363,2408,163714,95,20,115,163829
2010,SLC,180922,115257,19328,1777,317284,6,7249,38559,246,46060,180928,122506,57887,2023,363344,2235,0,2235,365579
2010,SLE,3,895,5390,749,7037,0,664,17097,1602,19363,3,1559,22487,2351,26400,11589,1081,12670,39070
2010,SLN,38,4963,6450,689,12140,1,11341,6577,1659,19578,39,16304,13027,2348,31718,26953,1805,28758,60476
2010,SMF,90358,15852,5252,965,112427,1,519,4072,163,4755,90359,16371,9324,1128,117182,4632,1200,5832,123014
2010,SMO,0,6188,20174,21,26383,0,98,37514,234,37846,0,6286,57688,255,64229,40072,27,40099,104328
2010,SMX,351,5729,4776,114,10970,0,5848,17835,194,23877,351,11577,22611,308,34847,16230,140,16370,51217
2010,SNA,84815,9582,38400,55,132852,0,2,62137,26,62165,84815,9584,100537,81,195017,77508,0,77508,272525
2010,SNS,0,236,10698,70,11004,1,597,25224,88,25910,1,833,35922,158,36914,15599,154,15753,52667
2010,SPG,0,11,3656,6,3673,0,922,31669,499,33090,0,933,35325,505,36763,41983,2437,44420,81183
2010,SPI,231,5877,7454,1338,14900,31,1630,7284,484,9429,262,7507,14738,1822,24329,5960,567,6527,30856
2010,SQL,0,20,3469,0,3489,0,94,50874,29,50997,0,114,54343,29,54486,58349,42,58391,112877
2010,SRQ,13762,5231,22058,794,41845,3,1313,34154,406,35876,13765,6544,56212,1200,77721,23248,601,23849,101570
2010,SSF,0,34,6188,2858,9080,0,1,41340,202,41543,0,35,47528,3060,50623,70755,4668,75423,126046
2010,STC,27,235,2770,247,3279,1,296,14125,1885,16307,28,531,16895,2132,19586,17466,728,18194,37780
2010,STJ,5,121,4036,3036,7198,49,348,8513,2995,11905,54,469,12549,6031,19103,7826,7300,15126,34229
2010,STL,120769,53603,7916,1161,183449,1,843,1131,286,2261,120770,54446,9047,1447,185710,266,356,622,186332
2010,STP,7,6255,25136,651,32049,3,2505,18360,3967,24835,10,8760,43496,4618,56884,24744,7440,32184,89068
2010,STS,2951,3056,7147,97,13251,19,2370,34958,140,37487,2970,5426,42105,237,50738,22408,4,22412,73150
2010,STT,10245,7132,3338,377,21092,114,31248,15770,405,47537,10359,38380,19108,782,68629,4852,142,4994,73623
2010,STX,4736,3608,1955,797,11096,2,19722,11580,434,31738,4738,23330,13535,1231,42834,4363,1256,5619,48453
2010,SUA,0,3853,8827,14,12694,0,955,31062,115,32132,0,4808,39889,129,44826,18244,131,18375,63201
2010,SUN,948,8963,7004,42,16957,1,939,10634,72,11646,949,9902,17638,114,28603,1604,40,1644,30247
2010,SUS,106,9284,28668,768,38826,1,370,25899,303,26573,107,9654,54567,1071,65399,34993,243,35236,100635
2010,SUX,40,2500,6959,2590,12089,0,333,2955,79,3367,40,2833,9914,2669,15456,2381,1007,3388,18844
2010,SWF,3134,6848,6342,1789,18113,4,2454,13879,1342,17679,3138,9302,20221,3131,35792,9804,935,10739,46531
2010,SWO,66,280,3393,1046,4785,0,713,16898,458,18069,66,993,20291,1504,22854,29737,1699,31436,54290
2010,SYR,20122,29744,7989,771,58626,9,222,7935,208,8374,20131,29966,15924,979,67000,11274,1387,12661,79661
2010,TCL,164,1021,8131,8130,17446,0,181,11230,3897,15308,164,1202,19361,12027,32754,20014,2898,22912,55666
2010,TEB,78,52855,82208,229,135370,1,4484,18321,310,23116,79,57339,100529,539,158486,0,0,0,158486
2010,TIW,0,471,9738,352,10561,0,177,19338,480,19995,0,648,29076,832,30556,23244,160,23404,53960
2010,TIX,0,183,10086,73,10342,0,6,46752,27,46785,0,189,56838,100,57127,46416,54,46470,103597
2010,TKI,0,796,6448,9,7253,0,453,21074,45,21572,0,1249,27522,54,28825,52707,425,53132,81957
2010,TLH,4513,19285,14106,10033,47937,0,467,12515,2594,15576,4513,19752,26621,12627,63513,11774,4516,16290,79803
2010,TMB,29,1514,21109,27,22679,0,271,90876,36,91183,29,1785,111985,63,113862,75869,1,75870,189732
2010,TOA,1,213,8368,217,8799,0,42,48008,386,48436,1,255,56376,603,57235,48508,695,49203,106438
2010,TOL,9282,7082,11415,3070,30849,202,4074,19556,742,24574,9484,11156,30971,3812,55423,7664,2680,10344,65767
2010,TOP,0,414,9787,97,10298,0,557,22360,121,23038,0,971,32147,218,33336,15429,378,15807,49143
2010,TPA,145615,21457,15924,532,183528,2,1543,9656,135,11336,145617,23000,25580,667,194864,831,10,841,195705
2010,TRI,756,12328,9551,374,23009,0,615,11077,279,11971,756,12943,20628,653,34980,15841,4,15845,50825
2010,TTD,0,97,1452,1,1550,0,944,17919,143,19006,0,1041,19371,144,20556,32760,58,32818,53374
2010,TTN,14,2517,9651,251,12433,0,129,32759,1361,34249,14,2646,42410,1612,46682,37846,364,38210,84892
2010,TUL,29993,25871,15423,10100,81387,7,639,8589,600,9835,30000,26510,24012,10700,91222,8427,11817,20244,111466
2010,TUP,34,2043,4314,5984,12375,0,443,19883,1938,22264,34,2486,24197,7922,34639,21326,7752,29078,63717
2010,TUS,35429,16835,13290,10838,76392,7,6153,35163,6100,47423,35436,22988,48453,16938,123815,29044,12000,41044,164859
2010,TVC,8999,6974,9211,1268,26452,13,1073,17014,2706,20806,9012,8047,26225,3974,47258,28907,5117,34024,81282
2010,TWF,229,6756,2388,337,9710,2,1618,12618,263,14501,231,8374,15006,600,24211,11100,844,11944,36155
2010,TXK,321,2729,4441,1166,8657,15,1358,7391,827,9591,336,4087,11832,1993,18248,9145,3550,12695,30943
2010,TYR,1437,6621,6992,111,15161,10,268,18037,282,18597,1447,6889,25029,393,33758,15928,242,16170,49928
2010,TYS,9705,42330,22495,8769,83299,0,204,9842,1829,11875,9705,42534,32337,10598,95174,8018,5435,13453,108627
2010,TZR,0,111,2205,49,2365,0,3,9065,37,9105,0,114,11270,86,11470,10928,100,11028,22498
2010,UES,0,1491,7834,43,9368,1,638,24577,72,25288,1,2129,32411,115,34656,23541,32,23573,58229
2010,UGN,0,3210,9627,121,12958,0,7,15157,262,15426,0,3217,24784,383,28384,21995,235,22230,50614
2010,VBG,3,3,20,433,459,1,399,72,407,879,4,402,92,840,1338,0,0,0,1338
2010,VCT,27,1120,2390,5194,8731,0,211,6487,3241,9939,27,1331,8877,8435,18670,5882,23185,29067,47737
2010,VCV,1303,96,3095,1079,5573,20,1225,14458,2183,17886,1323,1321,17553,3262,23459,8815,9851,18666,42125
2010,VGT,0,2271,11362,220,13853,10,8302,42776,583,51671,10,10573,54138,803,65524,65351,251,65602,131126
2010,VNY,0,9076,38112,161,47349,0,0,166046,150,166196,0,9076,204158,311,213545,97710,56,97766,311311
2010,VQQ,514,187,4562,3227,8490,62,114,6005,9983,16164,576,301,10567,13210,24654,13884,43131,57015,81669
2010,VRB,89,2849,19556,76,22570,0,782,57569,35,58386,89,3631,77125,111,80956,79475,315,79790,160746
2010,WDG,1,451,2437,6001,8890,0,13,6346,6577,12936,1,464,8783,12578,21826,5226,10957,16183,38009
2010,WHP,0,0,1166,0,1166,0,0,39430,12,39442,0,0,40596,12,40608,42762,66,42828,83436
2010,WJF,0,890,1600,109,2599,4,2407,26432,522,29365,4,3297,28032,631,31964,26282,146,26428,58392
2010,XFL,10,26,2376,4,2416,2,7,43844,179,44032,12,33,46220,183,46448,124010,1308,125318,171766
2010,XNA,5427,26287,4301,3835,39850,2,18,808,478,1306,5429,26305,5109,4313,41156,261,3594,3855,45011
2010,YIP,3447,9835,12996,64,26342,33,447,13225,50,13755,3480,10282,26221,114,40097,27801,109,27910,68007
2010,YKM,2039,4115,4715,633,11502,1,1082,12870,453,14406,2040,5197,17585,1086,25908,18839,1158,19997,45905
2010,YNG,616,1138,8582,5161,15497,0,305,5201,882,6388,616,1443,13783,6043,21885,12402,10602,23004,44889
2011,ABE,4409,18742,14194,421,37766,19,709,16347,143,17218,4428,19451,30541,564,54984,39818,180,39998,94982
2011,ABI,315,8373,11188,6364,26240,15,2083,11151,2281,15530,330,10456,22339,8645,41770,7959,10191,18150,59920
2011,ABQ,65479,23994,10097,4760,104330,21,10305,16047,10774,37147,65500,34299,26144,15534,141477,5420,7243,12663,154140
2011,ABY,57,2521,3794,1687,8059,2,81,6999,440,7522,59,2602,10793,2127,15581,4625,5056,9681,25262
2011,ACK,526,26857,10572,236,38191,326,62190,19170,337,82023,852,89047,29742,573,120214,156,52,208,120422
2011,ACT,1943,3802,7681,1609,15035,0,601,9006,509,10116,1943,4403,16687,2118,25151,5181,996,6177,31328
2011,ACY,11578,5052,10027,12146,38803,58,611,10791,8313,19773,11636,5663,20818,20459,58576,7647,23855,31502,90078
2011,ADM,0,1,2343,403,2747,0,0,8745,267,9012,0,1,11088,670,11759,9412,1133,10545,22304
2011,ADQ,1419,3931,274,888,6512,117,16325,1956,2668,21066,1536,20256,2230,3556,27578,1078,7911,8989,36567
2011,ADS,112,7622,24808,144,32686,2,3129,48486,299,51916,114,10751,73294,443,84602,6518,6,6524,91126
2011,ADW,551,673,2180,22237,25641,2,31,2429,5972,8434,553,704,4609,28209,34075,15587,40069,55656,89731
2011,AEG,0,673,3441,241,4355,1,1579,23636,1226,26442,1,2252,27077,1467,30797,38218,935,39153,69950
2011,AEX,1917,8055,3731,5752,19455,0,0,1420,314,1734,1917,8055,5151,6066,21189,17306,7952,25258,46447
2011,AFW,7648,3267,10725,7962,29602,38,810,28033,1768,30649,7686,4077,38758,9730,60251,50232,8996,59228,119479
2011,AGC,4,6858,16949,159,23970,5,11106,12173,257,23541,9,17964,29122,416,47511,14659,154,14813,62324
2011,AGS,922,12768,7994,933,22617,0,59,2694,355,3108,922,12827,10688,1288,25725,2954,444,3398,29123
2011,AHN,63,1308,6589,607,8567,1,663,11466,313,12443,64,1971,18055,920,21010,14171,515,14686,35696
2011,AKN,865,5967,854,142,7828,51,13315,5569,49,18984,916,19282,6423,191,26812,794,406,1200,28012
2011,ALB,23300,29163,7720,1337,61520,1,3004,8207,1515,12727,23301,32167,15927,2852,74247,6355,1468,7823,82070
2011,ALN,1,738,4888,308,5935,0,199,7676,185,8060,1,937,12564,493,13995,16921,1596,18517,32512
2011,ALO,38,2050,4934,282,7304,3,75,5030,979,6087,41,2125,9964,1261,13391,6558,628,7186,20577
2011,ALW,1004,763,1667,25,3459,4,146,9956,64,10170,1008,909,11623,89,13629,15994,0,15994,29623
2011,AMA,8426,9710,9218,14438,41792,33,702,7148,2407,10290,8459,10412,16366,16845,52082,5929,12932,18861,70943
2011,ANC,108164,59617,9369,1840,178990,135,18782,68732,561,88210,108299,78399,78101,2401,267200,6047,56,6103,273303
2011,ANE,9,3143,10849,29,14030,5,1665,29668,201,31539,14,4808,40517,230,45569,28683,230,28913,74482
2011,APA,3,24145,37691,1407,63246,65,12046,88421,2075,102607,68,36191,126112,3482,165853,125025,3713,128738,294591
2011,APC,0,3440,7047,78,10565,8,3352,19138,84,22582,8,6792,26185,162,33147,22786,42,22828,55975
2011,APF,0,7869,22198,84,30151,0,266,34975,154,35395,0,8135,57173,238,65546,17617,0,17617,83163
2011,ARA,137,1823,3010,3035,8005,145,14281,14990,3938,33354,282,16104,18000,6973,41359,65140,1652,66792,108151
2011,ARB,9,176,3831,5,4021,0,96,17185,31,17312,9,272,21016,36,21333,35893,2,35895,57228
2011,ARR,0,776,8393,146,9315,0,10,32010,96,32116,0,786,40403,242,41431,33118,259,33377,74808
2011,ASE,9682,8635,13165,39,31521,0,29,2512,37,2578,9682,8664,15677,76,34099,3494,22,3516,37615
2011,ASG,0,1399,3868,29,5296,0,1210,11778,33,13021,0,2609,15646,62,18317,7969,0,7969,26286
2011,ASH,128,145,5924,6,6203,1,24,23835,5,23865,129,169,29759,11,30068,35760,8,35768,65836
2011,ATL,726446,189790,5078,158,921472,6,582,1714,217,2519,726452,190372,6792,375,923991,0,0,0,923991
2011,ATW,2009,12719,5761,40,20529,1,96,7496,23,7616,2010,12815,13257,63,28145,5752,22,5774,33919
2011,AUS,95210,17210,28058,2978,143456,10,681,25349,3354,29394,95220,17891,53407,6332,172850,3063,418,3481,176331
2011,AVL,3476,17015,14583,2050,37124,0,418,12581,598,13597,3476,17433,27164,2648,50721,10103,1192,11295,62016
2011,AVP,812,13784,5494,289,20379,1,2948,10952,226,14127,813,16732,16446,515,34506,18476,75,18551,53057
2011,AZO,494,10130,7158,105,17887,1,89,10240,60,10390,495,10219,17398,165,28277,17428,28,17456,45733
2011,BAF,3,709,4362,1517,6591,2,3,19189,1706,20900,5,712,23551,3223,27491,22200,2009,24209,51700
2011,BAK,22,467,4034,458,4981,0,95,20188,1252,21535,22,562,24222,1710,26516,8180,1820,10000,36516
2011,BAZ,0,93,2191,106,2390,0,495,12432,189,13116,0,588,14623,295,15506,13129,877,14006,29512
2011,BBG,2531,695,2220,15,5461,0,50,1556,27,1633,2531,745,3776,42,7094,82,0,82,7176
2011,BCT,0,5867,13807,53,19727,0,663,22091,46,22800,0,6530,35898,99,42527,14506,68,14574,57101
2011,BDL,55819,30535,9751,2045,98150,3,481,5279,1387,7150,55822,31016,15030,3432,105300,1453,198,1651,106951
2011,BDR,0,1523,6134,178,7835,0,143,24844,68,25055,0,1666,30978,246,32890,31591,152,31743,64633
2011,BED,274,14813,30756,616,46459,70,5923,49487,665,56145,344,20736,80243,1281,102604,60264,129,60393,162997
2011,BET,3224,6666,326,84,10300,92,79723,4269,240,84324,3316,86389,4595,324,94624,1938,11,1949,96573
2011,BFI,11650,28300,26987,655,67592,70,30925,74737,842,106574,11720,59225,101724,1497,174166,54010,551,54561,228727
2011,BFL,2840,7734,18113,380,29067,15,2029,32311,356,34711,2855,9763,50424,736,63778,53187,140,53327,117105
2011,BFM,2282,2033,5788,10550,20653,6,2428,7804,5825,16063,2288,4461,13592,16375,36716,5574,31044,36618,73334
2011,BGM,17,8104,3600,405,12126,0,62,4083,267,4412,17,8166,7683,672,16538,4447,587,5034,21572
2011,BGR,6339,9357,7871,7392,30959,3,478,5407,2078,7966,6342,9835,13278,9470,38925,6225,3750,9975,48900
2011,BHM,31566,25615,30334,3824,91339,0,1513,11002,1131,13646,31566,27128,41336,4955,104985,430,209,639,105624
2011,BIL,9145,24158,10163,202,43668,13,1830,16869,170,18882,9158,25988,27032,372,62550,20559,148,20707,83257
2011,BIS,1538,9688,8866,978,21070,0,346,10651,2134,13131,1538,10034,19517,3112,34201,12958,1776,14734,48935
2011,BJC,5,4450,16598,282,21335,0,151,38547,256,38954,5,4601,55145,538,60289,58583,481,59064,119353
2011,BKL,71,7263,6842,234,14410,0,7278,11757,192,19227,71,14541,18599,426,33637,20541,110,20651,54288
2011,BLI,8437,2472,5391,389,16689,34,9030,23049,473,32586,8471,11502,28440,862,49275,19702,457,20159,69434
2011,BMG,60,782,4639,48,5529,0,34,8908,127,9069,60,816,13547,175,14598,10616,96,10712,25310
2011,BMI,4948,5179,4512,147,14786,0,6,7834,90,7930,4948,5185,12346,237,22716,5115,224,5339,28055
2011,BNA,89208,51796,22877,2443,166324,0,1243,6020,1135,8398,89208,53039,28897,3578,174722,28,0,28,174750
2011,BOI,34442,14785,14347,3765,67339,33,2914,22809,5085,30841,34475,17699,37156,8850,98180,20532,3098,23630,121810
2011,BOS,204163,130076,12457,260,346956,7,21361,3951,422,25741,204170,151437,16408,682,372697,0,0,0,372697
2011,BPT,23,3292,7741,499,11555,6,936,6240,253,7435,29,4228,13981,752,18990,2951,12,2963,21953
2011,BQN,9615,672,1313,372,11972,217,34,12835,3486,16572,9832,706,14148,3858,28544,9333,11181,20514,49058
2011,BRO,480,5181,9281,4854,19796,11,6,7673,239,7929,491,5187,16954,5093,27725,3782,9793,13575,41300
2011,BTL,6,460,7305,1018,8789,0,26,21164,294,21484,6,486,28469,1312,30273,38675,710,39385,69658
2011,BTR,2363,21282,18701,511,42857,32,499,15578,308,16417,2395,21781,34279,819,59274,9113,103,9216,68490
2011,BTV,13035,15891,8305,2606,39837,1,239,10709,1102,12051,13036,16130,19014,3708,51888,23548,2182,25730,77618
2011,BUF,46113,33129,9802,448,89492,1,1402,5655,227,7285,46114,34531,15457,675,96777,31958,1517,33475,130252
2011,BUR,46926,19025,14295,123,80369,33,1742,21290,183,23248,46959,20767,35585,306,103617,19475,0,19475,123092
2011,BVY,6,812,3359,53,4230,0,41,22977,131,23149,6,853,26336,184,27379,32283,32,32315,59694
2011,BWI,218771,39648,13853,636,272908,23,98,2861,133,3115,218794,39746,16714,769,276023,180,0,180,276203
2011,BZN,7515,9504,5384,67,22470,4,215,21428,88,21735,7519,9719,26812,155,44205,29485,56,29541,73746
2011,CAE,5155,30722,10406,1437,47720,0,266,5547,260,6073,5155,30988,15953,1697,53793,2547,355,2902,56695
2011,CAK,12909,15921,13820,519,43169,0,403,7215,886,8504,12909,16324,21035,1405,51673,15768,996,16764,68437
2011,CCR,0,763,6567,66,7396,0,1828,31503,190,33521,0,2591,38070,256,40917,37165,84,37249,78166
2011,CDW,24,1437,5840,25,7326,23,307,43182,1038,44550,47,1744,49022,1063,51876,29770,121,29891,81767
2011,CGF,0,2928,7680,2,10610,0,52,10671,6,10729,0,2980,18351,8,21339,13297,6,13303,34642
2011,CHA,1193,16518,15890,4673,38274,16,135,6995,859,8005,1209,16653,22885,5532,46279,3926,3136,7062,53341
2011,CHD,6,126,1626,0,1758,0,2042,59265,68,61375,6,2168,60891,68,63133,98068,388,98456,161589
2011,CHO,17,18508,15267,1062,34854,0,390,22561,644,23595,17,18898,37828,1706,58449,20518,3102,23620,82069
2011,CHS,22621,29357,16745,13787,82510,0,406,7738,1513,9657,22621,29763,24483,15300,92167,3494,9358,12852,105019
2011,CIC,13,3211,1158,425,4807,122,6765,18503,1288,26678,135,9976,19661,1713,31485,15074,5242,20316,51801
2011,CID,4634,21876,9244,115,35869,0,51,8778,93,8922,4634,21927,18022,208,44791,7563,30,7593,52384
2011,CKB,83,2398,3915,3307,9703,0,113,3146,361,3620,83,2511,7061,3668,13323,6314,11466,17780,31103
2011,CLE,58514,120650,8044,190,187398,0,218,605,75,898,58514,120868,8649,265,188296,0,0,0,188296
2011,CLL,1176,5546,6206,6358,19286,0,6,16018,1719,17743,1176,5552,22224,8077,37029,10536,2764,13300,50329
2011,CLT,329679,183614,18408,1754,533455,1,508,5723,155,6387,329680,184122,24131,1909,539842,0,0,0,539842
2011,CMA,0,2477,13315,59,15851,0,1450,54397,12,55859,0,3927,67712,71,71710,61619,74,61693,133403
2011,CMH,56168,54348,18947,228,129691,0,416,5149,121,5686,56168,54764,24096,349,135377,0,0,0,135377
2011,CMI,82,11571,4539,285,16477,0,7823,3788,139,11750,82,19394,8327,424,28227,39249,96,39345,67572
2011,CNO,29,223,20964,43,21259,0,32,39097,65,39194,29,255,60061,108,60453,106344,236,106580,167033
2011,CNW,4,5,1838,3751,5598,0,55,8451,203,8709,4,60,10289,3954,14307,11259,7894,19153,33460
2011,COS,18806,15117,10727,8715,53365,25,959,17681,5109,23774,18831,16076,28408,13824,77139,27332,22283,49615,126754
2011,COU,62,3083,5147,382,8674,0,63,8028,293,8384,62,3146,13175,675,17058,6006,607,6613,23671
2011,CPR,1117,10233,5521,377,17248,1,395,9120,118,9634,1118,10628,14641,495,26882,11212,180,11392,38274
2011,CPS,7,5462,10049,178,15696,16,7739,33474,496,41725,23,13201,43523,674,57421,27720,101,27821,85242
2011,CRE,0,936,7308,655,8899,0,5742,18246,640,24628,0,6678,25554,1295,33527,15780,274,16054,49581
2011,CRG,0,2291,17556,104,19951,0,73,39655,8678,48406,0,2364,57211,8782,68357,46497,118,46615,114972
2011,CRP,3202,14007,8508,24692,50409,135,2813,9386,4402,16736,3337,16820,17894,29094,67145,2382,30983,33365,100510
2011,CRQ,28,7654,32254,332,40268,5,1603,57044,232,58884,33,9257,89298,564,99152,44293,225,44518,143670
2011,CRW,1118,20635,9018,2813,33584,3,2298,7614,772,10687,1121,22933,16632,3585,44271,9325,2895,12220,56491
2011,CSG,257,3356,7117,194,10924,1,125,8058,252,8436,258,3481,15175,446,19360,10070,118,10188,29548
2011,CVG,71417,85514,3903,72,160906,9,427,1003,77,1516,71426,85941,4906,149,162422,0,0,0,162422
2011,CWA,164,9609,1480,73,11326,0,158,2305,113,2576,164,9767,3785,186,13902,1423,48,1471,15373
2011,CWF,352,171,2411,12794,15728,8,232,2315,1186,3741,360,403,4726,13980,19469,2098,7381,9479,28948
2011,CXO,0,156,9896,177,10229,0,502,22568,1805,24875,0,658,32464,1982,35104,21204,774,21978,57082
2011,CXY,0,241,5706,973,6920,0,48,8438,1666,10152,0,289,14144,2639,17072,4536,8554,13090,30162
2011,CYS,124,5782,4075,3485,13466,24,204,2395,651,3274,148,5986,6470,4136,16740,11306,20568,31874,48614
2011,DAB,4821,1591,28007,491,34910,7,141,137874,315,138337,4828,1732,165881,806,173247,47723,0,47723,220970
2011,DAL,87056,28097,49357,695,165205,7,1254,12318,412,13991,87063,29351,61675,1107,179196,2,0,2,179198
2011,DAY,17229,30878,7666,391,56164,0,110,2993,289,3392,17229,30988,10659,680,59556,6751,34,6785,66341
2011,DBQ,24,2766,5309,78,8177,0,57,16322,101,16480,24,2823,21631,179,24657,21996,153,22149,46806
2011,DCA,194841,83907,3365,505,282618,7,2,1872,113,1994,194848,83909,5237,618,284612,0,0,0,284612
2011,DEC,8,4003,3512,722,8245,1,0,10083,2676,12760,9,4003,13595,3398,21005,18767,6694,25461,46466
2011,DEN,451950,178471,2956,68,633445,275,273,672,19,1239,452225,178744,3628,87,634684,0,0,0,634684
2011,DET,0,1864,5533,30,7427,0,182,16943,37,17162,0,2046,22476,67,24589,33746,90,33836,58425
2011,DFW,467888,171969,4685,88,644630,24,660,1389,100,2173,467912,172629,6074,188,646803,0,0,0,646803
2011,DHN,2124,932,9503,18645,31204,11,217,9523,5425,15176,2135,1149,19026,24070,46380,14853,22913,37766,84146
2011,DLH,557,8831,7697,3458,20543,0,1102,12134,418,13654,557,9933,19831,3876,34197,18707,4622,23329,57526
2011,DPA,29,8466,16363,131,24989,0,1722,27312,239,29273,29,10188,43675,370,54262,29005,60,29065,83327
2011,DSM,15959,29750,16786,2322,64817,63,884,9532,318,10797,16022,30634,26318,2640,75614,6727,1562,8289,83903
2011,DTN,0,74,7524,36,7634,0,184,19284,144,19612,0,258,26808,180,27246,26111,40,26151,53397
2011,DTO,4,739,7786,89,8618,0,17,56594,41,56652,4,756,64380,130,65270,82735,26,82761,148031
2011,DTW,189491,246876,5784,103,442254,2,165,579,28,774,189493,247041,6363,131,443028,0,0,0,443028
2011,DVT,1,485,7808,26,8320,0,3347,116278,63,119688,1,3832,124086,89,128008,189276,159,189435,317443
2011,DWH,3,2832,16349,1787,20971,0,1894,70931,949,73774,3,4726,87280,2736,94745,84209,502,84711,179456
2011,DXR,2,604,2454,0,3060,0,2606,29925,38,32569,2,3210,32379,38,35629,31643,416,32059,67688
2011,EAU,42,1597,7343,118,9100,0,1369,8334,332,10035,42,2966,15677,450,19135,5507,232,5739,24874
2011,ECP,7282,8134,10423,3064,28903,0,363,9516,858,10737,7282,8497,19939,3922,39640,12222,4582,16804,56444
2011,EGE,4294,6662,10173,167,21296,1,52,4907,3813,8773,4295,6714,15080,3980,30069,2531,922,3453,33522
2011,ELM,2256,8204,6348,241,17049,0,136,2940,456,3532,2256,8340,9288,697,20581,7305,535,7840,28421
2011,ELP,40419,16325,8607,3916,69267,14,3577,15097,1017,19705,40433,19902,23704,4933,88972,4380,1160,5540,94512
2011,EMT,0,477,3153,4,3634,0,355,31843,15,32213,0,832,34996,19,35847,40936,3,40939,76786
2011,ENA,238,8547,378,132,9295,735,15670,6172,257,22834,973,24217,6550,389,32129,6565,3200,9765,41894
2011,ENW,0,1948,4972,15,6935,0,201,18745,26,18972,0,2149,23717,41,25907,21012,140,21152,47059
2011,ERI,50,8246,4374,233,12903,0,39,3977,105,4121,50,8285,8351,338,17024,9009,273,9282,26306
2011,ESN,0,877,4148,192,5217,0,204,14420,410,15034,0,1081,18568,602,20251,23850,1031,24881,45132
2011,EUG,6500,11233,6841,2815,27389,21,573,15270,505,16369,6521,11806,22111,3320,43758,19838,2336,22174,65932
2011,EVB,0,257,5534,1,5792,0,10,36359,18,36387,0,267,41893,19,42179,86844,22,86866,129045
2011,EVV,123,12066,6695,809,19693,2,734,6887,220,7843,125,12800,13582,1029,27536,17158,1046,18204,45740
2011,EWB,0,1903,4646,129,6678,0,5417,19684,266,25367,0,7320,24330,395,32045,22843,341,23184,55229
2011,EWN,371,7455,3149,268,11243,0,93,10563,248,10904,371,7548,13712,516,22147,8503,878,9381,31528
2011,EWR,288461,114350,5390,127,408328,20,157,8273,371,8821,288481,114507,13663,498,417149,0,0,0,417149
2011,EYW,7491,9677,10857,137,28162,133,1181,23089,322,24725,7624,10858,33946,459,52887,7420,64,7484,60371
2011,FAI,10761,15555,5759,1748,33823,126,22123,30846,824,53919,10887,37678,36605,2572,87742,33145,258,33403,121145
2011,FAR,4544,13871,13523,2388,34326,1,221,12708,1163,14093,4545,14092,26231,3551,48419,26502,2090,28592,77011
2011,FAT,9892,21080,10911,3593,45476,4,3038,40325,1975,45342,9896,24118,51236,5568,90818,32877,2975,35852,126670
2011,FAY,1317,12106,6177,2843,22443,28,301,7564,795,8688,1345,12407,13741,3638,31131,10871,5331,16202,47333
2011,FCM,3,2102,18591,31,20727,0,1255,40922,158,42335,3,3357,59513,189,63062,51210,302,51512,114574
2011,FFZ,2,437,2860,27,3326,3,2280,95369,2552,100204,5,2717,98229,2579,103530,116257,293,116550,220080
2011,FLG,27,6715,2201,183,9126,10,4402,18098,556,23066,37,11117,20299,739,32192,5359,404,5763,37955
2011,FLL,190940,28870,26532,353,246695,223,7028,13089,84,20424,191163,35898,39621,437,267119,0,0,0,267119
2011,FLO,0,4027,4745,1032,9804,0,105,3674,347,4126,0,4132,8419,1379,13930,2719,705,3424,17354
2011,FMN,42,8391,1791,107,10331,4,2866,13295,132,16297,46,11257,15086,239,26628,10319,552,10871,37499
2011,FMY,3,1252,11445,78,12778,4,37,32941,22,33004,7,1289,44386,100,45782,32056,87,32143,77925
2011,FNT,6764,11266,6802,207,25039,0,128,8306,17,8451,6764,11394,15108,224,33490,11320,16,11336,44826
2011,FOE,196,353,1788,6319,8656,0,91,2855,1767,4713,196,444,4643,8086,13369,1251,10187,11438,24807
2011,FOK,1,2762,6693,801,10257,0,49,13805,1490,15344,1,2811,20498,2291,25601,21569,8540,30109,55710
2011,FPR,0,716,21075,42,21833,0,625,45614,23,46262,0,1341,66689,65,68095,65458,10,65468,133563
2011,FRG,194,8920,14454,129,23697,0,511,83468,152,84131,194,9431,97922,281,107828,80369,22,80391,188219
2011,FSD,6815,28711,12856,2521,50903,0,851,6993,176,8020,6815,29562,19849,2697,58923,4952,2256,7208,66131
2011,FSM,1647,4121,7071,5860,18699,0,318,6820,1535,8673,1647,4439,13891,7395,27372,7706,5859,13565,40937
2011,FTG,1,47,2423,22,2493,0,17,22970,113,23100,1,64,25393,135,25593,25708,314,26022,51615
2011,FTW,40,6623,20600,415,27678,0,1041,22265,202,23508,40,7664,42865,617,51186,24601,132,24733,75919
2011,FTY,2,4252,19183,287,23724,0,46,12876,54,12976,2,4298,32059,341,36700,20981,50,21031,57731
2011,FUL,3,0,3937,1,3941,0,35,39140,1,39176,3,35,43077,2,43117,18592,1,18593,61710
2011,FWA,2704,14655,7731,1139,26229,0,1462,4645,983,7090,2704,16117,12376,2122,33319,4185,854,5039,38358
2011,FWS,0,104,2684,8,2796,0,43,20048,186,20277,0,147,22732,194,23073,32094,28,32122,55195
2011,FXE,12,11922,34818,121,46873,21,1377,78186,70,79654,33,13299,113004,191,126527,23662,8,23670,150197
2011,FYV,9,486,4214,638,5347,0,41,10927,230,11198,9,527,15141,868,16545,12890,758,13648,30193
2011,GCK,61,5385,3122,273,8841,16,168,4487,276,4947,77,5553,7609,549,13788,1341,574,1915,15703
2011,GCN,123,2017,717,282,3139,4,94685,2480,288,97457,127,96702,3197,570,100596,662,450,1112,101708
2011,GEG,36205,9684,6234,3224,55347,5,942,7942,198,9087,36210,10626,14176,3422,64434,8445,3217,11662,76096
2011,GEU,0,299,1606,9,1914,0,772,24760,40,25572,0,1071,26366,49,27486,59632,6,59638,87124
2011,GFK,2047,36599,6209,161,45016,0,60314,10493,275,71082,2047,96913,16702,436,116098,231156,218,231374,347472
2011,GGG,1124,930,11670,2004,15728,0,458,13894,523,14875,1124,1388,25564,2527,30603,37599,3618,41217,71820
2011,GJT,1266,15364,6012,1749,24391,1,193,14854,381,15429,1267,15557,20866,2130,39820,8516,1648,10164,49984
2011,GKY,0,551,6375,21,6947,18,5,36166,29,36218,18,556,42541,50,43165,31980,52,32032,75197
2011,GLH,1245,7,1440,1661,4353,2,1,5221,192,5416,1247,8,6661,1853,9769,2634,15932,18566,28335
2011,GLS,2,1539,1945,94,3580,7,10236,7561,83,17887,9,11775,9506,177,21467,5655,74,5729,27196
2011,GMU,0,7153,4415,44,11612,4,6539,20123,910,27576,4,13692,24538,954,39188,19179,82,19261,58449
2011,GNV,690,8777,12225,3915,25607,0,116,25626,1005,26747,690,8893,37851,4920,52354,14271,3676,17947,70301
2011,GON,0,1141,4785,506,6432,0,191,15301,1668,17160,0,1332,20086,2174,23592,11450,848,12298,35890
2011,GPI,3361,5220,4087,269,12937,2,164,6133,282,6581,3363,5384,10220,551,19518,6984,1046,8030,27548
2011,GPM,5,61,950,10,1026,0,3,21713,198,21914,5,64,22663,208,22940,40641,52,40693,63633
2011,GPT,3742,12149,7109,9917,32917,2,454,3758,1125,5339,3744,12603,10867,11042,38256,8189,15305,23494,61750
2011,GRB,3568,17314,11052,1231,33165,0,44,10148,121,10313,3568,17358,21200,1352,43478,23176,2092,25268,68746
2011,GRI,375,3116,3104,152,6747,0,187,4620,952,5759,375,3303,7724,1104,12506,2898,900,3798,16304
2011,GRR,16839,30112,17078,882,64911,5,552,10137,74,10768,16844,30664,27215,956,75679,10834,1032,11866,87545
2011,GSN,4567,4790,106,106,9569,100,31679,9620,205,41604,4667,36469,9726,311,51173,108,80,188,51361
2011,GSO,14767,33855,18290,744,67656,2,301,12631,175,13109,14769,34156,30921,919,80765,8774,304,9078,89843
2011,GSP,10049,28181,5981,602,44813,2,138,2806,458,3404,10051,28319,8787,1060,48217,830,297,1127,49344
2011,GTF,5005,10026,4643,3514,23188,5,412,7324,753,8494,5010,10438,11967,4267,31682,5510,872,6382,38064
2011,GTR,15,2366,2521,4463,9365,0,295,7590,1928,9813,15,2661,10111,6391,19178,4072,5270,9342,28520
2011,GTU,3,454,5613,156,6226,0,73,28579,180,28832,3,527,34192,336,35058,28579,156,28735,63793
2011,GUM,20552,5166,826,186,26730,0,513,15268,50,15831,20552,5679,16094,236,42561,22976,102,23078,65639
2011,GYH,0,1845,1306,952,4103,4,5216,6680,834,12734,4,7061,7986,1786,16837,9432,1138,10570,27407
2011,GYR,100,165,761,21,1047,47,148,52413,4207,56815,147,313,53174,4228,57862,79391,1353,80744,138606
2011,GYY,507,879,7272,205,8863,3,185,7740,954,8882,510,1064,15012,1159,17745,9226,1266,10492,28237
2011,HEF,90,2998,16922,62,20072,1,4434,22664,182,27281,91,7432,39586,244,47353,37465,79,37544,84897
2011,HFD,0,2040,3655,18,5713,0,1775,28099,30,29904,0,3815,31754,48,35617,27875,56,27931,63548
2011,HGR,46,2801,3989,927,7763,6,1773,17312,3783,22874,52,4574,21301,4710,30637,17313,2374,19687,50324
2011,HHR,1,396,2393,7,2797,0,893,36846,149,37888,1,1289,39239,156,40685,34366,0,34366,75051
2011,HIO,4,5690,15408,87,21189,0,545,54362,243,55150,4,6235,69770,330,76339,137822,82,137904,214243
2011,HKS,0,918,6103,360,7381,0,349,6869,786,8004,0,1267,12972,1146,15385,13846,2024,15870,31255
2011,HKY,6,656,4593,83,5338,2,1054,12293,322,13671,8,1710,16886,405,19009,12255,100,12355,31364
2011,HLG,0,998,1452,814,3264,0,582,14409,1350,16341,0,1580,15861,2164,19605,19100,2616,21716,41321
2011,HLN,1993,5238,3030,542,10803,51,538,12964,2849,16402,2044,5776,15994,3391,27205,13448,2692,16140,43345
2011,HND,0,2266,10233,26,12525,0,14312,37579,120,52011,0,16578,47812,146,64536,28144,14,28158,92694
2011,HNL,148734,34672,7855,11589,202850,92,22948,35791,2406,61237,148826,57620,43646,13995,264087,588,145,733,264820
2011,HOB,2,913,1046,46,2007,0,1031,5286,91,6408,2,1944,6332,137,8415,2011,326,2337,10752
2011,HOU,103779,24680,46835,254,175548,1,10820,10951,2516,24288,103780,35500,57786,2770,199836,26,58,84,199920
2011,HPN,16987,44529,43645,76,105237,1,3084,62282,87,65454,16988,47613,105927,163,170691,24037,4,24041,194732
2011,HRL,9669,3679,2737,3874,19959,1,428,8705,364,9498,9670,4107,11442,4238,29457,13006,10877,23883,53340
2011,HSA,1,80,1767,3157,5005,0,8,4098,1300,5406,1,88,5865,4457,10411,4231,7902,12133,22544
2011,HSV,11651,18742,7116,8626,46135,136,62,6227,3941,10366,11787,18804,13343,12567,56501,4462,13369,17831,74332
2011,HTS,1562,4889,3610,232,10293,0,380,2858,228,3466,1562,5269,6468,460,13759,2352,342,2694,16453
2011,HUF,20,298,6268,395,6981,6,485,11444,208,12143,26,783,17712,603,19124,21061,466,21527,40651
2011,HUM,0,5944,4577,69,10590,0,45655,11115,177,56947,0,51599,15692,246,67537,5027,27,5054,72591
2011,HUT,0,337,2639,1281,4257,0,1147,9506,201,10854,0,1484,12145,1482,15111,19624,1665,21289,36400
2011,HVN,9,3345,4442,117,7913,0,13,13172,112,13297,9,3358,17614,229,21210,16305,81,16386,37596
2011,HWD,15,1263,6193,17,7488,12,436,36548,474,37470,27,1699,42741,491,44958,44516,313,44829,89787
2011,HWO,7,10,2815,0,2832,0,447,47355,51,47853,7,457,50170,51,50685,85037,382,85419,136104
2011,HXD,0,7671,11353,142,19166,0,136,11844,308,12288,0,7807,23197,450,31454,1941,752,2693,34147
2011,HYA,0,16221,6066,33,22320,0,53043,13733,83,66859,0,69264,19799,116,89179,7050,85,7135,96314
2011,HYI,0,167,2227,59,2453,0,80,6022,52,6154,0,247,8249,111,8607,7256,59,7315,15922
2011,IAD,178361,135745,45096,406,359608,228,50,1766,45,2089,178589,135795,46862,451,361697,0,0,0,361697
2011,IAG,1397,1765,3396,2142,8700,3,38,6971,1919,8931,1400,1803,10367,4061,17631,7528,2812,10340,27971
2011,IAH,290518,225421,10564,148,526651,263,506,1502,75,2346,290781,225927,12066,223,528997,0,0,0,528997
2011,ICT,14320,24058,29869,14979,83226,233,2052,20574,493,23352,14553,26110,50443,15472,106578,26406,20336,46742,153320
2011,IDA,590,6966,2549,70,10175,0,2200,10938,105,13243,590,9166,13487,175,23418,14441,12,14453,37871
2011,IFP,1431,152,479,73,2135,28,1674,10601,327,12630,1459,1826,11080,400,14765,7979,253,8232,22997
2011,ILG,38,3367,12171,1317,16893,1,96,14989,837,15923,39,3463,27160,2154,32816,20145,4026,24171,56987
2011,ILM,4607,14967,15686,3078,38338,13,1023,8028,914,9978,4620,15990,23714,3992,48316,5868,1366,7234,55550
2011,IND,99530,41286,14814,1088,156718,4,291,2495,191,2981,99534,41577,17309,1279,159699,0,0,0,159699
2011,INT,73,1882,8785,99,10839,10,732,17743,362,18847,83,2614,26528,461,29686,12942,266,13208,42894
2011,IPT,56,3142,2785,70,6053,0,1113,8363,197,9673,56,4255,11148,267,15726,3340,98,3438,19164
2011,ISM,14,1723,19055,121,20913,2,217,47707,50,47976,16,1940,66762,171,68889,52057,16,52073,120962
2011,ISO,222,489,2925,3353,6989,1,26,4651,409,5087,223,515,7576,3762,12076,3008,4225,7233,19309
2011,ISP,15076,4591,13200,331,33198,0,161,37884,1031,39076,15076,4752,51084,1362,72274,61910,1081,62991,135265
2011,ITH,8,9238,3658,29,12933,2,358,6771,23,7154,10,9596,10429,52,20087,21169,12,21181,41268
2011,ITO,14214,5380,733,3052,23379,0,33084,4572,1453,39109,14214,38464,5305,4505,62488,10302,8873,19175,81663
2011,IWA,7764,2497,4608,1972,16841,18,6679,53163,1664,61524,7782,9176,57771,3636,78365,89826,3009,92835,171200
2011,IXD,0,2166,7240,299,9705,0,43,13694,481,14218,0,2209,20934,780,23923,19353,244,19597,43520
2011,JAC,6219,5013,6558,92,17882,23,700,5139,71,5933,6242,5713,11697,163,23815,1931,30,1961,25776
2011,JAN,9836,16072,7279,7097,40284,0,224,1693,373,2290,9836,16296,8972,7470,42574,947,15591,16538,59112
2011,JAX,57726,19497,9775,3813,90811,2,90,2584,707,3383,57728,19587,12359,4520,94194,1067,2691,3758,97952
2011,JEF,0,481,5074,536,6091,0,291,8061,1287,9639,0,772,13135,1823,15730,9065,1264,10329,26059
2011,JFK,346940,58817,3651,228,409636,50,169,3673,73,3965,346990,58986,7324,301,413601,0,0,0,413601
2011,JLN,1135,1398,3438,91,6062,10,506,7403,140,8059,1145,1904,10841,231,14121,10270,104,10374,24495
2011,JNU,8192,1748,919,157,11016,131,66640,10589,312,77672,8323,68388,11508,469,88688,5305,484,5789,94477
2011,JQF,250,1174,13040,45,14509,9,1903,23369,129,25410,259,3077,36409,174,39919,22941,28,22969,62888
2011,JRF,1,7,868,1672,2548,3,49,14672,4235,18959,4,56,15540,5907,21507,79685,21933,101618,123125
2011,JVL,55,2474,2716,48,5293,0,452,20955,84,21491,55,2926,23671,132,26784,24170,550,24720,51504
2011,JXN,108,156,4388,104,4756,65,409,20114,119,20707,173,565,24502,223,25463,21064,84,21148,46611
2011,KOA,24248,4415,2518,4216,35397,163,14882,14593,1363,31001,24411,19297,17111,5579,66398,35721,12373,48094,114492
2011,LAF,30,445,7478,66,8019,0,75,23241,47,23363,30,520,30719,113,31382,61551,42,61593,92975
2011,LAL,453,845,8493,1294,11085,0,113,31564,369,32046,453,958,40057,1663,43131,19360,1669,21029,64160
2011,LAN,2533,13754,7418,648,24353,8,324,6792,189,7313,2541,14078,14210,837,31666,6437,184,6621,38287
2011,LAS,349637,33029,37786,1064,421516,2,101526,7886,608,110022,349639,134555,45672,1672,531538,0,0,0,531538
2011,LAW,207,2591,1488,15965,20251,0,8,3367,640,4015,207,2599,4855,16605,24266,1094,789,1883,26149
2011,LAX,472873,109857,16389,490,599609,409,28,1966,1900,4303,473282,109885,18355,2390,603912,0,0,0,603912
2011,LBB,9653,18536,10445,5000,43634,0,4284,13654,514,18452,9653,22820,24099,5514,62086,8194,2581,10775,72861
2011,LBE,716,3630,3374,344,8064,14,266,7754,431,8465,730,3896,11128,775,16529,7651,715,8366,24895
2011,LCH,45,6363,5844,2170,14422,0,1172,19492,111,20775,45,7535,25336,2281,35197,14323,2678,17001,52198
2011,LEB,0,4619,3405,86,8110,0,3542,9981,156,13679,0,8161,13386,242,21789,12417,182,12599,34388
2011,LEE,4,293,5263,39,5599,0,403,23422,92,23917,4,696,28685,131,29516,24557,46,24603,54119
2011,LEX,2695,28241,16210,797,47943,30,353,13092,394,13869,2725,28594,29302,1191,61812,5381,170,5551,67363
2011,LFT,823,14532,11811,445,27611,1,18246,10617,163,29027,824,32778,22428,608,56638,9793,978,10771,67409
2011,LGA,243917,120131,4484,237,368769,8,84,1739,90,1921,243925,120215,6223,327,370690,0,0,0,370690
2011,LGB,29010,4770,28245,533,62558,10,3049,83416,222,86697,29020,7819,111661,755,149255,146625,22,146647,295902
2011,LIH,25446,2910,962,2620,31938,60,52764,5585,618,59027,25506,55674,6547,3238,90965,19907,2350,22257,113222
2011,LIT,19384,27307,25529,7189,79409,2,968,14593,870,16433,19386,28275,40122,8059,95842,4668,11873,16541,112383
2011,LMT,0,4321,2045,5248,11614,0,1055,7668,2893,11616,0,5376,9713,8141,23230,7124,7956,15080,38310
2011,LNK,328,10135,12490,6699,29652,0,1451,11139,754,13344,328,11586,23629,7453,42996,13080,3340,16420,59416
2011,LNS,23,4304,9671,1373,15371,0,491,32470,724,33685,23,4795,42141,2097,49056,28801,5558,34359,83415
2011,LOU,17,339,8433,110,8899,0,2695,26502,341,29538,17,3034,34935,451,38437,33439,62,33501,71938
2011,LRD,4524,9325,9088,1817,24754,2,45,10994,1178,12219,4526,9370,20082,2995,36973,10024,24827,34851,71824
2011,LSE,214,7483,3432,212,11341,2,244,5200,441,5887,216,7727,8632,653,17228,4206,1298,5504,22732
2011,LUK,105,9452,22285,299,32141,0,2822,16350,239,19411,105,12274,38635,538,51552,10583,168,10751,62303
2011,LVK,1,628,9394,84,10107,0,39,45391,51,45481,1,667,54785,135,55588,81883,20,81903,137491
2011,LWB,2146,2604,7820,242,12812,9,563,6701,536,7809,2155,3167,14521,778,20621,3298,710,4008,24629
2011,LWM,0,333,4327,13,4673,0,19,22452,43,22514,0,352,26779,56,27187,27070,10,27080,54267
2011,LWS,2079,2552,1835,132,6598,1,1318,14017,188,15524,2080,3870,15852,320,22122,12588,451,13039,35161
2011,LYH,10,4155,7921,453,12539,4,583,33091,890,34568,14,4738,41012,1343,47107,43150,704,43854,90961
2011,LZU,11,3449,9792,44,13296,0,770,34938,45,35753,11,4219,44730,89,49049,31825,28,31853,80902
2011,MAF,8333,11289,14537,11670,45829,3,1190,8953,1107,11253,8336,12479,23490,12777,57082,2823,14991,17814,74896
2011,MBS,209,10165,5971,172,16517,14,142,3262,60,3478,223,10307,9233,232,19995,6854,244,7098,27093
2011,MCI,105062,31003,3319,895,140279,2,331,912,160,1405,105064,31334,4231,1055,141684,8,8,16,141700
2011,MCN,259,2325,5947,471,9002,3,353,3779,598,4733,262,2678,9726,1069,13735,1486,218,1704,15439
2011,MCO,285344,14466,13476,568,313854,25,240,2842,65,3172,285369,14706,16318,633,317026,2,0,2,317028
2011,MDH,7,762,889,6,1664,2,100,22368,60,22530,9,862,23257,66,24194,46298,0,46298,70492
2011,MDT,7889,33306,6654,3903,51752,0,187,1653,577,2417,7889,33493,8307,4480,54169,12857,14875,27732,81901
2011,MDW,183321,25359,30518,658,239856,6,1103,12603,1579,15291,183327,26462,43121,2237,255147,54,26,80,255227
2011,MEI,46,1447,6168,24847,32508,0,4,6126,7350,13480,46,1451,12294,32197,45988,6260,29107,35367,81355
2011,MEM,185041,106005,16753,1319,309118,2,652,1793,226,2673,185043,106657,18546,1545,311791,0,0,0,311791
2011,MER,1,58,4944,158,5161,0,420,19719,154,20293,1,478,24663,312,25454,39373,492,39865,65319
2011,MFD,2,473,5706,1907,8088,2,147,4073,1359,5581,4,620,9779,3266,13669,3825,1799,5624,19293
2011,MFE,7633,2875,14275,5933,30716,15,29,22537,183,22764,7648,2904,36812,6116,53480,11310,1007,12317,65797
2011,MFR,5062,9381,5064,255,19762,0,1143,12971,200,14314,5062,10524,18035,455,34076,7713,144,7857,41933
2011,MGM,203,10698,9476,16342,36719,4,913,6014,1706,8637,207,11611,15490,18048,45356,5372,11991,17363,62719
2011,MGW,20,4199,4686,930,9835,0,6395,8132,684,15211,20,10594,12818,1614,25046,15949,912,16861,41907
2011,MHK,90,2602,2570,459,5721,0,40,5982,200,6222,90,2642,8552,659,11943,7027,1124,8151,20094
2011,MHR,2283,4882,6620,3313,17098,2402,7164,22374,6218,38158,4685,12046,28994,9531,55256,6679,11186,17865,73121
2011,MHT,28577,21216,5808,551,56152,26,1557,4526,163,6272,28603,22773,10334,714,62424,2163,162,2325,64749
2011,MIA,314248,58680,13834,795,387557,1345,936,4648,86,7015,315593,59616,18482,881,394572,0,0,0,394572
2011,MIC,2,43,2717,8,2770,0,360,20672,34,21066,2,403,23389,42,23836,20078,72,20150,43986
2011,MIE,12,104,3067,63,3246,0,930,13795,369,15094,12,1034,16862,432,18340,4516,179,4695,23035
2011,MKC,167,14221,19129,646,34163,2,3580,16873,522,20977,169,17801,36002,1168,55140,13539,399,13938,69078
2011,MKE,78447,77951,11293,1233,168924,3,901,2962,135,4001,78450,78852,14255,1368,172925,127,0,127,173052
2011,MKG,5,2178,5829,193,8205,4,90,9702,443,10239,9,2268,15531,636,18444,16938,366,17304,35748
2011,MKK,0,9807,370,730,10907,0,18225,4361,854,23440,0,28032,4731,1584,34347,2334,1503,3837,38184
2011,MKL,0,1046,3797,260,5103,0,477,6215,1763,8455,0,1523,10012,2023,13558,3376,2217,5593,19151
2011,MLB,3689,1876,26211,522,32298,6,991,71848,557,73402,3695,2867,98059,1079,105700,91604,30,91634,197334
2011,MLI,5192,15180,6611,234,27217,0,38,4773,65,4876,5192,15218,11384,299,32093,4419,60,4479,36572
2011,MLU,1827,6113,7809,5081,20830,0,34,7195,282,7511,1827,6147,15004,5363,28341,3813,1378,5191,33532
2011,MMU,9,9805,18803,45,28662,0,669,40671,148,41488,9,10474,59474,193,70150,33528,128,33656,103806
2011,MOB,1084,14499,5574,24808,45965,0,263,2961,7181,10405,1084,14762,8535,31989,56370,10028,35935,45963,102333
2011,MOD,34,3532,5384,63,9013,0,6544,17481,158,24183,34,10076,22865,221,33196,11144,268,11412,44608
2011,MOT,5158,3802,3709,318,12987,0,1205,10634,336,12175,5158,5007,14343,654,25162,15493,6634,22127,47289
2011,MQY,77,1573,10880,2323,14853,0,310,15463,3959,19732,77,1883,26343,6282,34585,19949,7637,27586,62171
2011,MRI,13,397,1601,2,2013,0,12111,54145,23,66279,13,12508,55746,25,68292,59102,238,59340,127632
2011,MRY,1103,15448,12001,507,29059,1,474,13857,349,14681,1104,15922,25858,856,43740,10478,186,10664,54404
2011,MSN,8476,23819,14052,3193,49540,0,346,14276,831,15453,8476,24165,28328,4024,64993,18391,1063,19454,84447
2011,MSO,4125,7411,3987,137,15660,0,2341,9696,127,12164,4125,9752,13683,264,27824,8764,406,9170,36994
2011,MSP,279562,139112,12745,2786,434205,5,60,668,138,871,279567,139172,13413,2924,435076,0,0,0,435076
2011,MSY,90198,9201,12167,620,112186,3,3902,6348,701,10954,90201,13103,18515,1321,123140,0,0,0,123140
2011,MTN,0,1355,8077,1934,11366,0,155,30890,1203,32248,0,1510,38967,3137,43614,23016,761,23777,67391
2011,MVY,525,8909,6124,89,15647,0,9315,13012,150,22477,525,18224,19136,239,38124,1617,119,1736,39860
2011,MWA,47,3928,491,167,4633,0,1123,4152,401,5676,47,5051,4643,568,10309,12781,542,13323,23632
2011,MWC,0,197,2750,4,2951,0,35,10313,64,10412,0,232,13063,68,13363,14317,83,14400,27763
2011,MWH,5907,1956,5755,14067,27685,281,404,6381,641,7707,6188,2360,12136,14708,35392,12503,3193,15696,51088
2011,MYF,2,1624,24784,148,26558,0,627,82035,150,82812,2,2251,106819,298,109370,89747,24,89771,199141
2011,MYR,15522,5636,5475,2421,29054,0,51483,5391,673,57547,15522,57119,10866,3094,86601,2894,1277,4171,90772
2011,NEW,0,2028,15448,1344,18820,0,724,15730,926,17380,0,2752,31178,2270,36200,19907,1306,21213,57413
2011,NQA,27,113,1945,2144,4229,0,94,3547,483,4124,27,207,5492,2627,8353,2510,12804,15314,23667
2011,OAK,108986,20239,19908,424,149557,12,2744,22617,941,26314,108998,22983,42525,1365,175871,37117,2889,40006,215877
2011,OCF,39,706,9180,507,10432,5,119,25016,76,25216,44,825,34196,583,35648,15804,290,16094,51742
2011,OGD,4,207,1841,80,2132,0,322,23879,91,24292,4,529,25720,171,26424,40274,54,40328,66752
2011,OGG,38087,12432,2145,2085,54749,0,49636,9265,619,59520,38087,62068,11410,2704,114269,7692,374,8066,122335
2011,OJC,0,483,7675,64,8222,0,28,23371,35,23434,0,511,31046,99,31656,19273,48,19321,50977
2011,OKC,42105,19508,11724,19713,93050,8,493,6197,1205,7903,42113,20001,17921,20918,100953,1534,26707,28241,129194
2011,OLM,0,1298,5460,376,7134,0,658,15866,551,17075,0,1956,21326,927,24209,23171,332,23503,47712
2011,OLV,2,3827,3315,49,7193,1,961,21369,271,22602,3,4788,24684,320,29795,38409,436,38845,68640
2011,OMA,45429,30648,16828,802,93707,1,2691,6818,267,9777,45430,33339,23646,1069,103484,4803,578,5381,108865
2011,OMN,0,2,7839,8,7849,51,0,60707,6,60764,51,2,68546,14,68613,63397,16,63413,132026
2011,ONT,58358,15199,5546,42,79145,8,1010,5318,18,6354,58366,16209,10864,60,85499,5253,1,5254,90753
2011,OPF,18,4106,26309,1434,31867,0,589,31332,3688,35609,18,4695,57641,5122,67476,31377,1700,33077,100553
2011,ORD,518217,352636,7372,89,878314,17,229,221,17,484,518234,352865,7593,106,878798,0,0,0,878798
2011,ORF,31846,33412,12379,263,77900,0,116,8607,654,9377,31846,33528,20986,917,87277,4350,315,4665,91942
2011,ORH,832,547,4714,187,6280,0,638,20815,154,21607,832,1185,25529,341,27887,18521,293,18814,46701
2011,ORL,7,4482,18553,326,23368,0,1387,36814,182,38383,7,5869,55367,508,61751,47384,54,47438,109189
2011,OSH,2,712,4725,102,5541,0,172,34412,104,34688,2,884,39137,206,40229,30947,166,31113,71342
2011,OSU,0,2218,9824,29,12071,3,485,26267,117,26872,3,2703,36091,146,38943,29223,60,29283,68226
2011,OTH,30,4836,1959,162,6987,0,1200,4129,3084,8413,30,6036,6088,3246,15400,1654,5226,6880,22280
2011,OUN,0,555,5826,241,6622,0,115,20216,575,20906,0,670,26042,816,27528,20254,322,20576,48104
2011,OWB,255,1908,3081,520,5764,3,630,16451,613,17697,258,2538,19532,1133,23461,18710,2172,20882,44343
2011,OWD,0,1027,4735,18,5780,0,378,25244,131,25753,0,1405,29979,149,31533,33255,164,33419,64952
2011,OXC,3,2329,4535,280,7147,0,1642,20280,786,22708,3,3971,24815,1066,29855,17843,437,18280,48135
2011,OXR,0,1596,8330,33,9959,14,2024,16627,165,18830,14,3620,24957,198,28789,27629,367,27996,56785
2011,PAE,4621,1472,13693,392,20178,155,763,39422,455,40795,4776,2235,53115,847,60973,51693,404,52097,113070
2011,PAH,25,2318,2954,289,5586,6,300,14907,645,15858,31,2618,17861,934,21444,9600,418,10018,31462
2011,PAO,0,99,5367,5,5471,9,1317,66919,39,68284,9,1416,72286,44,73755,99051,8,99059,172814
2011,PBI,51826,25404,37507,767,115504,54,2115,23524,471,26164,51880,27519,61031,1238,141668,1483,43,1526,143194
2011,PDK,20,12562,50158,298,63038,2,1126,57368,209,58705,22,13688,107526,507,121743,32978,63,33041,154784
2011,PDT,10,3183,616,146,3955,0,1013,5211,211,6435,10,4196,5827,357,10390,1660,208,1868,12258
2011,PDX,144516,35858,12707,3357,196438,18,9716,11319,180,21233,144534,45574,24026,3537,217671,1475,51,1526,219197
2011,PHF,9429,9204,7759,8341,34733,5,137,18663,1959,20764,9434,9341,26422,10300,55497,34239,20344,54583,110080
2011,PHL,260821,171912,11936,180,444849,0,574,2425,281,3280,260821,172486,14361,461,448129,0,0,0,448129
2011,PHX,375077,53805,13630,2117,444629,28,9991,6357,383,16759,375105,63796,19987,2500,461388,595,6,601,461989
2011,PIA,2409,12965,7186,1985,24545,1,1414,6404,1870,9689,2410,14379,13590,3855,34234,4606,4530,9136,43370
2011,PIE,6971,5013,17489,3463,32936,2,1298,31482,7190,39972,6973,6311,48971,10653,72908,43022,9764,52786,125694
2011,PIH,47,4866,1482,60,6455,109,2525,10391,189,13214,156,7391,11873,249,19669,16994,98,17092,36761
2011,PIT,80080,47403,12067,7540,147090,0,240,903,244,1387,80080,47643,12970,7784,148477,0,305,305,148782
2011,PKB,3,4002,3167,1315,8487,3,686,9830,2075,12594,6,4688,12997,3390,21081,7850,5361,13211,34292
2011,PMD,88,199,6176,5697,12160,0,12,2563,747,3322,88,211,8739,6444,15482,1420,8901,10321,25803
2011,PMP,0,141,4162,9,4312,0,178,33623,26,33827,0,319,37785,35,38139,80316,11,80327,118466
2011,PNE,1,4303,10399,41,14744,0,3,27119,9,27131,1,4306,37518,50,41875,23511,0,23511,65386
2011,PNS,9639,19203,9519,15475,53836,1,724,13947,5178,19850,9640,19927,23466,20653,73686,37101,3398,40499,114185
2011,POC,3,63,5767,28,5861,2,33,32197,60,32292,5,96,37964,88,38153,65746,392,66138,104291
2011,POU,422,764,5153,94,6433,1,83,29521,84,29689,423,847,34674,178,36122,36618,480,37098,73220
2011,PRC,3,2454,2215,156,4828,51,1418,72111,286,73866,54,3872,74326,442,78694,163566,61,163627,242321
2011,PSC,6421,6343,4716,1113,18593,12,356,11718,313,12399,6433,6699,16434,1426,30992,20144,2516,22660,53652
2011,PSP,10513,18741,7683,761,37698,3,918,12449,1241,14611,10516,19659,20132,2002,52309,6077,213,6290,58599
2011,PTK,1365,8715,25298,68,35446,96,867,34233,135,35331,1461,9582,59531,203,70777,48568,0,48568,119345
2011,PUB,414,4623,6868,1501,13406,1,994,63115,1141,65251,415,5617,69983,2642,78657,74979,2245,77224,155881
2011,PVD,36592,19027,8243,224,64086,0,1575,8239,89,9903,36592,20602,16482,313,73989,5292,56,5348,79337
2011,PVU,375,650,2238,57,3320,4,244,19388,161,19797,379,894,21626,218,23117,45456,292,45748,68865
2011,PWA,28,2303,15003,1565,18899,4,1323,25639,1246,28212,32,3626,40642,2811,47111,16473,1339,17812,64923
2011,PWK,5,13312,22566,55,35938,4,67,25151,44,25266,9,13379,47717,99,61204,22820,86,22906,84110
2011,PWM,17163,17554,10060,376,45153,12,428,7449,127,8016,17175,17982,17509,503,53169,3944,30,3974,57143
2011,RAL,0,87,6220,24,6331,0,24,27884,8,27916,0,111,34104,32,34247,30194,3,30197,64444
2011,RAP,1228,13660,6381,438,21707,77,980,8457,1742,11256,1305,14640,14838,2180,32963,5878,1028,6906,39869
2011,RBD,0,268,5038,115,5421,0,158,20391,82,20631,0,426,25429,197,26052,31946,122,32068,58120
2011,RDD,267,6938,1944,165,9314,0,27123,16524,334,43981,267,34061,18468,499,53295,47939,138,48077,101372
2011,RDG,52,4600,10239,746,15637,8,1934,14397,850,17189,60,6534,24636,1596,32826,44997,3535,48532,81358
2011,RDM,3864,7231,2162,139,13396,163,1632,12185,133,14113,4027,8863,14347,272,27509,19973,224,20197,47706
2011,RDU,88306,55736,26403,1399,171844,2,355,16397,4247,21001,88308,56091,42800,5646,192845,64,50,114,192959
2011,RFD,9724,1764,9815,671,21974,3,717,8670,132,9522,9727,2481,18485,803,31496,13327,801,14128,45624
2011,RHV,5,143,2706,3,2857,61,732,43453,81,44327,66,875,46159,84,47184,80912,1,80913,128097
2011,RIC,25427,42447,15888,2673,86435,24,229,9037,1391,10681,25451,42676,24925,4064,97116,2685,2706,5391,102507
2011,RME,117,752,1982,1348,4199,0,54,16923,527,17504,117,806,18905,1875,21703,35426,3136,38562,60265
2011,RNM,0,45,1401,4,1450,0,18,28339,196,28553,0,63,29740,200,30003,69382,657,70039,100042
2011,RNO,42230,10769,8201,1032,62232,0,1720,15368,814,17902,42230,12489,23569,1846,80134,6311,578,6889,87023
2011,RNT,416,232,3901,7,4556,0,607,29724,71,30402,416,839,33625,78,34958,46918,156,47074,82032
2011,ROA,1754,20316,8488,685,31243,177,327,9017,353,9874,1931,20643,17505,1038,41117,7304,332,7636,48753
2011,ROC,20473,30303,10525,562,61863,178,764,8295,1338,10575,20651,31067,18820,1900,72438,30223,1815,32038,104476
2011,ROG,31,680,7975,49,8735,0,9,2957,13,2979,31,689,10932,62,11714,752,0,752,12466
2011,ROW,228,4925,2739,6227,14119,40,2074,6183,1269,9566,268,6999,8922,7496,23685,4064,7924,11988,35673
2011,RST,774,11291,9239,789,22093,0,164,6471,131,6766,774,11455,15710,920,28859,8649,1540,10189,39048
2011,RSW,64990,8582,6250,368,80190,91,658,2024,74,2847,65081,9240,8274,442,83037,29,18,47,83084
2011,RVS,5,1619,18084,85,19793,0,324,72507,107,72938,5,1943,90591,192,92731,106673,8,106681,199412
2011,RYN,12,2,933,26,973,0,14,44468,1555,46037,12,16,45401,1581,47010,65263,2158,67421,114431
2011,RYY,0,1506,10604,130,12240,0,655,26935,344,27934,0,2161,37539,474,40174,21344,119,21463,61637
2011,SAC,2,1820,15382,66,17270,12,2249,48620,91,50972,14,4069,64002,157,68242,23576,22,23598,91840
2011,SAF,20,5786,6708,708,13222,0,851,17768,1195,19814,20,6637,24476,1903,33036,31313,2640,33953,66989
2011,SAN,146708,26891,8908,554,183061,282,153,1498,149,2082,146990,27044,10406,703,185143,0,0,0,185143
2011,SAT,95153,16316,34803,4123,150395,3,3867,22800,792,27462,95156,20183,57603,4915,177857,0,0,0,177857
2011,SAV,13764,23506,20617,4958,62845,0,404,13890,1192,15486,13764,23910,34507,6150,78331,18140,1857,19997,98328
2011,SAW,24,7945,552,157,8678,17,1839,3184,269,5309,41,9784,3736,426,13987,5389,1116,6505,20492
2011,SBA,3470,22122,17204,764,43560,0,587,26377,371,27335,3470,22709,43581,1135,70895,37132,258,37390,108285
2011,SBN,2953,15308,7823,95,26179,7,490,5602,46,6145,2960,15798,13425,141,32324,4744,54,4798,37122
2011,SBP,939,8625,6506,155,16225,0,1967,34610,170,36747,939,10592,41116,325,52972,30682,162,30844,83816
2011,SBY,0,6467,2649,405,9521,0,112,11735,1844,13691,0,6579,14384,2249,23212,13872,10591,24463,47675
2011,SCK,876,563,12257,943,14639,1,1118,15869,1689,18677,877,1681,28126,2632,33316,12209,1571,13780,47096
2011,SDF,94498,41635,9674,2243,148050,7,664,2440,617,3728,94505,42299,12114,2860,151778,996,224,1220,152998
2011,SDL,2,9427,24060,301,33790,3,3542,49244,279,53068,5,12969,73304,580,86858,54620,162,54782,141640
2011,SDM,1,1808,7050,360,9219,0,50,25710,1560,27320,1,1858,32760,1920,36539,51874,12544,64418,100957
2011,SEA,295759,15299,1632,93,312783,4,25,2076,56,2161,295763,15324,3708,149,314944,0,0,0,314944
2011,SEE,7,179,15339,29,15554,0,344,72086,15,72445,7,523,87425,44,87999,131562,60,131622,219621
2011,SFB,10762,1037,29290,125,41214,154,99,48765,47,49065,10916,1136,78055,172,90279,127509,27,127536,217815
2011,SFF,4,1724,2833,93,4654,0,2657,23475,46,26178,4,4381,26308,139,30832,28380,54,28434,59266
2011,SFO,296426,89656,11289,594,397965,16,843,2157,2694,5710,296442,90499,13446,3288,403675,0,0,0,403675
2011,SGF,3048,17980,10259,1908,33195,0,416,6250,1370,8036,3048,18396,16509,3278,41231,4034,1030,5064,46295
2011,SGJ,0,1870,10767,872,13509,0,3748,47879,1218,52845,0,5618,58646,2090,66354,57887,1853,59740,126094
2011,SGR,0,4409,20835,64,25308,0,708,20895,24,21627,0,5117,41730,88,46935,22662,356,23018,69953
2011,SHV,7412,14426,11859,1966,35663,11,406,5615,417,6449,7423,14832,17474,2383,42112,4218,610,4828,46940
2011,SIG,10,18,3162,109,3299,35,9550,32367,845,42797,45,9568,35529,954,46096,33482,108,33590,79686
2011,SJC,83311,23014,17058,74,123457,11,221,7964,177,8373,83322,23235,25022,251,131830,5290,64,5354,137184
2011,SJT,2334,2120,4381,10876,19711,2318,3274,14687,6335,26614,4652,5394,19068,17211,46325,25310,32973,58283,104608
2011,SJU,78534,20329,7711,1920,108494,0,37386,15256,449,53091,78534,57715,22967,2369,161585,107,49,156,161741
2011,SLC,176130,100853,18731,2213,297927,317,7237,38995,2578,49127,176447,108090,57726,4791,347054,11900,10,11910,358964
2011,SLE,4,1244,4814,776,6838,4,859,13862,1474,16199,8,2103,18676,2250,23037,8823,1164,9987,33024
2011,SLN,66,4670,6041,675,11452,4,15037,5681,1318,22040,70,19707,11722,1993,33492,33639,1967,35606,69098
2011,SMF,82552,18690,3378,1094,105714,21,537,4271,790,5619,82573,19227,7649,1884,111333,3448,2769,6217,117550
2011,SMO,0,6515,17816,32,24363,0,224,45122,45,45391,0,6739,62938,77,69754,40875,140,41015,110769
2011,SMX,357,5687,4198,169,10411,21,6024,15808,99,21952,378,11711,20006,268,32363,15332,364,15696,48059
2011,SNA,82329,9218,36330,114,127991,96,72,61867,113,62148,82425,9290,98197,227,190139,71673,0,71673,261812
2011,SNS,133,204,9481,98,9916,0,737,26790,72,27599,133,941,36271,170,37515,15713,48,15761,53276
2011,SPG,0,8,3710,6,3724,0,245,35659,465,36369,0,253,39369,471,40093,45181,2125,47306,87399
2011,SPI,364,5420,7250,1968,15002,0,1441,6813,458,8712,364,6861,14063,2426,23714,6062,1209,7271,30985
2011,SQL,0,85,3502,1,3588,191,503,47629,53,48376,191,588,51131,54,51964,54109,62,54171,106135
2011,SRQ,13025,4592,20599,967,39183,3,984,35791,363,37141,13028,5576,56390,1330,76324,22552,585,23137,99461
2011,SSF,1,49,4436,3357,7843,0,0,41301,275,41576,1,49,45737,3632,49419,72543,5172,77715,127134
2011,STC,4,199,2624,92,2919,1,146,12853,1245,14245,5,345,15477,1337,17164,16414,915,17329,34493
2011,STJ,29,44,2807,1910,4790,25,273,9372,2915,12585,54,317,12179,4825,17375,6491,3699,10190,27565
2011,STL,127681,50613,7771,1289,187354,0,781,1545,305,2631,127681,51394,9316,1594,189985,284,140,424,190409
2011,STP,3,6135,19216,695,26049,19,2889,19802,2785,25495,22,9024,39018,3480,51544,29593,5849,35442,86986
2011,STS,3005,3155,6851,163,13174,7,2771,38810,187,41775,3012,5926,45661,350,54949,24587,26,24613,79562
2011,STT,9117,6650,3098,431,19296,1,28699,14380,310,43390,9118,35349,17478,741,62686,4620,174,4794,67480
2011,STX,3328,2837,2122,750,9037,42,18064,9819,295,28220,3370,20901,11941,1045,37257,4193,798,4991,42248
2011,SUA,0,3757,8841,77,12675,0,298,24997,42,25337,0,4055,33838,119,38012,15484,40,15524,53536
2011,SUN,734,8842,6742,16,16334,0,680,10211,112,11003,734,9522,16953,128,27337,1102,74,1176,28513
2011,SUS,58,10890,27094,822,38864,1,619,25309,321,26250,59,11509,52403,1143,65114,37192,348,37540,102654
2011,SUX,34,2343,6808,2466,11651,0,444,3402,37,3883,34,2787,10210,2503,15534,1536,382,1918,17452
2011,SWF,4227,7357,6421,1623,19628,0,1631,13320,1095,16046,4227,8988,19741,2718,35674,9528,967,10495,46169
2011,SWO,43,235,3517,894,4689,2,1123,16755,465,18345,45,1358,20272,1359,23034,32563,2208,34771,57805
2011,SYR,16829,32652,7386,708,57575,2,193,7501,261,7957,16831,32845,14887,969,65532,6268,360,6628,72160
2011,TCL,246,1548,8335,6682,16811,0,224,11960,4678,16862,246,1772,20295,11360,33673,19582,1034,20616,54289
2011,TEB,117,56949,84761,194,142021,1,3533,15282,206,19022,118,60482,100043,400,161043,0,0,0,161043
2011,TIW,20,646,10060,300,11026,0,278,20167,472,20917,20,924,30227,772,31943,21885,102,21987,53930
2011,TIX,10,180,8798,69,9057,0,4,39909,68,39981,10,184,48707,137,49038,43905,113,44018,93056
2011,TKI,0,817,6713,26,7556,1,511,22144,10,22666,1,1328,28857,36,30222,52700,16,52716,82938
2011,TLH,3407,15460,13505,10459,42831,0,359,12790,2328,15477,3407,15819,26295,12787,58308,13373,3742,17115,75423
2011,TMB,28,1995,18156,54,20233,1,273,88943,41,89258,29,2268,107099,95,109491,62565,2,62567,172058
2011,TOA,1,234,8917,111,9263,0,52,54369,326,54747,1,286,63286,437,64010,64019,1000,65019,129029
2011,TOL,6944,4388,9670,2791,23793,53,2350,13881,491,16775,6997,6738,23551,3282,40568,5282,1745,7027,47595
2011,TOP,0,399,7415,93,7907,0,529,23276,45,23850,0,928,30691,138,31757,14452,142,14594,46351
2011,TPA,146440,18880,14996,413,180729,0,1087,9205,158,10450,146440,19967,24201,571,191179,136,0,136,191315
2011,TRI,640,12132,8567,264,21603,0,528,11300,612,12440,640,12660,19867,876,34043,17195,26,17221,51264
2011,TTD,8,111,1083,13,1215,0,1212,19076,438,20726,8,1323,20159,451,21941,43814,338,44152,66093
2011,TTN,6,3580,9225,341,13152,0,131,27371,1534,29036,6,3711,36596,1875,42188,33617,478,34095,76283
2011,TUL,31727,23469,15328,8048,78572,1,430,8177,1375,9983,31728,23899,23505,9423,88555,7141,10858,17999,106554
2011,TUP,43,2070,4116,5098,11327,1,1378,14806,2030,18215,44,3448,18922,7128,29542,14668,6942,21610,51152
2011,TUS,35659,16645,12385,10973,75662,12,5332,31206,6744,43294,35671,21977,43591,17717,118956,25802,9602,35404,154360
2011,TVC,8134,6610,9120,1333,25197,2,1156,16912,2793,20863,8136,7766,26032,4126,46060,31678,5930,37608,83668
2011,TWF,158,6268,2254,334,9014,0,1225,12439,286,13950,158,7493,14693,620,22964,7678,744,8422,31386
2011,TXK,504,2076,4159,875,7614,1,1059,6662,622,8344,505,3135,10821,1497,15958,7473,2558,10031,25989
2011,TYR,810,6472,6533,118,13933,2,596,16570,140,17308,812,7068,23103,258,31241,12426,90,12516,43757
2011,TYS,8327,39956,22646,8973,79902,1,154,9239,2742,12136,8328,40110,31885,11715,92038,8344,7430,15774,107812
2011,TZR,0,110,2003,30,2143,0,48,7971,67,8086,0,158,9974,97,10229,8224,198,8422,18651
2011,UES,0,1472,7625,28,9125,0,780,24269,62,25111,0,2252,31894,90,34236,21792,120,21912,56148
2011,UGN,0,2889,8838,154,11881,0,3,13113,341,13457,0,2892,21951,495,25338,20186,225,20411,45749
2011,UNV,51,3944,2057,30,6082,0,549,3465,47,4061,51,4493,5522,77,10143,2865,101,2966,13109
2011,VCT,0,1237,2386,5911,9534,0,262,6088,3627,9977,0,1499,8474,9538,19511,3507,29031,32538,52049
2011,VCV,1282,183,3334,1491,6290,70,1512,10358,2600,14540,1352,1695,13692,4091,20830,6878,16032,22910,43740
2011,VGT,11,2089,11279,221,13600,11,9432,47317,520,57280,22,11521,58596,741,70880,77502,346,77848,148728
2011,VNY,42,10331,36973,126,47472,182,132,155039,148,155501,224,10463,192012,274,202973,95044,32,95076,298049
2011,VQQ,637,107,4401,2141,7286,39,218,6448,7426,14131,676,325,10849,9567,21417,18077,38912,56989,78406
2011,VRB,20,3105,20548,99,23772,0,2,51153,46,51201,20,3107,71701,145,74973,74556,386,74942,149915
2011,WDG,0,432,2474,6138,9044,0,45,5703,6374,12122,0,477,8177,12512,21166,3945,11148,15093,36259
2011,WHP,0,0,962,0,962,0,0,37929,36,37965,0,0,38891,36,38927,41186,8,41194,80121
2011,WJF,0,492,1605,210,2307,0,1672,26099,771,28542,0,2164,27704,981,30849,26834,393,27227,58076
2011,XFL,4,105,2497,5,2611,0,180,42683,259,43122,4,285,45180,264,45733,129642,934,130576,176309
2011,XNA,4464,25344,3959,4282,38049,1,88,766,323,1178,4465,25432,4725,4605,39227,170,3024,3194,42421
2011,YIP,4104,9321,12534,106,26065,17,337,12569,195,13118,4121,9658,25103,301,39183,26714,746,27460,66643
2011,YKM,1839,3579,4186,834,10438,0,622,11741,310,12673,1839,4201,15927,1144,23111,16420,777,17197,40308
2011,YNG,620,1136,7203,5297,14256,4,170,4523,535,5232,624,1306,11726,5832,19488,8451,10610,19061,38549
2012,ABE,3971,16668,14123,497,35259,278,573,16791,111,17753,4249,17241,30914,608,53012,45902,146,46048,99060
2012,ABI,223,8477,11936,5496,26132,2,1598,10997,417,13014,225,10075,22933,5913,39146,10571,10738,21309,60455
2012,ABQ,60665,21714,10371,5135,97885,5,9854,16308,12012,38179,60670,31568,26679,17147,136064,4444,7216,11660,147724
2012,ABY,11,2609,3681,1288,7589,0,47,6371,266,6684,11,2656,10052,1554,14273,6591,2812,9403,23676
2012,ACK,726,22944,9391,481,33542,26,72181,25981,504,98692,752,95125,35372,985,132234,339,148,487,132721
2012,ACT,360,5076,9785,2842,18063,0,663,9978,461,11102,360,5739,19763,3303,29165,5229,688,5917,35082
2012,ACY,10001,5250,9673,9351,34275,16,614,10566,9334,20530,10017,5864,20239,18685,54805,4743,15470,20213,75018
2012,ADM,0,74,2782,966,3822,0,21,10193,822,11036,0,95,12975,1788,14858,7519,3529,11048,25906
2012,ADQ,1322,4004,273,965,6564,39,14830,1678,2754,19301,1361,18834,1951,3719,25865,661,7280,7941,33806
2012,ADS,88,8280,27654,152,36174,1,2647,51727,224,54599,89,10927,79381,376,90773,6501,4,6505,97278
2012,ADW,627,495,474,24834,26430,4,15,2362,7481,9862,631,510,2836,32315,36292,12412,36346,48758,85050
2012,AEG,0,535,4058,212,4805,1,1384,22078,1699,25162,1,1919,26136,1911,29967,34294,2166,36460,66427
2012,AEX,2163,8733,3627,5505,20028,0,0,10,16,26,2163,8733,3637,5521,20054,9694,7206,16900,36954
2012,AFW,6493,3211,10115,8450,28269,0,534,25497,1530,27561,6493,3745,35612,9980,55830,37010,7916,44926,100756
2012,AGC,2,6429,17188,160,23779,12,11880,12233,182,24307,14,18309,29421,342,48086,13711,178,13889,61975
2012,AGS,1294,11911,8285,979,22469,0,90,2381,396,2867,1294,12001,10666,1375,25336,1883,641,2524,27860
2012,AHN,83,1497,6585,825,8990,2,448,9691,355,10496,85,1945,16276,1180,19486,8947,259,9206,28692
2012,AKN,791,5849,741,217,7598,17,13051,5242,58,18368,808,18900,5983,275,25966,700,451,1151,27117
2012,ALB,22898,24449,6768,1521,55636,4,2810,7399,1715,11928,22902,27259,14167,3236,67564,6933,1321,8254,75818
2012,ALN,0,659,5844,493,6996,3,160,8191,147,8501,3,819,14035,640,15497,10825,908,11733,27230
2012,ALO,29,1746,4535,195,6505,1,101,5553,596,6251,30,1847,10088,791,12756,7437,499,7936,20692
2012,ALW,925,785,1656,41,3407,1,150,9031,51,9233,926,935,10687,92,12640,12044,2,12046,24686
2012,AMA,6642,12021,9631,10043,38337,0,523,5872,1387,7782,6642,12544,15503,11430,46119,9435,11020,20455,66574
2012,ANC,102181,58974,9798,1733,172686,167,21595,67309,517,89588,102348,80569,77107,2250,262274,8715,8,8723,270997
2012,ANE,0,2637,11478,32,14147,0,1458,31510,120,33088,0,4095,42988,152,47235,31649,466,32115,79350
2012,APA,9,23431,33813,1125,58378,35,9817,101091,1950,112893,44,33248,134904,3075,171271,123721,3574,127295,298566
2012,APC,0,3553,7021,73,10647,0,1264,18617,53,19934,0,4817,25638,126,30581,13355,50,13405,43986
2012,APF,0,8620,23623,120,32363,95,143,35955,64,36257,95,8763,59578,184,68620,17645,8,17653,86273
2012,ARA,149,2098,2399,2516,7162,57,14110,9819,2173,26159,206,16208,12218,4689,33321,51178,1284,52462,85783
2012,ARB,5,288,3450,5,3748,0,186,19835,46,20067,5,474,23285,51,23815,39737,3,39740,63555
2012,ARR,5,702,7572,141,8420,0,52,26136,98,26286,5,754,33708,239,34706,33668,199,33867,68573
2012,ASE,9485,8768,12474,45,30772,0,29,2511,38,2578,9485,8797,14985,83,33350,3508,42,3550,36900
2012,ASG,2,1091,4552,18,5663,0,944,11061,12,12017,2,2035,15613,30,17680,7207,2,7209,24889
2012,ASH,0,150,3925,10,4085,0,24,21925,41,21990,0,174,25850,51,26075,29596,9,29605,55680
2012,ATL,740148,181144,5420,200,926912,3,632,2323,228,3186,740151,181776,7743,428,930098,0,0,0,930098
2012,ATW,2445,10653,6123,53,19274,1,116,8141,51,8309,2446,10769,14264,104,27583,7398,138,7536,35119
2012,AUS,97992,15367,27483,2847,143689,3,629,22424,2966,26022,97995,15996,49907,5813,169711,1998,539,2537,172248
2012,AVL,3690,13809,14328,2581,34408,1,384,11993,746,13124,3691,14193,26321,3327,47532,12870,1260,14130,61662
2012,AVP,1735,13039,5628,225,20627,9,1467,5948,188,7612,1744,14506,11576,413,28239,4603,2,4605,32844
2012,AZO,161,9104,7142,178,16585,32,112,10872,103,11119,193,9216,18014,281,27704,17641,26,17667,45371
2012,BAF,8,651,4339,1389,6387,0,12,20726,2292,23030,8,663,25065,3681,29417,19626,2624,22250,51667
2012,BAK,347,1722,4016,401,6486,0,83,21694,1310,23087,347,1805,25710,1711,29573,9091,1700,10791,40364
2012,BAZ,0,142,2428,171,2741,9,1000,11631,93,12733,9,1142,14059,264,15474,13943,198,14141,29615
2012,BBG,2908,543,2124,4,5579,0,30,1887,73,1990,2908,573,4011,77,7569,101,0,101,7670
2012,BCT,0,6035,13258,39,19332,0,638,21328,22,21988,0,6673,34586,61,41320,9140,88,9228,50548
2012,BDL,51621,27569,9624,2078,90892,0,514,5520,1515,7549,51621,28083,15144,3593,98441,445,133,578,99019
2012,BDR,7,2108,5457,152,7724,1,369,25147,46,25563,8,2477,30604,198,33287,28538,86,28624,61911
2012,BED,248,16321,26575,458,43602,18,2810,49342,232,52402,266,19131,75917,690,96004,70180,27,70207,166211
2012,BET,2899,8556,299,106,11860,64,82880,4258,121,87323,2963,91436,4557,227,99183,2267,12,2279,101462
2012,BFI,8986,19999,25832,472,55289,28,19307,70731,428,90494,9014,39306,96563,900,145783,46955,422,47377,193160
2012,BFL,2719,8045,18703,534,30001,5,1790,31467,345,33607,2724,9835,50170,879,63608,41512,468,41980,105588
2012,BFM,1851,1802,5774,8691,18118,23,1812,8305,5709,15849,1874,3614,14079,14400,33967,9060,29874,38934,72901
2012,BGM,3,7706,3545,406,11660,2,71,4306,122,4501,5,7777,7851,528,16161,5066,591,5657,21818
2012,BGR,5967,8349,8084,6570,28970,8,502,5848,1417,7775,5975,8851,13932,7987,36745,4137,3516,7653,44398
2012,BHM,30529,24516,29286,4557,88888,0,1430,10780,1192,13402,30529,25946,40066,5749,102290,618,190,808,103098
2012,BIL,10040,24748,9625,317,44730,39,2169,16667,261,19136,10079,26917,26292,578,63866,20372,79,20451,84317
2012,BIS,2166,9573,10409,957,23105,0,394,11720,1436,13550,2166,9967,22129,2393,36655,12680,1108,13788,50443
2012,BJC,18,4343,14803,334,19498,25,1476,37989,356,39846,43,5819,52792,690,59344,58674,947,59621,118965
2012,BKL,104,6890,6147,284,13425,25,8471,13043,318,21857,129,15361,19190,602,35282,25686,211,25897,61179
2012,BKV,0,38,603,105,746,2,207,2639,299,3147,2,245,3242,404,3893,3600,912,4512,8405
2012,BLI,9322,2480,5416,415,17633,19,9316,21711,446,31492,9341,11796,27127,861,49125,19030,277,19307,68432
2012,BMG,63,854,4570,142,5629,0,21,8489,306,8816,63,875,13059,448,14445,7707,118,7825,22270
2012,BMI,3652,5407,4435,189,13683,0,1,7597,135,7733,3652,5408,12032,324,21416,5476,468,5944,27360
2012,BNA,91928,48808,22534,1950,165220,1,485,6884,632,8002,91929,49293,29418,2582,173222,0,0,0,173222
2012,BOI,32140,10548,14405,3061,60154,16,2848,23902,4703,31469,32156,13396,38307,7764,91623,19043,2103,21146,112769
2012,BOS,262123,58915,12221,190,333449,2,22622,3036,524,26184,262125,81537,15257,714,359633,0,0,0,359633
2012,BPT,15,1775,6851,485,9126,0,607,7656,449,8712,15,2382,14507,934,17838,7114,50,7164,25002
2012,BQN,8537,1610,1233,393,11773,41,44,9313,3843,13241,8578,1654,10546,4236,25014,4924,8011,12935,37949
2012,BRO,367,5323,9532,3265,18487,0,11,7433,488,7932,367,5334,16965,3753,26419,5423,7879,13302,39721
2012,BTL,12,650,7039,879,8580,0,29,23890,409,24328,12,679,30929,1288,32908,47538,891,48429,81337
2012,BTR,2285,20404,18041,956,41686,0,595,14128,451,15174,2285,20999,32169,1407,56860,8567,505,9072,65932
2012,BTV,12452,14350,7147,3071,37020,2,263,11561,1278,13104,12454,14613,18708,4349,50124,23644,2730,26374,76498
2012,BUF,48698,30424,8413,668,88203,1,1780,5235,159,7175,48699,32204,13648,827,95378,27086,1704,28790,124168
2012,BUR,44573,19327,16071,223,80194,18,1736,21506,453,23713,44591,21063,37577,676,103907,31728,0,31728,135635
2012,BVY,3,1263,3266,42,4574,0,173,21477,142,21792,3,1436,24743,184,26366,32024,36,32060,58426
2012,BWI,210818,40179,12914,736,264647,24,133,2696,262,3115,210842,40312,15610,998,267762,244,0,244,268006
2012,BZN,8758,8566,5112,127,22563,7,602,22781,124,23514,8765,9168,27893,251,46077,35324,80,35404,81481
2012,CAE,6052,27575,10018,1427,45072,0,204,4713,231,5148,6052,27779,14731,1658,50220,2120,396,2516,52736
2012,CAK,15820,13864,13826,477,43987,0,428,8941,509,9878,15820,14292,22767,986,53865,17902,533,18435,72300
2012,CCR,0,891,6070,75,7036,0,2560,31302,120,33982,0,3451,37372,195,41018,34531,181,34712,75730
2012,CDW,10,826,5630,25,6491,14,160,42556,683,43413,24,986,48186,708,49904,29990,366,30356,80260
2012,CGF,2,3131,7343,6,10482,0,51,10780,76,10907,2,3182,18123,82,21389,13086,0,13086,34475
2012,CHA,1890,17047,16940,5446,41323,0,295,8746,851,9892,1890,17342,25686,6297,51215,5327,1496,6823,58038
2012,CHD,0,149,1813,3,1965,0,2341,71003,72,73416,0,2490,72816,75,75381,121951,95,122046,197427
2012,CHO,13,17528,12648,1264,31453,0,183,20807,1003,21993,13,17711,33455,2267,53446,20520,3951,24471,77917
2012,CHS,24143,26749,15812,11865,78569,1,752,6310,2213,9276,24144,27501,22122,14078,87845,7460,9918,17378,105223
2012,CIC,0,2915,1091,482,4488,0,7977,16923,2047,26947,0,10892,18014,2529,31435,9976,9446,19422,50857
2012,CID,5573,21874,8855,280,36582,1,73,9396,120,9590,5574,21947,18251,400,46172,9956,172,10128,56300
2012,CKB,212,2222,3530,3251,9215,3,120,3328,421,3872,215,2342,6858,3672,13087,7942,11370,19312,32399
2012,CLE,54191,117751,8003,184,180129,0,238,560,35,833,54191,117989,8563,219,180962,0,0,0,180962
2012,CLL,226,5674,6793,7110,19803,10,6,16009,1344,17369,236,5680,22802,8454,37172,10657,3042,13699,50871
2012,CLT,343130,183466,18324,1512,546432,2,431,5453,197,6083,343132,183897,23777,1709,552515,0,0,0,552515
2012,CMA,0,2073,12768,52,14893,0,1213,53197,62,54472,0,3286,65965,114,69365,63205,109,63314,132679
2012,CMH,57700,47312,17920,406,123338,0,605,5367,140,6112,57700,47917,23287,546,129450,0,0,0,129450
2012,CMI,103,9517,5215,215,15050,0,6284,5205,173,11662,103,15801,10420,388,26712,29206,55,29261,55973
2012,CNO,14,331,13550,131,14026,3,94,45341,193,45631,17,425,58891,324,59657,106965,471,107436,167093
2012,CNW,0,7,2317,3425,5749,2,26,10538,316,10882,2,33,12855,3741,16631,16630,7625,24255,40886
2012,COS,17951,14307,9959,9044,51261,1,706,17517,6072,24296,17952,15013,27476,15116,75557,30742,27771,58513,134070
2012,COU,99,3061,5367,343,8870,0,74,7984,340,8398,99,3135,13351,683,17268,6834,644,7478,24746
2012,CPR,1096,10233,5761,321,17411,9,811,11291,142,12253,1105,11044,17052,463,29664,10657,153,10810,40474
2012,CPS,12,3140,9695,442,13289,24,7368,30803,172,38367,36,10508,40498,614,51656,28345,87,28432,80088
2012,CRE,0,761,6609,625,7995,4,7331,17818,557,25710,4,8092,24427,1182,33705,16852,188,17040,50745
2012,CRG,0,2293,17808,45,20146,0,65,33831,7841,41737,0,2358,51639,7886,61883,41267,261,41528,103411
2012,CRP,3349,14090,8315,21372,47126,57,2202,8402,4407,15068,3406,16292,16717,25779,62194,3278,20600,23878,86072
2012,CRQ,2,7812,31287,509,39610,2,1317,50644,245,52208,4,9129,81931,754,91818,51021,209,51230,143048
2012,CRW,1052,19085,7477,2499,30113,6,1102,7026,961,9095,1058,20187,14503,3460,39208,5866,2702,8568,47776
2012,CSG,304,3381,6307,213,10205,0,286,5940,314,6540,304,3667,12247,527,16745,8838,329,9167,25912
2012,CVG,63601,74481,3721,108,141911,0,437,1117,113,1667,63601,74918,4838,221,143578,0,0,0,143578
2012,CWA,130,8822,1437,49,10438,0,121,2770,61,2952,130,8943,4207,110,13390,1719,127,1846,15236
2012,CWF,268,176,2127,11693,14264,13,299,3147,2483,5942,281,475,5274,14176,20206,1654,6304,7958,28164
2012,CXO,28,127,9111,77,9343,0,343,24467,1658,26468,28,470,33578,1735,35811,23486,1228,24714,60525
2012,CXY,0,302,5802,1117,7221,0,59,9213,2553,11825,0,361,15015,3670,19046,6815,7797,14612,33658
2012,CYS,38,4998,4334,2924,12294,0,193,2505,629,3327,38,5191,6839,3553,15621,14176,22068,36244,51865
2012,DAB,4932,1531,41957,658,49078,0,145,153315,409,153869,4932,1676,195272,1067,202947,81702,68,81770,284717
2012,DAL,87724,29177,46681,784,164366,2,3537,9013,689,13241,87726,32714,55694,1473,177607,0,1,1,177608
2012,DAY,18696,28056,7596,442,54790,0,64,3062,120,3246,18696,28120,10658,562,58036,5566,14,5580,63616
2012,DBQ,18,1965,5123,67,7173,6,80,14141,74,14301,24,2045,19264,141,21474,20186,61,20247,41721
2012,DCA,189050,92113,3536,592,285291,12,8,2905,975,3900,189062,92121,6441,1567,289191,0,0,0,289191
2012,DEC,13,4018,3481,758,8270,0,3,8507,3081,11591,13,4021,11988,3839,19861,17140,7309,24449,44310
2012,DEN,443156,170545,3080,90,616871,233,264,820,69,1386,443389,170809,3900,159,618257,0,0,0,618257
2012,DET,0,1848,5507,45,7400,2,181,15806,45,16034,2,2029,21313,90,23434,32078,148,32226,55660
2012,DFW,440297,202963,4777,121,648158,16,631,1240,79,1966,440313,203594,6017,200,650124,0,0,0,650124
2012,DHN,2352,886,8645,16533,28416,0,479,9260,4109,13848,2352,1365,17905,20642,42264,14479,16171,30650,72914
2012,DLH,799,9723,8158,3567,22247,0,1415,12578,620,14613,799,11138,20736,4187,36860,20410,4176,24586,61446
2012,DPA,25,6969,15508,183,22685,1,229,27616,511,28357,26,7198,43124,694,51042,28765,59,28824,79866
2012,DSM,19532,23523,16435,2155,61645,94,1051,9297,402,10844,19626,24574,25732,2557,72489,6230,1317,7547,80036
2012,DTN,0,163,8466,45,8674,0,148,20838,121,21107,0,311,29304,166,29781,34352,83,34435,64216
2012,DTO,39,909,12167,141,13256,0,194,53279,61,53534,39,1103,65446,202,66790,91164,32,91196,157986
2012,DTW,218731,202577,5359,181,426848,5,245,674,42,966,218736,202822,6033,223,427814,0,0,0,427814
2012,DVT,146,519,6522,15,7202,13,4171,132867,39,137090,159,4690,139389,54,144292,221110,30,221140,365432
2012,DWH,3,2892,17160,1371,21426,1,1730,66119,981,68831,4,4622,83279,2352,90257,82061,378,82439,172696
2012,DXR,13,615,2648,5,3281,0,2744,30966,27,33737,13,3359,33614,32,37018,32036,32,32068,69086
2012,EAU,38,1419,7653,118,9228,0,1166,9856,297,11319,38,2585,17509,415,20547,6060,101,6161,26708
2012,ECP,8658,5262,10229,3642,27791,4,493,9278,1410,11185,8662,5755,19507,5052,38976,12229,6325,18554,57530
2012,EGE,4084,6943,8937,165,20129,8,114,6259,4534,10915,4092,7057,15196,4699,31044,4924,418,5342,36386
2012,ELM,2921,7858,5931,141,16851,0,128,3508,390,4026,2921,7986,9439,531,20877,4608,546,5154,26031
2012,ELP,38147,17799,9295,3363,68604,7,4479,14549,1117,20152,38154,22278,23844,4480,88756,5515,1110,6625,95381
2012,EMT,8,474,3188,16,3686,15,359,33512,69,33955,23,833,36700,85,37641,46440,56,46496,84137
2012,ENA,162,9115,373,181,9831,561,15925,6387,327,23200,723,25040,6760,508,33031,5790,3656,9446,42477
2012,ENW,0,2707,4928,7,7642,0,164,19821,52,20037,0,2871,24749,59,27679,24891,168,25059,52738
2012,ERI,16,7747,4318,213,12294,0,52,4443,128,4623,16,7799,8761,341,16917,8115,228,8343,25260
2012,ESN,0,954,3705,178,4837,0,488,14694,501,15683,0,1442,18399,679,20520,21350,682,22032,42552
2012,EUG,7208,10004,6476,2036,25724,144,546,14599,267,15556,7352,10550,21075,2303,41280,16291,1425,17716,58996
2012,EVB,14,458,7323,11,7806,0,2,41469,170,41641,14,460,48792,181,49447,88620,26,88646,138093
2012,EVV,86,11294,5744,1317,18441,1,790,5283,155,6229,87,12084,11027,1472,24670,14762,2002,16764,41434
2012,EWB,0,1618,3875,183,5676,0,5112,18001,227,23340,0,6730,21876,410,29016,23775,391,24166,53182
2012,EWN,85,8050,3083,282,11500,0,43,9656,324,10023,85,8093,12739,606,21523,9086,1440,10526,32049
2012,EWR,277842,132479,4774,128,415223,11,410,5084,447,5952,277853,132889,9858,575,421175,0,0,0,421175
2012,EYW,7937,11854,10013,156,29960,4,1065,22923,216,24208,7941,12919,32936,372,54168,8702,22,8724,62892
2012,FAI,10424,13167,5626,1515,30732,161,20963,34247,688,56059,10585,34130,39873,2203,86791,36853,612,37465,124256
2012,FAR,4443,13570,15547,2266,35826,0,269,13554,858,14681,4443,13839,29101,3124,50507,25700,1979,27679,78186
2012,FAT,10640,20159,9488,3620,43907,2,2875,33921,2179,38977,10642,23034,43409,5799,82884,34593,3438,38031,120915
2012,FAY,1171,11616,6586,2378,21751,6,251,7687,609,8553,1177,11867,14273,2987,30304,10633,4034,14667,44971
2012,FCM,18,1876,17572,26,19492,0,748,30518,185,31451,18,2624,48090,211,50943,33501,329,33830,84773
2012,FDK,0,376,3468,79,3923,0,1385,26496,658,28539,0,1761,29964,737,32462,38822,202,39024,71486
2012,FFZ,6,248,2595,14,2863,0,2643,88305,3762,94710,6,2891,90900,3776,97573,92687,345,93032,190605
2012,FLG,20,6440,1806,172,8438,1,5622,20743,591,26957,21,12062,22549,763,35395,7721,490,8211,43606
2012,FLL,191938,29421,24334,364,246057,114,5911,11125,102,17252,192052,35332,35459,466,263309,0,0,0,263309
2012,FLO,10,3879,4620,917,9426,12,126,3539,292,3969,22,4005,8159,1209,13395,2309,803,3112,16507
2012,FMN,22,7034,2227,159,9442,0,2829,12156,258,15243,22,9863,14383,417,24685,12029,552,12581,37266
2012,FMY,0,1428,12419,67,13914,0,75,34572,22,34669,0,1503,46991,89,48583,36761,48,36809,85392
2012,FNT,6008,9415,7202,175,22800,0,116,8484,15,8615,6008,9531,15686,190,31415,10277,26,10303,41718
2012,FOE,191,351,1884,7511,9937,0,64,2764,2240,5068,191,415,4648,9751,15005,690,7709,8399,23404
2012,FOK,0,3015,6902,639,10556,0,133,17641,1416,19190,0,3148,24543,2055,29746,21326,7800,29126,58872
2012,FPR,0,925,20222,46,21193,0,772,46005,45,46822,0,1697,66227,91,68015,72820,9,72829,140844
2012,FRG,99,9062,14754,187,24102,30,533,92253,148,92964,129,9595,107007,335,117066,91620,6,91626,208692
2012,FSD,7147,26589,13236,3366,50338,17,794,7317,237,8365,7164,27383,20553,3603,58703,5183,3682,8865,67568
2012,FSM,310,5918,6848,5478,18554,1,323,6860,1463,8647,311,6241,13708,6941,27201,6915,4816,11731,38932
2012,FTG,0,105,2802,45,2952,0,59,19386,140,19585,0,164,22188,185,22537,25659,271,25930,48467
2012,FTW,51,7873,21744,352,30020,5,1089,25489,170,26753,56,8962,47233,522,56773,30027,118,30145,86918
2012,FTY,0,3485,18238,89,21812,0,33,10782,36,10851,0,3518,29020,125,32663,18181,68,18249,50912
2012,FUL,3,7,3576,3,3589,0,160,37265,7,37432,3,167,40841,10,41021,17287,0,17287,58308
2012,FWA,2789,14405,7624,937,25755,2,985,5312,1707,8006,2791,15390,12936,2644,33761,5576,1090,6666,40427
2012,FWS,0,175,2896,4,3075,0,59,20717,274,21050,0,234,23613,278,24125,36368,2,36370,60495
2012,FXE,10,12169,34818,90,47087,104,1795,78633,38,80570,114,13964,113451,128,127657,31075,10,31085,158742
2012,FYV,32,492,4371,1290,6185,0,166,12239,386,12791,32,658,16610,1676,18976,15605,1536,17141,36117
2012,GCK,30,3628,3238,467,7363,4,276,4975,697,5952,34,3904,8213,1164,13315,1409,555,1964,15279
2012,GCN,52,2138,709,275,3174,55,95211,2342,262,97870,107,97349,3051,537,101044,750,511,1261,102305
2012,GEG,36573,8531,5342,1304,51750,1,639,6432,188,7260,36574,9170,11774,1492,59010,5890,707,6597,65607
2012,GEU,0,274,1781,4,2059,0,745,26056,15,26816,0,1019,27837,19,28875,47230,22,47252,76127
2012,GFK,2172,40834,6761,224,49991,274,61658,10364,142,72438,2446,102492,17125,366,122429,242687,1041,243728,366157
2012,GGG,154,3179,10534,2604,16471,0,373,13152,314,13839,154,3552,23686,2918,30310,34204,4054,38258,68568
2012,GJT,1235,14618,5112,1646,22611,1,171,15237,378,15787,1236,14789,20349,2024,38398,9174,1418,10592,48990
2012,GKY,0,586,6440,15,7041,0,3,36409,19,36431,0,589,42849,34,43472,30528,18,30546,74018
2012,GLH,1225,0,1404,1791,4420,0,0,5187,373,5560,1225,0,6591,2164,9980,2239,18376,20615,30595
2012,GLS,0,1545,2011,128,3684,0,9975,8023,164,18162,0,11520,10034,292,21846,4803,47,4850,26696
2012,GMU,0,7217,4485,37,11739,1,5558,20012,671,26242,1,12775,24497,708,37981,18261,58,18319,56300
2012,GNV,109,10822,11870,3669,26470,0,62,22871,969,23902,109,10884,34741,4638,50372,12597,3395,15992,66364
2012,GON,9,1134,4808,473,6424,0,284,15925,1402,17611,9,1418,20733,1875,24035,10480,1019,11499,35534
2012,GPI,2876,5795,4152,209,13032,17,88,5543,201,5849,2893,5883,9695,410,18881,5530,664,6194,25075
2012,GPM,5,38,1144,2,1189,0,1,21716,32,21749,5,39,22860,34,22938,42919,33,42952,65890
2012,GPT,4189,11127,6723,14047,36086,8,517,3669,1536,5730,4197,11644,10392,15583,41816,11615,20062,31677,73493
2012,GRB,3308,14040,11070,894,29312,30,109,9552,187,9878,3338,14149,20622,1081,39190,22899,1743,24642,63832
2012,GRI,473,2917,3147,281,6818,0,46,4951,1103,6100,473,2963,8098,1384,12918,3617,1358,4975,17893
2012,GRR,15587,28020,17235,1061,61903,4,611,10274,126,11015,15591,28631,27509,1187,72918,11226,1162,12388,85306
2012,GSN,4656,4880,196,166,9898,2,44698,16175,252,61127,4658,49578,16371,418,71025,82,89,171,71196
2012,GSO,16812,30827,17830,1029,66498,0,661,10921,268,11850,16812,31488,28751,1297,78348,9363,446,9809,88157
2012,GSP,11905,26418,6386,769,45478,7,133,2365,551,3056,11912,26551,8751,1320,48534,769,229,998,49532
2012,GTF,5274,9776,4558,3403,23011,7,327,5801,550,6685,5281,10103,10359,3953,29696,6248,647,6895,36591
2012,GTR,33,2426,2697,5864,11020,0,269,8356,2193,10818,33,2695,11053,8057,21838,3692,6326,10018,31856
2012,GTU,0,304,4978,14,5296,0,83,28188,103,28374,0,387,33166,117,33670,34632,89,34721,68391
2012,GUM,21747,5104,923,265,28039,64,554,18692,13,19323,21811,5658,19615,278,47362,19867,142,20009,67371
2012,GYH,0,2320,1228,794,4342,0,5619,4476,1012,11107,0,7939,5704,1806,15449,5004,1342,6346,21795
2012,GYR,119,187,804,19,1129,17,299,55126,4239,59681,136,486,55930,4258,60810,81757,1605,83362,144172
2012,GYY,780,1085,7445,209,9519,4,419,7719,1089,9231,784,1504,15164,1298,18750,8202,1800,10002,28752
2012,HEF,19,3120,15593,71,18803,0,4470,20201,284,24955,19,7590,35794,355,43758,42645,68,42713,86471
2012,HFD,0,1674,3601,24,5299,0,1005,29862,29,30896,0,2679,33463,53,36195,32148,176,32324,68519
2012,HGR,128,2484,3706,1014,7332,4,1857,19175,5961,26997,132,4341,22881,6975,34329,18644,3305,21949,56278
2012,HHR,0,560,2979,18,3557,0,1020,36963,368,38351,0,1580,39942,386,41908,31098,38,31136,73044
2012,HIO,5,6013,15802,133,21953,11,270,52894,250,53425,16,6283,68696,383,75378,127555,34,127589,202967
2012,HKS,5,1445,6065,524,8039,0,296,5917,1250,7463,5,1741,11982,1774,15502,11036,4938,15974,31476
2012,HKY,8,764,4598,138,5508,0,1082,12850,606,14538,8,1846,17448,744,20046,14461,196,14657,34703
2012,HLG,8,1247,1086,695,3036,0,733,13914,2057,16704,8,1980,15000,2752,19740,11396,8030,19426,39166
2012,HLN,1957,5309,2346,421,10033,48,715,11900,2790,15453,2005,6024,14246,3211,25486,11713,1646,13359,38845
2012,HND,0,1331,9979,137,11447,0,21018,34273,170,55461,0,22349,44252,307,66908,25081,13,25094,92002
2012,HNL,154900,36613,8013,12628,212154,89,27800,35698,1611,65198,154989,64413,43711,14239,277352,762,49,811,278163
2012,HOB,0,1303,1230,61,2594,0,961,4587,96,5644,0,2264,5817,157,8238,856,176,1032,9270
2012,HOU,107258,27592,44545,317,179712,2,6790,8906,2336,18034,107260,34382,53451,2653,197746,0,0,0,197746
2012,HPN,16099,41973,37838,95,96005,23,4111,52661,62,56857,16122,46084,90499,157,152862,28793,23,28816,181678
2012,HRL,9008,3641,2922,3068,18639,42,285,7345,1547,9219,9050,3926,10267,4615,27858,7407,10635,18042,45900
2012,HSA,0,60,1450,3844,5354,0,0,4165,2182,6347,0,60,5615,6026,11701,3977,7514,11491,23192
2012,HSV,10218,15912,7112,8664,41906,3,35,5324,2856,8218,10221,15947,12436,11520,50124,2940,12578,15518,65642
2012,HTS,1492,4199,3387,271,9349,0,388,3178,272,3838,1492,4587,6565,543,13187,1720,255,1975,15162
2012,HUF,18,305,5256,439,6018,4,494,9286,250,10034,22,799,14542,689,16052,19223,373,19596,35648
2012,HUM,0,8739,4525,60,13324,121,44872,9782,140,54915,121,53611,14307,200,68239,3683,24,3707,71946
2012,HUT,0,416,2840,1609,4865,0,1433,9506,421,11360,0,1849,12346,2030,16225,18640,1772,20412,36637
2012,HVN,1,3703,4154,49,7907,0,232,13323,71,13626,1,3935,17477,120,21533,17298,296,17594,39127
2012,HWD,5,1352,6254,25,7636,4,718,35865,1127,37714,9,2070,42119,1152,45350,37915,5,37920,83270
2012,HWO,0,8,2247,1,2256,0,85,45464,9,45558,0,93,47711,10,47814,79801,33,79834,127648
2012,HXD,0,7796,10921,117,18834,0,114,10106,284,10504,0,7910,21027,401,29338,2019,862,2881,32219
2012,HYA,0,14287,5971,39,20297,71,56253,17635,124,74083,71,70540,23606,163,94380,9161,170,9331,103711
2012,HYI,2,553,8401,259,9215,0,331,22261,258,22850,2,884,30662,517,32065,29165,348,29513,61578
2012,IAD,167486,127481,40312,586,335865,101,25,2228,167,2521,167587,127506,42540,753,338386,0,0,0,338386
2012,IAG,1066,871,3167,2279,7383,0,66,6853,2557,9476,1066,937,10020,4836,16859,4805,3010,7815,24674
2012,IAH,281799,215977,10801,105,508682,250,572,1385,145,2352,282049,216549,12186,250,511034,0,0,0,511034
2012,ICT,14306,22098,30322,20368,87094,73,2149,21630,638,24490,14379,24247,51952,21006,111584,27040,26411,53451,165035
2012,IDA,976,6342,2538,43,9899,2,1423,11304,62,12791,978,7765,13842,105,22690,15505,26,15531,38221
2012,IFP,1403,164,480,58,2105,29,1882,11356,269,13536,1432,2046,11836,327,15641,5233,86,5319,20960
2012,ILG,25,3423,11040,1910,16398,0,160,14797,1632,16589,25,3583,25837,3542,32987,15676,4861,20537,53524
2012,ILM,4837,13859,15498,3893,38087,1,1086,7147,814,9048,4838,14945,22645,4707,47135,2672,1004,3676,50811
2012,IND,100715,38788,14749,1251,155503,4,242,2026,462,2734,100719,39030,16775,1713,158237,0,0,0,158237
2012,INT,115,2046,8617,184,10962,11,611,16542,452,17616,126,2657,25159,636,28578,10482,449,10931,39509
2012,IPT,28,3053,2629,86,5796,2,975,9424,327,10728,30,4028,12053,413,16524,3876,122,3998,20522
2012,ISM,16,1733,23028,93,24870,2,572,46668,16,47258,18,2305,69696,109,72128,49494,43,49537,121665
2012,ISO,195,494,2461,3710,6860,4,12,3802,442,4260,199,506,6263,4152,11120,2816,5507,8323,19443
2012,ISP,12255,5799,13751,342,32147,0,522,40491,1260,42273,12255,6321,54242,1602,74420,72302,1729,74031,148451
2012,ITH,28,8603,3777,89,12497,0,356,7321,59,7736,28,8959,11098,148,20233,21168,50,21218,41451
2012,ITO,14955,5122,608,2474,23159,0,35637,3490,1216,40343,14955,40759,4098,3690,63502,12531,5594,18125,81627
2012,IWA,10168,2541,4884,1723,19316,25,6568,48187,2232,57012,10193,9109,53071,3955,76328,77634,3953,81587,157915
2012,IXD,4,1836,7283,320,9443,0,43,14511,724,15278,4,1879,21794,1044,24721,20972,181,21153,45874
2012,JAC,6031,5023,6500,83,17637,18,547,5609,164,6338,6049,5570,12109,247,23975,2001,102,2103,26078
2012,JAN,8716,15679,6494,4822,35711,2,317,1904,241,2464,8718,15996,8398,5063,38175,741,12004,12745,50920
2012,JAX,53658,15363,9566,3469,82056,3,85,2288,578,2954,53661,15448,11854,4047,85010,924,2028,2952,87962
2012,JEF,0,489,5082,449,6020,0,350,10208,1876,12434,0,839,15290,2325,18454,9377,2640,12017,30471
2012,JFK,350859,49479,3672,363,404373,7,1014,4247,275,5543,350866,50493,7919,638,409916,0,0,0,409916
2012,JLN,110,2207,3488,62,5867,0,482,8784,163,9429,110,2689,12272,225,15296,12857,47,12904,28200
2012,JNU,8191,1717,942,112,10962,87,62601,7704,311,70703,8278,64318,8646,423,81665,4481,268,4749,86414
2012,JQF,207,1426,12833,40,14506,4,2418,20254,192,22868,211,3844,33087,232,37374,20895,24,20919,58293
2012,JRF,4,9,1274,1440,2727,46,12,15274,2525,17857,50,21,16548,3965,20584,79695,20785,100480,121064
2012,JVL,77,2807,2929,101,5914,0,416,22230,183,22829,77,3223,25159,284,28743,25614,719,26333,55076
2012,JXN,77,283,4506,87,4953,63,275,22307,167,22812,140,558,26813,254,27765,21100,57,21157,48922
2012,KOA,22795,7276,2454,3292,35817,110,17576,13958,1309,32953,22905,24852,16412,4601,68770,39291,8952,48243,117013
2012,LAF,52,435,6865,44,7396,37,80,24488,68,24673,89,515,31353,112,32069,65183,33,65216,97285
2012,LAL,289,895,7791,822,9797,0,14,36315,271,36600,289,909,44106,1093,46397,27661,1250,28911,75308
2012,LAN,2856,13346,7453,929,24584,5,359,7261,252,7877,2861,13705,14714,1181,32461,3853,124,3977,36438
2012,LAS,344683,31306,36354,921,413264,25,105300,8865,550,114740,344708,136606,45219,1471,528004,0,0,0,528004
2012,LAW,125,3119,1529,14811,19584,0,0,3156,396,3552,125,3119,4685,15207,23136,1024,483,1507,24643
2012,LAX,480888,103118,16627,594,601227,450,41,1707,2055,4253,481338,103159,18334,2649,605480,0,0,0,605480
2012,LBB,8946,17727,10995,4292,41960,1,5202,12066,407,17676,8947,22929,23061,4699,59636,5594,2689,8283,67919
2012,LBE,1234,3579,3267,580,8660,6,210,9159,510,9885,1240,3789,12426,1090,18545,9159,700,9859,28404
2012,LCH,61,5666,5315,2202,13244,0,972,17561,106,18639,61,6638,22876,2308,31883,12078,2653,14731,46614
2012,LEB,0,4507,3078,73,7658,15,3899,10548,129,14591,15,8406,13626,202,22249,12203,127,12330,34579
2012,LEE,0,271,4731,82,5084,0,127,22812,92,23031,0,398,27543,174,28115,24818,88,24906,53021
2012,LEX,3941,24801,16142,945,45829,0,477,15157,416,16050,3941,25278,31299,1361,61879,4733,323,5056,66935
2012,LFT,1608,13708,11388,357,27061,2,15313,9511,80,24906,1610,29021,20899,437,51967,6959,454,7413,59380
2012,LGA,275568,91488,4089,254,371399,0,156,2591,107,2854,275568,91644,6680,361,374253,0,0,0,374253
2012,LGB,29592,2569,26476,671,59308,31,2381,73780,209,76401,29623,4950,100256,880,135709,123054,13,123067,258776
2012,LIH,28524,3153,1124,1950,34751,0,59334,6273,399,66006,28524,62487,7397,2349,100757,16364,1322,17686,118443
2012,LIT,20945,24135,24538,7919,77537,0,908,16940,1031,18879,20945,25043,41478,8950,96416,4569,8613,13182,109598
2012,LMT,2,2507,1893,5390,9792,0,911,7985,2899,11795,2,3418,9878,8289,21587,6140,7696,13836,35423
2012,LNK,198,9737,11543,8728,30206,3,1658,11912,1609,15182,201,11395,23455,10337,45388,12634,3778,16412,61800
2012,LNS,20,3844,10291,1527,15682,0,361,32382,1082,33825,20,4205,42673,2609,49507,31149,7878,39027,88534
2012,LOU,18,355,8513,79,8965,6,3023,28998,556,32583,24,3378,37511,635,41548,37989,256,38245,79793
2012,LRD,4877,9339,9779,2436,26431,27,66,10217,3488,13798,4904,9405,19996,5924,40229,9597,43963,53560,93789
2012,LSE,166,6802,3405,268,10641,5,416,6021,535,6977,171,7218,9426,803,17618,3850,1363,5213,22831
2012,LUK,52,8711,21680,416,30859,1,2291,18699,299,21290,53,11002,40379,715,52149,14031,65,14096,66245
2012,LVK,5,843,9431,71,10350,0,12,44470,39,44521,5,855,53901,110,54871,77560,4,77564,132435
2012,LWB,1697,2846,7451,210,12204,5,362,6309,1229,7905,1702,3208,13760,1439,20109,2916,1358,4274,24383
2012,LWM,0,470,4620,7,5097,0,42,23257,12,23311,0,512,27877,19,28408,23768,205,23973,52381
2012,LWS,1726,2225,1906,90,5947,1,1584,11816,89,13490,1727,3809,13722,179,19437,8582,110,8692,28129
2012,LYH,22,4873,7158,640,12693,0,1444,34103,1223,36770,22,6317,41261,1863,49463,54897,620,55517,104980
2012,LZU,0,3317,10626,64,14007,0,439,32548,43,33030,0,3756,43174,107,47037,31759,14,31773,78810
2012,MAF,7903,12677,16221,9000,45801,0,1173,8981,972,11126,7903,13850,25202,9972,56927,2466,10345,12811,69738
2012,MBS,282,9018,5639,126,15065,1,124,3347,87,3559,283,9142,8986,213,18624,6908,278,7186,25810
2012,MCI,98425,29761,3011,706,131903,5,361,964,65,1395,98430,30122,3975,771,133298,2,0,2,133300
2012,MCN,309,1516,5990,559,8374,2,271,4227,423,4923,311,1787,10217,982,13297,1615,74,1689,14986
2012,MCO,280175,11310,13471,481,305437,21,361,2937,88,3407,280196,11671,16408,569,308844,0,0,0,308844
2012,MDH,5,784,1036,17,1842,0,83,26068,81,26232,5,867,27104,98,28074,49975,364,50339,78413
2012,MDT,7876,30786,6250,3910,48822,1,196,2175,924,3296,7877,30982,8425,4834,52118,1100,3187,4287,56405
2012,MDW,184229,25404,29244,397,239274,24,1092,8177,1308,10601,184253,26496,37421,1705,249875,32,6,38,249913
2012,MEI,6,1413,5791,21914,29124,0,12,6492,2897,9401,6,1425,12283,24811,38525,5310,17889,23199,61724
2012,MEM,172729,77114,16653,1250,267746,0,863,2498,214,3575,172729,77977,19151,1464,271321,0,0,0,271321
2012,MER,2,632,5803,287,6724,0,14,19850,109,19973,2,646,25653,396,26697,39893,681,40574,67271
2012,MFD,15,407,5499,1090,7011,0,95,4540,654,5289,15,502,10039,1744,12300,4256,871,5127,17427
2012,MFE,6781,3843,14129,5062,29815,2,102,20536,358,20998,6783,3945,34665,5420,50813,9844,263,10107,60920
2012,MFR,5060,9175,5108,190,19533,1,1360,12473,79,13913,5061,10535,17581,269,33446,7547,116,7663,41109
2012,MGM,240,10579,9234,18644,38697,0,833,5451,1786,8070,240,11412,14685,20430,46767,5127,12712,17839,64606
2012,MGW,2,4184,4983,989,10158,0,9214,7523,856,17593,2,13398,12506,1845,27751,13239,1152,14391,42142
2012,MHK,167,2935,3022,511,6635,0,112,6634,465,7211,167,3047,9656,976,13846,7802,1768,9570,23416
2012,MHR,2335,4739,6471,4370,17915,2334,7754,22853,7896,40837,4669,12493,29324,12266,58752,7408,13608,21016,79768
2012,MHT,21948,21838,4788,563,49137,3,1590,5002,258,6853,21951,23428,9790,821,55990,2714,252,2966,58956
2012,MIA,312830,56723,14563,866,384982,1623,681,3798,111,6213,314453,57404,18361,977,391195,0,0,0,391195
2012,MIC,7,44,3138,20,3209,0,517,23995,43,24555,7,561,27133,63,27764,20400,56,20456,48220
2012,MIE,13,85,3003,29,3130,1,985,15470,464,16920,14,1070,18473,493,20050,5556,269,5825,25875
2012,MKC,177,12247,21325,613,34362,10,3409,19996,486,23901,187,15656,41321,1099,58263,16108,307,16415,74678
2012,MKE,66642,49059,11198,1592,128491,2,1052,3629,179,4862,66644,50111,14827,1771,133353,145,0,145,133498
2012,MKG,2,2296,6077,226,8601,2,45,9394,439,9880,4,2341,15471,665,18481,14722,254,14976,33457
2012,MKK,0,8652,169,132,8953,29,17402,4393,389,22213,29,26054,4562,521,31166,1739,1301,3040,34206
2012,MKL,0,1454,3814,299,5567,0,664,6127,2037,8828,0,2118,9941,2336,14395,5245,2788,8033,22428
2012,MLB,3657,1633,26932,379,32601,15,898,62267,108,63288,3672,2531,89199,487,95889,70178,113,70291,166180
2012,MLI,4507,14941,6635,306,26389,1,28,5187,118,5334,4508,14969,11822,424,31723,6071,139,6210,37933
2012,MLU,113,7299,8028,3537,18977,0,40,6466,332,6838,113,7339,14494,3869,25815,8600,1322,9922,35737
2012,MMU,11,10229,17543,43,27826,0,997,20438,128,21563,11,11226,37981,171,49389,12876,88,12964,62353
2012,MOB,1968,12235,5190,23528,42921,0,310,3117,7528,10955,1968,12545,8307,31056,53876,8209,26772,34981,88857
2012,MOD,32,3272,4100,73,7477,0,5998,17832,81,23911,32,9270,21932,154,31388,10685,233,10918,42306
2012,MOT,7064,3850,4576,259,15749,0,964,9910,239,11113,7064,4814,14486,498,26862,12910,5198,18108,44970
2012,MQY,345,2605,11458,1871,16279,1,1269,17702,3267,22239,346,3874,29160,5138,38518,24010,4026,28036,66554
2012,MRI,69,462,2084,3,2618,7,13072,52669,39,65787,76,13534,54753,42,68405,56978,42,57020,125425
2012,MRY,750,16425,11918,536,29629,0,561,14116,399,15076,750,16986,26034,935,44705,11008,330,11338,56043
2012,MSN,13245,17901,13778,3496,48420,0,299,15255,1550,17104,13245,18200,29033,5046,65524,16334,903,17237,82761
2012,MSO,4296,7324,3621,125,15366,63,2961,9402,75,12501,4359,10285,13023,200,27867,8358,220,8578,36445
2012,MSP,282183,128198,11364,2382,424127,3,69,666,63,801,282186,128267,12030,2445,424928,0,0,0,424928
2012,MSY,87139,10404,12236,631,110410,0,4509,5549,835,10893,87139,14913,17785,1466,121303,0,0,0,121303
2012,MTN,0,1382,8198,1312,10892,1,431,31991,923,33346,1,1813,40189,2235,44238,20618,678,21296,65534
2012,MVY,639,7811,4829,150,13429,1,11297,15521,202,27021,640,19108,20350,352,40450,1254,304,1558,42008
2012,MWA,38,4126,513,246,4923,0,1377,5357,259,6993,38,5503,5870,505,11916,15963,553,16516,28432
2012,MWC,0,256,2983,5,3244,0,116,11267,30,11413,0,372,14250,35,14657,16111,38,16149,30806
2012,MWH,3948,1927,6387,5824,18086,414,476,5785,442,7117,4362,2403,12172,6266,25203,11226,2523,13749,38952
2012,MYF,6,1855,22708,210,24779,0,886,69222,172,70280,6,2741,91930,382,95059,88564,161,88725,183784
2012,MYR,13902,6054,5667,2721,28344,7,72286,4972,6955,84220,13909,78340,10639,9676,112564,2990,1328,4318,116882
2012,NEW,3,2456,15548,925,18932,0,897,16735,880,18512,3,3353,32283,1805,37444,22201,799,23000,60444
2012,NQA,16,261,1842,2224,4343,6,107,3623,896,4632,22,368,5465,3120,8975,3466,14852,18318,27293
2012,OAK,112642,17660,21245,374,151921,5,2159,23156,866,26186,112647,19819,44401,1240,178107,31435,1108,32543,210650
2012,OCF,29,759,9670,742,11200,1,77,25344,71,25493,30,836,35014,813,36693,13462,162,13624,50317
2012,OGD,63,240,1912,136,2351,0,2400,23833,129,26362,63,2640,25745,265,28713,34016,61,34077,62790
2012,OGG,43363,13832,2122,1535,60852,67,51930,8341,554,60892,43430,65762,10463,2089,121744,7959,259,8218,129962
2012,OJC,1,420,8078,61,8560,0,54,23090,65,23209,1,474,31168,126,31769,22695,56,22751,54520
2012,OKC,42483,18789,12854,18868,92994,11,591,5974,1297,7873,42494,19380,18828,20165,100867,962,18104,19066,119933
2012,OLM,6,1378,4924,402,6710,0,888,19296,1930,22114,6,2266,24220,2332,28824,31907,679,32586,61410
2012,OLV,15,3842,2987,77,6921,0,1249,21094,390,22733,15,5091,24081,467,29654,36709,484,37193,66847
2012,OMA,42454,29348,17477,1456,90735,0,2736,4979,195,7910,42454,32084,22456,1651,98645,4076,967,5043,103688
2012,OMN,0,0,8280,5,8285,0,0,54575,1,54576,0,0,62855,6,62861,52534,4,52538,115399
2012,ONT,54298,12632,4453,125,71508,17,1389,6606,99,8111,54315,14021,11059,224,79619,3731,2,3733,83352
2012,OPF,72,4641,29554,1449,35716,1,899,28984,3831,33715,73,5540,58538,5280,69431,31296,2763,34059,103490
2012,ORD,508754,360760,7608,196,877318,15,313,408,54,790,508769,361073,8016,250,878108,0,0,0,878108
2012,ORF,30071,31265,11696,310,73342,2,120,7169,965,8256,30073,31385,18865,1275,81598,2322,50,2372,83970
2012,ORH,222,640,4745,267,5874,2,775,20392,151,21320,224,1415,25137,418,27194,17518,322,17840,45034
2012,ORL,8,4673,20341,266,25288,9,1309,33224,144,34686,17,5982,53565,410,59974,47074,94,47168,107142
2012,OSH,2,669,4479,90,5240,0,356,31392,150,31898,2,1025,35871,240,37138,31875,161,32036,69174
2012,OSU,0,2331,9889,29,12249,1,262,29734,127,30124,1,2593,39623,156,42373,21222,64,21286,63659
2012,OTH,2,4688,1814,280,6784,2,1862,3019,3074,7957,4,6550,4833,3354,14741,1251,6395,7646,22387
2012,OUN,0,441,4991,163,5595,0,107,20791,345,21243,0,548,25782,508,26838,25692,160,25852,52690
2012,OWB,404,2165,2679,589,5837,0,389,11490,675,12554,404,2554,14169,1264,18391,12116,1566,13682,32073
2012,OWD,29,1354,4389,19,5791,0,745,26309,185,27239,29,2099,30698,204,33030,35608,63,35671,68701
2012,OXC,12,2395,3995,243,6645,0,1574,20074,733,22381,12,3969,24069,976,29026,18963,368,19331,48357
2012,OXR,0,1808,7240,107,9155,0,2271,16993,62,19326,0,4079,24233,169,28481,25940,190,26130,54611
2012,PAE,4178,780,10290,468,15716,134,664,37251,379,38428,4312,1444,47541,847,54144,51008,294,51302,105446
2012,PAH,33,2462,2921,293,5709,0,164,13689,835,14688,33,2626,16610,1128,20397,10457,382,10839,31236
2012,PAO,0,122,5584,5,5711,1,1529,67937,68,69535,1,1651,73521,73,75246,96305,16,96321,171567
2012,PBI,50419,24574,38081,627,113701,11,2098,19461,410,21980,50430,26672,57542,1037,135681,478,0,478,136159
2012,PDK,32,12405,45949,304,58690,4,1731,48777,218,50730,36,14136,94726,522,109420,35967,57,36024,145444
2012,PDT,16,3231,454,142,3843,0,1332,4106,521,5959,16,4563,4560,663,9802,1516,1091,2607,12409
2012,PDX,149368,31489,10730,4247,195834,5,8347,9186,284,17822,149373,39836,19916,4531,213656,2533,6,2539,216195
2012,PGD,878,694,2327,54,3953,73,103,20317,43,20536,951,797,22644,97,24489,20254,56,20310,44799
2012,PHF,2733,13373,7367,6341,29814,1,115,17862,1931,19909,2734,13488,25229,8272,49723,35303,18920,54223,103946
2012,PHL,244874,183184,11690,192,439940,1,424,2604,267,3296,244875,183608,14294,459,443236,0,0,0,443236
2012,PHX,353221,63791,13451,1970,432433,29,8688,8112,762,17591,353250,72479,21563,2732,450024,174,6,180,450204
2012,PIA,2680,14456,6966,1814,25916,4,1462,6747,1952,10165,2684,15918,13713,3766,36081,6576,4940,11516,47597
2012,PIE,7048,4810,16612,3150,31620,3,706,31450,6257,38416,7051,5516,48062,9407,70036,46354,8018,54372,124408
2012,PIH,21,4125,1563,72,5781,119,4064,9741,234,14158,140,8189,11304,306,19939,14990,102,15092,35031
2012,PIT,76773,40998,11821,8340,137932,2,190,763,256,1211,76775,41188,12584,8596,139143,29,45,74,139217
2012,PKB,17,3472,3007,1188,7684,0,772,10655,3247,14674,17,4244,13662,4435,22358,6592,6854,13446,35804
2012,PMD,128,170,6210,6196,12704,2,5,2870,449,3326,130,175,9080,6645,16030,1078,11074,12152,28182
2012,PMP,0,205,5846,3,6054,0,281,37628,33,37942,0,486,43474,36,43996,91480,0,91480,135476
2012,PNE,1,4281,8996,179,13457,0,17,28118,39,28174,1,4298,37114,218,41631,28943,0,28943,70574
2012,PNS,9889,19528,8712,13460,51589,6,532,11843,3543,15924,9895,20060,20555,17003,67513,34284,2470,36754,104267
2012,POC,13,64,5667,88,5832,17,88,32690,92,32887,30,152,38357,180,38719,51050,208,51258,89977
2012,POU,293,624,4380,105,5402,0,112,31411,216,31739,293,736,35791,321,37141,47503,362,47865,85006
2012,PRC,3,2733,2201,107,5044,8,1782,79598,237,81625,11,4515,81799,344,86669,165836,24,165860,252529
2012,PSC,6529,5685,4806,765,17785,26,197,11943,289,12455,6555,5882,16749,1054,30240,19264,1730,20994,51234
2012,PSP,11752,19390,7806,441,39389,29,669,12516,743,13957,11781,20059,20322,1184,53346,4118,200,4318,57664
2012,PTK,1285,9859,24710,58,35912,104,1591,39583,105,41383,1389,11450,64293,163,77295,51414,0,51414,128709
2012,PUB,183,4407,6396,1505,12491,2,849,64671,990,66512,185,5256,71067,2495,79003,84912,1644,86556,165559
2012,PVD,33049,15453,7577,196,56275,12,1787,8264,71,10134,33061,17240,15841,267,66409,8940,167,9107,75516
2012,PVU,777,598,2430,97,3902,76,272,20288,313,20949,853,870,22718,410,24851,48289,410,48699,73550
2012,PWA,4,2691,16366,2186,21247,2,870,27820,1201,29893,6,3561,44186,3387,51140,18548,1389,19937,71077
2012,PWK,14,13523,22579,114,36230,3,819,26886,84,27792,17,14342,49465,198,64022,20908,61,20969,84991
2012,PWM,14531,17957,7174,279,39941,0,630,9443,233,10306,14531,18587,16617,512,50247,4247,72,4319,54566
2012,RAL,0,77,7006,49,7132,0,98,29524,69,29691,0,175,36530,118,36823,35155,47,35202,72025
2012,RAP,1277,13034,6402,494,21207,74,1314,9558,2327,13273,1351,14348,15960,2821,34480,7891,1447,9338,43818
2012,RBD,0,117,5276,158,5551,1,80,23646,100,23827,1,197,28922,258,29378,34294,127,34421,63799
2012,RDD,44,6134,2118,204,8500,0,27372,18252,324,45948,44,33506,20370,528,54448,43481,125,43606,98054
2012,RDG,72,4409,12537,885,17903,1,3226,17348,1004,21579,73,7635,29885,1889,39482,36746,3657,40403,79885
2012,RDM,3715,7142,2169,115,13141,188,1580,11861,70,13699,3903,8722,14030,185,26840,17624,314,17938,44778
2012,RDU,85044,53712,26945,1386,167087,1,161,16619,3795,20576,85045,53873,43564,5181,187663,45,16,61,187724
2012,RFD,8731,1888,8431,726,19776,0,1326,8465,130,9921,8731,3214,16896,856,29697,10673,834,11507,41204
2012,RHV,3,136,2708,4,2851,0,427,46028,128,46583,3,563,48736,132,49434,88208,4,88212,137646
2012,RIC,24963,40685,15297,2591,83536,6,207,8320,2026,10559,24969,40892,23617,4617,94095,2255,1795,4050,98145
2012,RME,161,814,1933,1472,4380,1,63,10027,975,11066,162,877,11960,2447,15446,21762,5266,27028,42474
2012,RNM,0,78,1380,5,1463,0,7,30629,154,30790,0,85,32009,159,32253,70037,340,70377,102630
2012,RNO,38330,10055,7503,1217,57105,0,1764,15092,853,17709,38330,11819,22595,2070,74814,5001,643,5644,80458
2012,RNT,408,245,3692,4,4349,0,601,36090,114,36805,408,846,39782,118,41154,51349,258,51607,92761
2012,ROA,1942,19731,8361,694,30728,298,356,8564,345,9563,2240,20087,16925,1039,40291,8421,350,8771,49062
2012,ROC,21688,29788,9350,553,61379,0,772,8343,1176,10291,21688,30560,17693,1729,71670,17049,525,17574,89244
2012,ROG,2,763,7955,14,8734,0,54,3527,9,3590,2,817,11482,23,12324,1589,20,1609,13933
2012,ROW,536,4383,3029,5978,13926,67,1785,4203,2331,8386,603,6168,7232,8309,22312,4373,7986,12359,34671
2012,RST,756,10286,8506,492,20040,2,431,7460,290,8183,758,10717,15966,782,28223,8710,883,9593,37816
2012,RSW,61690,8048,6352,536,76626,6,653,1827,86,2572,61696,8701,8179,622,79198,6,10,16,79214
2012,RVS,0,1886,14535,170,16591,0,527,55719,215,56461,0,2413,70254,385,73052,90483,4,90487,163539
2012,RYN,0,0,519,10,529,0,0,44837,4408,49245,0,0,45356,4418,49774,64271,8261,72532,122306
2012,RYY,0,1355,10917,292,12564,0,966,24628,504,26098,0,2321,35545,796,38662,22514,533,23047,61709
2012,SAC,4,930,15330,95,16359,3,6556,45599,54,52212,7,7486,60929,149,68571,20046,2,20048,88619
2012,SAF,23,5973,6088,822,12906,0,1143,16855,1307,19305,23,7116,22943,2129,32211,30418,2827,33245,65456
2012,SAN,151486,24792,8629,504,185411,304,148,1289,162,1903,151790,24940,9918,666,187314,12,0,12,187326
2012,SAT,96526,17878,36322,3967,154693,1,4247,19257,1822,25327,96527,22125,55579,5789,180020,0,0,0,180020
2012,SAV,15013,20996,19613,5192,60814,1,440,11495,1601,13537,15014,21436,31108,6793,74351,14125,1581,15706,90057
2012,SAW,186,6408,625,90,7309,712,1210,3671,179,5772,898,7618,4296,269,13081,5112,460,5572,18653
2012,SBA,2652,22869,16771,858,43150,1,588,26556,487,27632,2653,23457,43327,1345,70782,31315,252,31567,102349
2012,SBN,2939,14241,7161,76,24417,2,498,5644,50,6194,2941,14739,12805,126,30611,6736,64,6800,37411
2012,SBP,49,9968,6030,169,16216,1,1866,29492,285,31644,50,11834,35522,454,47860,25700,339,26039,73899
2012,SBY,150,5931,2565,618,9264,0,289,11085,2236,13610,150,6220,13650,2854,22874,12085,10666,22751,45625
2012,SCK,956,537,13457,1164,16114,8,909,16498,1474,18889,964,1446,29955,2638,35003,16976,2278,19254,54257
2012,SDF,92482,40116,8688,2080,143366,12,1021,2148,655,3836,92494,41137,10836,2735,147202,390,88,478,147680
2012,SDL,9,9601,22950,316,32876,1,4920,47769,214,52904,10,14521,70719,530,85780,60234,78,60312,146092
2012,SDM,2,1830,6322,804,8958,0,37,21123,1844,23004,2,1867,27445,2648,31962,50169,8640,58809,90771
2012,SEA,291652,14129,1457,42,307280,12,67,2147,91,2317,291664,14196,3604,133,309597,0,0,0,309597
2012,SEE,0,278,11617,50,11945,1,362,67515,28,67906,1,640,79132,78,79851,111481,26,111507,191358
2012,SFB,12793,1232,35624,222,49871,13,161,74312,124,74610,12806,1393,109936,346,124481,176828,79,176907,301388
2012,SFF,4,1200,2522,23,3749,0,2696,21567,39,24302,4,3896,24089,62,28051,24871,10,24881,52932
2012,SFO,317615,88106,11013,633,417367,15,914,2268,2758,5955,317630,89020,13281,3391,423322,0,0,0,423322
2012,SGF,3009,16919,9725,1919,31572,0,463,6272,1463,8198,3009,17382,15997,3382,39770,4034,1065,5099,44869
2012,SGJ,1,1919,9243,699,11862,2,3538,43517,798,47855,3,5457,52760,1497,59717,53203,1622,54825,114542
2012,SGR,0,4837,21718,43,26598,0,771,19801,25,20597,0,5608,41519,68,47195,23320,95,23415,70610
2012,SHV,3293,18267,11544,2344,35448,0,336,5398,334,6068,3293,18603,16942,2678,41516,4353,982,5335,46851
2012,SIG,6,10,3404,184,3604,2,14814,49681,1475,65972,8,14824,53085,1659,69576,45182,301,45483,115059
2012,SJC,81514,21691,17432,78,120715,2,214,8177,147,8540,81516,21905,25609,225,129255,5500,192,5692,134947
2012,SJT,2365,2472,5055,12017,21909,2327,3504,14335,6555,26721,4692,5976,19390,18572,48630,25526,34236,59762,108392
2012,SJU,79650,20962,6112,1741,108465,2,35126,12517,502,48147,79652,56088,18629,2243,156612,65,2,67,156679
2012,SLC,175130,85232,18327,1926,280615,98,6339,38068,267,44772,175228,91571,56395,2193,325387,3568,11,3579,328966
2012,SLE,0,731,4159,738,5628,9,851,13759,1452,16071,9,1582,17918,2190,21699,8642,955,9597,31296
2012,SLN,37,3989,5923,741,10690,2,19714,5890,1455,27061,39,23703,11813,2196,37751,56385,3002,59387,97138
2012,SMF,80547,18176,3217,1474,103414,1,720,3990,816,5527,80548,18896,7207,2290,108941,3146,3742,6888,115829
2012,SMO,30,6640,17750,56,24476,15,47,44468,31,44561,45,6687,62218,87,69037,34240,1,34241,103278
2012,SMX,349,5814,3783,181,10127,28,6429,14132,93,20682,377,12243,17915,274,30809,13336,312,13648,44457
2012,SNA,83472,9058,34802,257,127589,56,198,62740,236,63230,83528,9256,97542,493,190819,74331,0,74331,265150
2012,SNS,34,404,9487,66,9991,0,902,29840,24,30766,34,1306,39327,90,40757,14264,62,14326,55083
2012,SPG,0,8,3707,3,3718,1,178,35623,463,36265,1,186,39330,466,39983,42719,3745,46464,86447
2012,SPI,232,5654,6075,2598,14559,3,1618,7230,609,9460,235,7272,13305,3207,24019,9239,2192,11431,35450
2012,SQL,0,104,3524,4,3632,0,294,44513,29,44836,0,398,48037,33,48468,51991,26,52017,100485
2012,SRQ,12240,4545,21100,1028,38913,3,920,35628,454,37005,12243,5465,56728,1482,75918,30216,898,31114,107032
2012,SSF,2,88,4175,4362,8627,0,9,34374,696,35079,2,97,38549,5058,43706,60362,5269,65631,109337
2012,STC,32,243,2980,178,3433,0,171,11397,1612,13180,32,414,14377,1790,16613,14260,1097,15357,31970
2012,STJ,1,58,3012,2898,5969,18,323,8123,3949,12413,19,381,11135,6847,18382,4722,4654,9376,27758
2012,STL,127576,52008,7176,1167,187927,19,2482,1515,342,4358,127595,54490,8691,1509,192285,262,240,502,192787
2012,STP,14,5025,16045,692,21776,1,3309,17049,2162,22521,15,8334,33094,2854,44297,29362,6259,35621,79918
2012,STS,3021,3050,7005,158,13234,3,1789,37834,201,39827,3024,4839,44839,359,53061,25308,12,25320,78381
2012,STT,9996,6281,3114,353,19744,69,27907,11455,202,39633,10065,34188,14569,555,59377,4032,142,4174,63551
2012,STX,3602,2984,1502,689,8777,5,14459,7874,494,22832,3607,17443,9376,1183,31609,4451,1518,5969,37578
2012,SUA,0,3918,8849,42,12809,0,330,23832,73,24235,0,4248,32681,115,37044,19175,50,19225,56269
2012,SUN,702,7780,6571,17,15070,8,705,9488,74,10275,710,8485,16059,91,25345,1310,28,1338,26683
2012,SUS,32,10990,25561,712,37295,0,759,29754,379,30892,32,11749,55315,1091,68187,43394,255,43649,111836
2012,SUX,35,1936,6609,2469,11049,0,462,3018,64,3544,35,2398,9627,2533,14593,1628,620,2248,16841
2012,SWF,3997,7170,6466,2195,19828,2,1636,13255,1835,16728,3999,8806,19721,4030,36556,8632,1892,10524,47080
2012,SWO,66,190,4059,795,5110,1,861,18493,405,19760,67,1051,22552,1200,24870,33028,1916,34944,59814
2012,SYR,18390,28780,7125,878,55173,1,297,7262,294,7854,18391,29077,14387,1172,63027,2945,293,3238,66265
2012,TCL,304,2249,8077,6866,17496,0,329,11132,3509,14970,304,2578,19209,10375,32466,21077,1714,22791,55257
2012,TEB,164,58010,83690,210,142074,0,3257,13756,266,17279,164,61267,97446,476,159353,0,0,0,159353
2012,TIW,5,435,8544,171,9155,0,266,16267,690,17223,5,701,24811,861,26378,17167,512,17679,44057
2012,TIX,2,204,10078,79,10363,0,0,41369,26,41395,2,204,51447,105,51758,47246,36,47282,99040
2012,TKI,0,745,6149,16,6910,0,660,23266,20,23946,0,1405,29415,36,30856,52302,243,52545,83401
2012,TLH,3072,15825,12280,8265,39442,0,237,11038,1613,12888,3072,16062,23318,9878,52330,8893,2581,11474,63804
2012,TMB,22,1906,23442,78,25448,2,336,95362,48,95748,24,2242,118804,126,121196,89623,0,89623,210819
2012,TOA,12,394,9865,109,10380,10,68,59104,414,59596,22,462,68969,523,69976,68323,1575,69898,139874
2012,TOL,1733,4489,8812,2633,17667,0,673,5744,159,6576,1733,5162,14556,2792,24243,5842,2917,8759,33002
2012,TOP,0,585,8137,238,8960,0,1107,24451,376,25934,0,1692,32588,614,34894,16331,390,16721,51615
2012,TPA,144336,19581,14491,622,179030,0,892,7912,87,8891,144336,20473,22403,709,187921,374,0,374,188295
2012,TRI,780,10803,8779,207,20569,0,1158,11065,164,12387,780,11961,19844,371,32956,16424,0,16424,49380
2012,TTD,1,110,1493,7,1611,0,642,26242,380,27264,1,752,27735,387,28875,64340,250,64590,93465
2012,TTN,35,3931,9227,227,13420,0,33,26027,1020,27080,35,3964,35254,1247,40500,35882,335,36217,76717
2012,TUL,29300,24746,15077,8322,77445,2,383,8601,1279,10265,29302,25129,23678,9601,87710,5404,6766,12170,99880
2012,TUP,65,2811,3999,4228,11103,8,1114,13470,2759,17351,73,3925,17469,6987,28454,13998,7227,21225,49679
2012,TUS,33715,15701,11861,9830,71107,13,4458,29722,5659,39852,33728,20159,41583,15489,110959,24072,10080,34152,145111
2012,TVC,8030,6586,8276,1213,24105,0,833,17740,2609,21182,8030,7419,26016,3822,45287,34803,4790,39593,84880
2012,TWF,11,5447,2272,393,8123,0,1135,13183,409,14727,11,6582,15455,802,22850,10009,996,11005,33855
2012,TXK,72,2739,4157,913,7881,0,1272,6923,630,8825,72,4011,11080,1543,16706,7634,2369,10003,26709
2012,TYR,59,6336,6501,133,13029,0,850,15984,227,17061,59,7186,22485,360,30090,12215,132,12347,42437
2012,TYS,8167,35956,21710,11739,77572,0,111,8098,3627,11836,8167,36067,29808,15366,89408,6321,10260,16581,105989
2012,TZR,0,137,2195,33,2365,0,17,8307,78,8402,0,154,10502,111,10767,10232,133,10365,21132
2012,UES,14,1660,7569,48,9291,0,971,26943,100,28014,14,2631,34512,148,37305,17370,126,17496,54801
2012,UGN,0,3079,8344,161,11584,0,66,14443,377,14886,0,3145,22787,538,26470,21187,253,21440,47910
2012,UNV,63,11404,4407,121,15995,1,1730,9788,363,11882,64,13134,14195,484,27877,10313,379,10692,38569
2012,VCT,0,1550,2216,6114,9880,0,309,6552,3066,9927,0,1859,8768,9180,19807,8967,30626,39593,59400
2012,VCV,1353,112,3509,1358,6332,4,1301,10552,2567,14424,1357,1413,14061,3925,20756,16107,26416,42523,63279
2012,VGT,6,1387,10507,272,12172,1,9022,44756,507,54286,7,10409,55263,779,66458,72702,216,72918,139376
2012,VNY,119,10164,35945,141,46369,134,421,118474,237,119266,253,10585,154419,378,165635,93481,16,93497,259132
2012,VQQ,562,282,5630,4375,10849,50,150,8971,6746,15917,612,432,14601,11121,26766,24427,38315,62742,89508
2012,VRB,4,3194,18934,109,22241,0,309,49735,60,50104,4,3503,68669,169,72345,78706,11,78717,151062
2012,WDG,0,593,2429,5377,8399,0,45,6406,5839,12290,0,638,8835,11216,20689,6302,8152,14454,35143
2012,WHP,0,0,651,0,651,0,0,37431,4,37435,0,0,38082,4,38086,33318,116,33434,71520
2012,WJF,1,335,1534,290,2160,0,1187,26277,744,28208,1,1522,27811,1034,30368,22679,506,23185,53553
2012,XFL,0,164,2594,11,2769,0,33,39074,291,39398,0,197,41668,302,42167,110752,666,111418,153585
2012,XNA,5663,23855,3780,4524,37822,2,20,732,315,1069,5665,23875,4512,4839,38891,320,4401,4721,43612
2012,YIP,3622,10288,12196,100,26206,8,321,14177,73,14579,3630,10609,26373,173,40785,33045,60,33105,73890
2012,YKM,1806,2982,4082,677,9547,0,1672,11775,412,13859,1806,4654,15857,1089,23406,13077,858,13935,37341
2012,YNG,708,1151,6822,5074,13755,0,148,5163,698,6009,708,1299,11985,5772,19764,8549,10807,19356,39120
2013,ABE,3636,13455,12841,339,30271,0,530,17984,75,18589,3636,13985,30825,414,48860,59103,145,59248,108108
2013,ABI,214,9151,10391,7244,27000,3,1752,11035,474,13264,217,10903,21426,7718,40264,12649,12496,25145,65409
2013,ABQ,55544,18944,10438,4367,89293,15,10534,15984,11142,37675,55559,29478,26422,15509,126968,4650,5297,9947,136915
2013,ABY,20,2896,3343,772,7031,0,35,6363,267,6665,20,2931,9706,1039,13696,6681,1924,8605,22301
2013,ACK,784,25460,10046,447,36737,9,61856,21700,419,83984,793,87316,31746,866,120721,170,56,226,120947
2013,ACT,149,4144,10222,3969,18484,1,1086,9413,410,10910,150,5230,19635,4379,29394,4573,1030,5603,34997
2013,ACY,8569,5378,9856,10457,34260,33,525,10560,8255,19373,8602,5903,20416,18712,53633,5864,16649,22513,76146
2013,ADM,8,31,2882,1003,3924,0,1,9497,614,10112,8,32,12379,1617,14036,4978,2866,7844,21880
2013,ADQ,1330,4106,280,822,6538,85,13577,1758,3142,18562,1415,17683,2038,3964,25100,814,7989,8803,33903
2013,ADS,105,7195,27952,151,35403,2,2438,50420,364,53224,107,9633,78372,515,88627,5358,18,5376,94003
2013,ADW,513,363,840,20249,21965,3,77,2747,7426,10253,516,440,3587,27675,32218,13550,29961,43511,75729
2013,AEG,0,353,4347,356,5056,0,719,20793,877,22389,0,1072,25140,1233,27445,36814,2099,38913,66358
2013,AEX,1669,8290,3610,4121,17690,0,0,0,0,0,1669,8290,3610,4121,17690,8788,6453,15241,32931
2013,AFW,5446,3595,12447,8433,29921,0,327,26075,1811,28213,5446,3922,38522,10244,58134,39134,6364,45498,103632
2013,AGC,6,7467,15224,206,22903,2,11748,11411,256,23417,8,19215,26635,462,46320,12846,115,12961,59281
2013,AGS,1645,11790,7008,835,21278,0,129,2394,314,2837,1645,11919,9402,1149,24115,2362,667,3029,27144
2013,AHN,96,1720,7150,526,9492,0,472,13428,348,14248,96,2192,20578,874,23740,18007,194,18201,41941
2013,AKN,687,5400,654,190,6931,86,11820,5168,90,17164,773,17220,5822,280,24095,704,473,1177,25272
2013,ALB,22717,22788,6524,1359,53388,1,2004,7100,1257,10362,22718,24792,13624,2616,63750,7463,1835,9298,73048
2013,ALN,1,1303,5138,345,6787,0,192,9546,96,9834,1,1495,14684,441,16621,12096,653,12749,29370
2013,ALO,30,1301,4297,302,5930,0,53,5009,551,5613,30,1354,9306,853,11543,8043,781,8824,20367
2013,ALW,751,761,1611,26,3149,0,176,9483,24,9683,751,937,11094,50,12832,13802,4,13806,26638
2013,AMA,6290,11872,9597,9623,37382,0,470,4913,1180,6563,6290,12342,14510,10803,43945,5643,9834,15477,59422
2013,ANC,100296,59125,9875,1594,170890,696,18758,64486,700,84640,100992,77883,74361,2294,255530,8814,46,8860,264390
2013,ANE,0,2463,11630,37,14130,0,1599,27542,146,29287,0,4062,39172,183,43417,32719,592,33311,76728
2013,APA,27,25604,37233,1183,64047,5,5343,97694,1263,104305,32,30947,134927,2446,168352,121830,2202,124032,292384
2013,APC,1,3862,6842,66,10771,0,195,19718,41,19954,1,4057,26560,107,30725,14731,31,14762,45487
2013,APF,0,9285,25067,116,34468,0,379,36466,70,36915,0,9664,61533,186,71383,20514,32,20546,91929
2013,ARA,223,1555,1955,2167,5900,0,13594,9211,624,23429,223,15149,11166,2791,29329,63166,1002,64168,93497
2013,ARB,2,370,3453,6,3831,0,186,18490,34,18710,2,556,21943,40,22541,35202,3,35205,57746
2013,ARR,19,801,7387,95,8302,5,18,24056,75,24154,24,819,31443,170,32456,31521,74,31595,64051
2013,ASE,8307,9415,12026,33,29781,0,13,2240,26,2279,8307,9428,14266,59,32060,3241,27,3268,35328
2013,ASG,0,845,4987,0,5832,0,928,9867,11,10806,0,1773,14854,11,16638,8168,0,8168,24806
2013,ASH,0,244,4055,5,4304,2,63,22282,13,22360,2,307,26337,18,26664,29051,252,29303,55967
2013,ATL,725188,178110,5220,119,908637,1,346,2014,76,2437,725189,178456,7234,195,911074,0,0,0,911074
2013,ATW,2463,9885,6147,89,18584,4,227,7993,22,8246,2467,10112,14140,111,26830,7495,78,7573,34403
2013,AUS,101900,16608,27626,2907,149041,1,735,21336,2552,24624,101901,17343,48962,5459,173665,2372,610,2982,176647
2013,AVL,5130,11782,15263,2672,34847,1,206,11072,589,11868,5131,11988,26335,3261,46715,14898,1338,16236,62951
2013,AVP,1743,11864,5376,277,19260,0,1533,6822,232,8587,1743,13397,12198,509,27847,9112,28,9140,36987
2013,AZO,26,8624,7581,77,16308,8,93,9864,50,10015,34,8717,17445,127,26323,17620,8,17628,43951
2013,BAF,5,727,3446,1083,5261,0,17,18060,2108,20185,5,744,21506,3191,25446,16333,2362,18695,44141
2013,BAK,34,845,4124,497,5500,0,44,18656,1432,20132,34,889,22780,1929,25632,9205,2871,12076,37708
2013,BAZ,2,162,2783,241,3188,2,865,14043,178,15088,4,1027,16826,419,18276,22406,606,23012,41288
2013,BBG,2953,295,2182,67,5497,0,132,1272,146,1550,2953,427,3454,213,7047,45,4,49,7096
2013,BCT,0,6476,13332,73,19881,0,740,18636,147,19523,0,7216,31968,220,39404,9328,101,9429,48833
2013,BDL,51285,26804,9109,1477,88675,3,121,5668,1001,6793,51288,26925,14777,2478,95468,415,80,495,95963
2013,BDR,0,2006,5328,60,7394,0,213,24565,40,24818,0,2219,29893,100,32212,30677,40,30717,62929
2013,BED,242,16282,26058,328,42910,11,2555,46586,193,49345,253,18837,72644,521,92255,62225,8,62233,154488
2013,BET,2860,9172,311,120,12463,48,73270,3915,219,77452,2908,82442,4226,339,89915,1339,51,1390,91305
2013,BFI,9187,19600,26437,390,55614,13,13458,65382,178,79031,9200,33058,91819,568,134645,46998,298,47296,181941
2013,BFL,2127,7856,17739,358,28080,22,2113,28634,306,31075,2149,9969,46373,664,59155,34271,242,34513,93668
2013,BFM,1871,1766,5369,7576,16582,13,878,6193,5938,13022,1884,2644,11562,13514,29604,5764,35956,41720,71324
2013,BGM,1,7182,3161,146,10490,1,50,3543,81,3675,2,7232,6704,227,14165,3596,202,3798,17963
2013,BGR,6510,7548,7740,7197,28995,12,637,5415,1824,7888,6522,8185,13155,9021,36883,2380,2024,4404,41287
2013,BHM,25800,24135,29013,4584,83532,0,878,9917,1103,11898,25800,25013,38930,5687,95430,527,124,651,96081
2013,BIL,9009,21214,9465,214,39902,2,2808,14749,115,17674,9011,24022,24214,329,57576,18298,158,18456,76032
2013,BIS,2308,10034,11535,666,24543,4,452,10823,1207,12486,2312,10486,22358,1873,37029,13068,1588,14656,51685
2013,BJC,18,4776,14189,347,19330,8,503,37384,521,38416,26,5279,51573,868,57746,55637,1234,56871,114617
2013,BKL,84,4922,5504,155,10665,0,8916,13057,96,22069,84,13838,18561,251,32734,21754,108,21862,54596
2013,BKV,3,503,3411,389,4306,0,1308,15204,1218,17730,3,1811,18615,1607,22036,18627,5702,24329,46365
2013,BLI,9903,2373,5726,323,18325,5,8750,22353,419,31527,9908,11123,28079,742,49852,15941,587,16528,66380
2013,BMG,52,599,4125,105,4881,0,16,8832,196,9044,52,615,12957,301,13925,9792,101,9893,23818
2013,BMI,2807,5410,4376,128,12721,0,11,7229,84,7324,2807,5421,11605,212,20045,6294,168,6462,26507
2013,BNA,96560,48388,23235,1183,169366,2,319,6266,473,7060,96562,48707,29501,1656,176426,0,0,0,176426
2013,BOI,32321,10657,14698,3139,60815,31,2805,24365,5971,33172,32352,13462,39063,9110,93987,18262,2307,20569,114556
2013,BOS,272381,59630,12109,175,344295,6,18964,2711,509,22190,272387,78594,14820,684,366485,0,0,0,366485
2013,BPT,27,2774,5855,258,8914,0,698,5775,221,6694,27,3472,11630,479,15608,4174,8,4182,19790
2013,BQN,7919,2591,1338,659,12507,31,65,11115,4330,15541,7950,2656,12453,4989,28048,4973,8500,13473,41521
2013,BRO,623,7697,6840,3059,18219,0,168,6405,470,7043,623,7865,13245,3529,25262,4171,7578,11749,37011
2013,BTL,7,745,7007,342,8101,0,52,22961,329,23342,7,797,29968,671,31443,50163,709,50872,82315
2013,BTR,1995,21283,17332,759,41369,22,434,14369,315,15140,2017,21717,31701,1074,56509,14238,360,14598,71107
2013,BTV,12941,13599,7391,2690,36621,0,274,11356,1552,13182,12941,13873,18747,4242,49803,21666,2730,24396,74199
2013,BUF,50492,28041,7925,421,86879,0,1676,4094,119,5889,50492,29717,12019,540,92768,29314,3078,32392,125160
2013,BUR,42370,20829,15912,221,79332,27,1741,20414,377,22559,42397,22570,36326,598,101891,29227,4,29231,131122
2013,BVY,3,1123,3370,47,4543,0,323,20091,159,20573,3,1446,23461,206,25116,29280,48,29328,54444
2013,BWI,206901,34454,12517,786,254658,12,359,3220,557,4148,206913,34813,15737,1343,258806,967,0,967,259773
2013,BZN,8261,8948,5733,100,23042,5,674,22048,103,22830,8266,9622,27781,203,45872,28931,114,29045,74917
2013,CAE,5443,28140,9955,1372,44910,0,185,4908,232,5325,5443,28325,14863,1604,50235,2236,509,2745,52980
2013,CAK,14990,14507,13612,611,43720,0,392,8224,824,9440,14990,14899,21836,1435,53160,20937,1357,22294,75454
2013,CCR,1,832,6187,72,7092,2,2475,33339,93,35909,3,3307,39526,165,43001,44077,39,44116,87117
2013,CDW,4,558,4709,4,5275,0,168,44338,620,45126,4,726,49047,624,50401,30002,161,30163,80564
2013,CGF,0,3302,7278,2,10582,0,34,8328,5,8367,0,3336,15606,7,18949,9642,8,9650,28599
2013,CHA,1721,15496,16811,5372,39400,7,293,8102,710,9112,1728,15789,24913,6082,48512,4487,1425,5912,54424
2013,CHD,20,114,1972,0,2106,0,2316,75262,318,77896,20,2430,77234,318,80002,131231,423,131654,211656
2013,CHO,45,17829,10184,1148,29206,0,1372,19174,715,21261,45,19201,29358,1863,50467,18311,3446,21757,72224
2013,CHS,28299,25056,15731,9890,78976,1,737,5589,1565,7892,28300,25793,21320,11455,86868,9696,7723,17419,104287
2013,CIC,8,2335,827,561,3731,11,8549,18457,2372,29389,19,10884,19284,2933,33120,7434,9976,17410,50530
2013,CID,5580,20748,9013,175,35516,0,72,7152,44,7268,5580,20820,16165,219,42784,7222,44,7266,50050
2013,CKB,287,1985,3324,3521,9117,0,134,3161,297,3592,287,2119,6485,3818,12709,9239,11219,20458,33167
2013,CLE,57764,114513,8136,166,180579,0,206,502,53,761,57764,114719,8638,219,181340,0,0,0,181340
2013,CLL,124,6008,7611,6861,20604,4,926,14562,1319,16811,128,6934,22173,8180,37415,9949,3093,13042,50457
2013,CLT,356086,174651,20416,1295,552448,0,400,5010,97,5507,356086,175051,25426,1392,557955,0,0,0,557955
2013,CMA,0,1601,13141,147,14889,0,724,54013,110,54847,0,2325,67154,257,69736,66650,124,66774,136510
2013,CMH,58420,45768,16940,391,121519,0,583,4929,171,5683,58420,46351,21869,562,127202,985,0,985,128187
2013,CMI,92,7754,5505,175,13526,0,5866,5215,135,11216,92,13620,10720,310,24742,29868,43,29911,54653
2013,CNO,22,254,13884,161,14321,17,203,48913,248,49381,39,457,62797,409,63702,104919,1082,106001,169703
2013,CNW,4,24,2295,2894,5217,0,36,11114,384,11534,4,60,13409,3278,16751,22503,10707,33210,49961
2013,COS,14513,12537,9418,7232,43700,8,1175,17013,5906,24102,14521,13712,26431,13138,67802,33900,25954,59854,127656
2013,COU,177,2566,4966,225,7934,0,28,6706,237,6971,177,2594,11672,462,14905,5887,452,6339,21244
2013,CPR,1171,10517,5577,296,17561,5,1075,10635,71,11786,1176,11592,16212,367,29347,12989,218,13207,42554
2013,CPS,53,2675,9863,452,13043,8,17973,28428,237,46646,61,20648,38291,689,59689,41442,19,41461,101150
2013,CRE,0,438,5884,555,6877,4,10876,13712,430,25022,4,11314,19596,985,31899,9646,254,9900,41799
2013,CRG,0,1083,18540,93,19716,0,23,32639,8957,41619,0,1106,51179,9050,61335,38502,166,38668,100003
2013,CRP,4223,13737,8607,14928,41495,1,1368,7326,3282,11977,4224,15105,15933,18210,53472,2384,16098,18482,71954
2013,CRQ,0,8667,32556,630,41853,2,1429,51990,360,53781,2,10096,84546,990,95634,59255,397,59652,155286
2013,CRW,1309,17582,7194,2676,28761,3,1240,6472,921,8636,1312,18822,13666,3597,37397,8086,3178,11264,48661
2013,CSG,636,3086,5932,115,9769,32,188,6358,223,6801,668,3274,12290,338,16570,9272,338,9610,26180
2013,CVG,60921,71597,3789,57,136364,0,221,1023,133,1377,60921,71818,4812,190,137741,0,0,0,137741
2013,CWA,119,8496,1356,26,9997,0,184,2325,38,2547,119,8680,3681,64,12544,1632,64,1696,14240
2013,CWF,81,348,2380,9727,12536,1,350,3183,1394,4928,82,698,5563,11121,17464,1883,5676,7559,25023
2013,CXO,1,273,8997,150,9421,0,451,20620,1342,22413,1,724,29617,1492,31834,21175,1313,22488,54322
2013,CXY,0,347,5409,934,6690,0,52,7916,2169,10137,0,399,13325,3103,16827,5820,4962,10782,27609
2013,CYS,142,4867,4408,2650,12067,1,103,2280,484,2868,143,4970,6688,3134,14935,15242,25060,40302,55237
2013,DAB,5340,1284,45617,771,53012,0,108,155982,318,156408,5340,1392,201599,1089,209420,83406,0,83406,292826
2013,DAL,88026,30894,46577,672,166169,2,2408,8545,293,11248,88028,33302,55122,965,177417,0,0,0,177417
2013,DAY,17188,28176,7652,239,53255,6,69,2434,145,2654,17194,28245,10086,384,55909,3868,183,4051,59960
2013,DBQ,26,1801,5463,194,7484,13,12,16071,46,16142,39,1813,21534,240,23626,24416,100,24516,48142
2013,DCA,197313,90999,3023,418,291753,18,452,2034,1935,4439,197331,91451,5057,2353,296192,0,0,0,296192
2013,DEC,0,3984,3297,835,8116,0,2,8841,2875,11718,0,3986,12138,3710,19834,17697,6689,24386,44220
2013,DEN,419819,162517,3326,64,585726,254,202,662,16,1134,420073,162719,3988,80,586860,0,0,0,586860
2013,DET,1,1716,5427,35,7179,0,38,15304,104,15446,1,1754,20731,139,22625,31795,160,31955,54580
2013,DFW,452244,218514,5214,82,676054,19,661,1280,45,2005,452263,219175,6494,127,678059,0,0,0,678059
2013,DHN,2387,1200,8068,15059,26714,13,293,9024,4190,13520,2400,1493,17092,19249,40234,13867,16497,30364,70598
2013,DLH,785,9758,8935,2978,22456,1,1231,10916,331,12479,786,10989,19851,3309,34935,15531,3250,18781,53716
2013,DPA,45,6213,15082,121,21461,4,195,25613,506,26318,49,6408,40695,627,47779,26555,78,26633,74412
2013,DSM,20459,21904,15863,1120,59346,55,713,8342,331,9441,20514,22617,24205,1451,68787,6227,1431,7658,76445
2013,DTN,0,141,7603,34,7778,0,129,18511,108,18748,0,270,26114,142,26526,28753,16,28769,55295
2013,DTO,12,1084,12647,100,13843,0,389,56029,127,56545,12,1473,68676,227,70388,90298,54,90352,160740
2013,DTW,229556,190060,5292,51,424959,4,118,638,13,773,229560,190178,5930,64,425732,0,0,0,425732
2013,DVT,15,483,6290,14,6802,2,4035,129482,42,133561,17,4518,135772,56,140363,214601,31,214632,354995
2013,DWH,3,2945,18324,1034,22306,0,1793,65935,902,68630,3,4738,84259,1936,90936,83978,494,84472,175408
2013,DXR,0,566,2548,4,3118,0,2465,30438,29,32932,0,3031,32986,33,36050,31405,64,31469,67519
2013,EAU,36,1256,7597,100,8989,0,1122,7406,294,8822,36,2378,15003,394,17811,5304,258,5562,23373
2013,ECP,9051,4382,10578,3657,27668,4,335,9250,678,10267,9055,4717,19828,4335,37935,14395,7673,22068,60003
2013,EGE,3466,7842,9220,101,20629,0,3,5914,3480,9397,3466,7845,15134,3581,30026,6485,523,7008,37034
2013,ELM,2998,5950,5757,59,14764,0,86,2279,54,2419,2998,6036,8036,113,17183,3846,106,3952,21135
2013,ELP,34696,16855,8768,3312,63631,62,4012,13904,1199,19177,34758,20867,22672,4511,82808,7429,696,8125,90933
2013,EMT,10,469,3122,11,3612,18,370,32639,101,33128,28,839,35761,112,36740,49832,3,49835,86575
2013,ENA,91,10673,565,250,11579,577,14097,5139,226,20039,668,24770,5704,476,31618,5943,3102,9045,40663
2013,ENW,0,2975,4098,10,7083,0,87,20173,15,20275,0,3062,24271,25,27358,28764,52,28816,56174
2013,ERI,12,7623,3686,170,11491,0,65,3207,111,3383,12,7688,6893,281,14874,6098,291,6389,21263
2013,ESN,0,894,3858,221,4973,0,632,16852,708,18192,0,1526,20710,929,23165,24634,978,25612,48777
2013,EUG,7220,9959,6779,1606,25564,49,631,14881,259,15820,7269,10590,21660,1865,41384,17511,1798,19309,60693
2013,EVB,0,1611,6365,13,7989,1,268,40141,26,40436,1,1879,46506,39,48425,106229,20,106249,154674
2013,EVV,46,11104,5776,1132,18058,0,643,5167,111,5921,46,11747,10943,1243,23979,22421,2042,24463,48442
2013,EWB,0,2172,3338,92,5602,0,4748,18976,172,23896,0,6920,22314,264,29498,22782,367,23149,52647
2013,EWN,47,7923,2984,301,11255,0,370,8379,389,9138,47,8293,11363,690,20393,9484,1799,11283,31676
2013,EWR,281701,126954,4822,61,413538,6,843,5056,407,6312,281707,127797,9878,468,419850,0,0,0,419850
2013,EYW,11487,7787,9681,170,29125,3,3705,17659,288,21655,11490,11492,27340,458,50780,6435,231,6666,57446
2013,FAI,10229,14330,5996,1206,31761,116,20718,31338,569,52741,10345,35048,37334,1775,84502,32224,503,32727,117229
2013,FAR,4435,16795,16169,1506,38905,0,2155,11541,644,14340,4435,18950,27710,2150,53245,25572,1621,27193,80438
2013,FAT,11826,18738,8725,2615,41904,4,3041,35985,2590,41620,11830,21779,44710,5205,83524,41866,3674,45540,129064
2013,FAY,1189,12553,6264,2119,22125,0,199,6912,529,7640,1189,12752,13176,2648,29765,10926,3049,13975,43740
2013,FCM,44,1672,16220,23,17959,0,543,26327,291,27161,44,2215,42547,314,45120,30159,445,30604,75724
2013,FDK,0,955,4290,125,5370,0,3006,34675,1035,38716,0,3961,38965,1160,44086,54407,409,54816,98902
2013,FFZ,4,319,4052,13,4388,1,2945,102240,3812,108998,5,3264,106292,3825,113386,149925,385,150310,263696
2013,FLG,44,5670,1802,180,7696,68,6145,18129,365,24707,112,11815,19931,545,32403,7999,359,8358,40761
2013,FLL,190366,25832,25040,297,241535,67,3155,10624,280,14126,190433,28987,35664,577,255661,0,0,0,255661
2013,FLO,18,3674,4384,1081,9157,78,138,3289,293,3798,96,3812,7673,1374,12955,4873,1348,6221,19176
2013,FMN,0,6750,1845,172,8767,0,3932,9912,333,14177,0,10682,11757,505,22944,12724,669,13393,36337
2013,FMY,7,1528,12904,69,14508,0,166,32625,33,32824,7,1694,45529,102,47332,33831,46,33877,81209
2013,FNT,6072,8991,7225,65,22353,1,190,8117,4,8312,6073,9181,15342,69,30665,8268,0,8268,38933
2013,FOE,253,256,1824,6188,8521,0,70,2844,3280,6194,253,326,4668,9468,14715,1052,7812,8864,23579
2013,FOK,0,3552,6868,582,11002,0,84,20377,1723,22184,0,3636,27245,2305,33186,25124,8092,33216,66402
2013,FPR,0,800,20784,14,21598,0,912,45827,24,46763,0,1712,66611,38,68361,72944,8,72952,141313
2013,FRG,148,9207,13517,27,22899,10,1202,92653,78,93943,158,10409,106170,105,116842,97788,8,97796,214638
2013,FSD,7235,27046,13807,2597,50685,0,817,6718,129,7664,7235,27863,20525,2726,58349,5134,2404,7538,65887
2013,FSM,64,5726,6639,4591,17020,0,285,6197,1550,8032,64,6011,12836,6141,25052,5674,4171,9845,34897
2013,FTG,0,54,2840,30,2924,0,7,16837,338,17182,0,61,19677,368,20106,24084,406,24490,44596
2013,FTW,60,8510,22164,458,31192,0,1392,23450,286,25128,60,9902,45614,744,56320,31812,109,31921,88241
2013,FTY,0,3968,17707,60,21735,0,71,9145,23,9239,0,4039,26852,83,30974,17076,40,17116,48090
2013,FUL,8,0,3082,0,3090,0,12,34285,2,34299,8,12,37367,2,37389,18128,4,18132,55521
2013,FWA,3306,13713,6929,856,24804,14,822,4267,1448,6551,3320,14535,11196,2304,31355,4712,778,5490,36845
2013,FWS,0,276,3177,10,3463,0,263,19893,251,20407,0,539,23070,261,23870,31590,30,31620,55490
2013,FXE,17,12166,33638,70,45891,1,2728,76282,46,79057,18,14894,109920,116,124948,33452,0,33452,158400
2013,FYV,20,538,4355,389,5302,0,87,12575,234,12896,20,625,16930,623,18198,17655,573,18228,36426
2013,GCK,40,3035,3336,512,6923,0,256,4370,494,5120,40,3291,7706,1006,12043,2054,998,3052,15095
2013,GCN,93,1388,623,211,2315,236,92745,2129,282,95392,329,94133,2752,493,97707,706,311,1017,98724
2013,GEG,35141,8015,5633,1092,49881,2,240,6256,104,6602,35143,8255,11889,1196,56483,7711,471,8182,64665
2013,GEU,0,205,925,10,1140,1,729,25175,42,25947,1,934,26100,52,27087,40649,76,40725,67812
2013,GFK,2379,47224,7908,157,57668,0,63276,9199,51,72526,2379,110500,17107,208,130194,215821,59,215880,346074
2013,GGG,332,4279,9452,2376,16439,122,4199,8730,281,13332,454,8478,18182,2657,29771,31473,2614,34087,63858
2013,GJT,2907,12910,5208,1084,22109,0,179,13583,309,14071,2907,13089,18791,1393,36180,11569,781,12350,48530
2013,GKY,103,807,6631,42,7583,0,13,30634,54,30701,103,820,37265,96,38284,28417,28,28445,66729
2013,GLH,1228,7,1227,1723,4185,0,0,4790,235,5025,1228,7,6017,1958,9210,2167,18994,21161,30371
2013,GLS,0,1821,2684,226,4731,12,10961,10430,203,21606,12,12782,13114,429,26337,8101,136,8237,34574
2013,GMU,2,6600,4778,68,11448,17,4260,17757,674,22708,19,10860,22535,742,34156,14410,174,14584,48740
2013,GNV,245,12075,11459,4028,27807,0,76,22972,1287,24335,245,12151,34431,5315,52142,14455,3385,17840,69982
2013,GON,0,1292,4693,420,6405,0,382,16396,1056,17834,0,1674,21089,1476,24239,10438,802,11240,35479
2013,GPI,2841,5229,4378,345,12793,12,71,5880,427,6390,2853,5300,10258,772,19183,5608,1596,7204,26387
2013,GPM,15,63,1154,8,1240,0,1,22689,931,23621,15,64,23843,939,24861,41139,5743,46882,71743
2013,GPT,4986,9420,6116,16859,37381,1,467,3542,2074,6084,4987,9887,9658,18933,43465,4216,3880,8096,51561
2013,GRB,2892,13585,10559,517,27553,29,137,8557,99,8822,2921,13722,19116,616,36375,11679,529,12208,48583
2013,GRI,499,2889,2990,324,6702,0,433,4933,1011,6377,499,3322,7923,1335,13079,3848,1140,4988,18067
2013,GRR,15656,27599,16383,380,60018,5,531,7722,85,8343,15661,28130,24105,465,68361,7375,262,7637,75998
2013,GSN,5247,4478,1051,158,10934,0,45892,20239,352,66483,5247,50370,21290,510,77417,58,0,58,77475
2013,GSO,20670,25118,14998,1210,61996,17,639,10000,359,11015,20687,25757,24998,1569,73011,8498,572,9070,82081
2013,GSP,11599,24681,6176,684,43140,235,141,2098,426,2900,11834,24822,8274,1110,46040,639,352,991,47031
2013,GTF,5196,9737,4488,2321,21742,2,146,5228,491,5867,5198,9883,9716,2812,27609,6979,1018,7997,35606
2013,GTR,35,2404,3688,8688,14815,30,495,7904,3303,11732,65,2899,11592,11991,26547,4468,7176,11644,38191
2013,GTU,0,254,5232,42,5528,0,89,28683,33,28805,0,343,33915,75,34333,36015,84,36099,70432
2013,GUM,22246,4636,1471,217,28570,80,293,17854,171,18398,22326,4929,19325,388,46968,21052,116,21168,68136
2013,GYH,0,2595,1103,714,4412,0,5188,3531,1489,10208,0,7783,4634,2203,14620,3836,1794,5630,20250
2013,GYR,160,189,870,17,1236,16,536,49404,2944,52900,176,725,50274,2961,54136,65593,926,66519,120655
2013,GYY,554,707,6974,122,8357,2,189,6804,375,7370,556,896,13778,497,15727,5993,492,6485,22212
2013,HEF,6,3759,14723,112,18600,0,5032,17454,245,22731,6,8791,32177,357,41331,38987,103,39090,80421
2013,HFD,0,1269,2944,19,4232,0,500,27722,22,28244,0,1769,30666,41,32476,23358,80,23438,55914
2013,HGR,175,2493,3045,1085,6798,0,3051,19883,5910,28844,175,5544,22928,6995,35642,18747,2374,21121,56763
2013,HHR,3,1450,2537,19,4009,0,1765,37939,329,40033,3,3215,40476,348,44042,35208,33,35241,79283
2013,HIO,4,3717,16389,146,20256,1,167,53798,230,54196,5,3884,70187,376,74452,141387,22,141409,215861
2013,HKS,8,1320,4784,778,6890,2,272,5367,1636,7277,10,1592,10151,2414,14167,8146,7594,15740,29907
2013,HKY,0,1167,4055,120,5342,0,1495,10663,536,12694,0,2662,14718,656,18036,11072,253,11325,29361
2013,HLG,0,1109,888,738,2735,0,690,6925,2222,9837,0,1799,7813,2960,12572,2556,9340,11896,24468
2013,HLN,1683,4602,2005,354,8644,0,140,11389,2333,13862,1683,4742,13394,2687,22506,14876,1480,16356,38862
2013,HND,0,1171,10422,190,11783,0,23273,30778,137,54188,0,24444,41200,327,65971,23337,14,23351,89322
2013,HNL,153001,36125,8842,11316,209284,5,35418,39234,2404,77061,153006,71543,48076,13720,286345,478,74,552,286897
2013,HOB,2,1199,1376,50,2627,0,1142,4246,50,5438,2,2341,5622,100,8065,738,90,828,8893
2013,HOU,112933,29463,44944,261,187601,4,6970,8219,2370,17563,112937,36433,53163,2631,205164,0,0,0,205164
2013,HPN,13778,49401,40625,64,103868,3,4434,35750,76,40263,13781,53835,76375,140,144131,26732,0,26732,170863
2013,HRL,8987,3487,2632,2701,17807,2,232,6648,1724,8606,8989,3719,9280,4425,26413,9052,11201,20253,46666
2013,HSA,0,84,1392,4365,5841,0,8,3593,1443,5044,0,92,4985,5808,10885,3664,6623,10287,21172
2013,HSV,9464,14370,6769,7744,38347,502,97,5059,1531,7189,9966,14467,11828,9275,45536,3263,11735,14998,60534
2013,HTS,1496,3586,3065,251,8398,14,337,2900,262,3513,1510,3923,5965,513,11911,2883,371,3254,15165
2013,HUF,85,301,5378,435,6199,6,397,10339,141,10883,91,698,15717,576,17082,20377,411,20788,37870
2013,HUM,0,10780,4857,10,15647,0,46604,9363,84,56051,0,57384,14220,94,71698,3360,14,3374,75072
2013,HUT,0,420,2929,771,4120,0,1810,8748,268,10826,0,2230,11677,1039,14946,19279,1316,20595,35541
2013,HVN,0,3883,3933,56,7872,0,211,10315,147,10673,0,4094,14248,203,18545,14546,220,14766,33311
2013,HWD,8,2025,6132,35,8200,0,1529,41112,1049,43690,8,3554,47244,1084,51890,48420,8,48428,100318
2013,HWO,1,10,2490,4,2505,0,214,47636,29,47879,1,224,50126,33,50384,91949,66,92015,142399
2013,HXD,16,7355,10569,96,18036,0,210,9560,155,9925,16,7565,20129,251,27961,1951,571,2522,30483
2013,HYA,0,16014,6523,44,22581,0,51515,18170,104,69789,0,67529,24693,148,92370,9079,214,9293,101663
2013,HYI,5,807,9722,160,10694,0,367,21407,209,21983,5,1174,31129,369,32677,21316,312,21628,54305
2013,IAD,162730,128636,38236,308,329910,108,776,2982,676,4542,162838,129412,41218,984,334452,0,0,0,334452
2013,IAG,931,546,2832,2234,6543,2,30,5707,2239,7978,933,576,8539,4473,14521,3942,2646,6588,21109
2013,IAH,274721,217230,10880,124,502955,257,542,1228,161,2188,274978,217772,12108,285,505143,0,0,0,505143
2013,ICT,14677,21681,30768,16305,83431,124,2232,18958,485,21799,14801,23913,49726,16790,105230,21389,22758,44147,149377
2013,IDA,960,7114,1829,91,9994,5,2089,10733,23,12850,965,9203,12562,114,22844,12414,74,12488,35332
2013,IFP,1631,119,427,52,2229,16,1763,9051,235,11065,1647,1882,9478,287,13294,4506,133,4639,17933
2013,ILG,763,3483,10564,1379,16189,0,196,13485,2049,15730,763,3679,24049,3428,31919,19326,5438,24764,56683
2013,ILM,6801,12056,14854,3624,37335,0,983,8455,1054,10492,6801,13039,23309,4678,47827,3318,834,4152,51979
2013,IND,99928,37507,13526,761,151722,11,306,1903,98,2318,99939,37813,15429,859,154040,0,0,0,154040
2013,INT,192,1994,9285,140,11611,0,797,16061,560,17418,192,2791,25346,700,29029,12238,506,12744,41773
2013,IPT,23,2745,2788,87,5643,0,880,8971,174,10025,23,3625,11759,261,15668,4910,136,5046,20714
2013,ISM,89,2246,24842,54,27231,0,875,39187,26,40088,89,3121,64029,80,67319,41486,193,41679,108998
2013,ISO,161,385,2578,3803,6927,0,656,2848,585,4089,161,1041,5426,4388,11016,3028,7496,10524,21540
2013,ISP,9979,7154,10532,211,27876,0,1721,31031,930,33682,9979,8875,41563,1141,61558,44924,526,45450,107008
2013,ITH,14,8156,3614,12,11796,0,251,7161,14,7426,14,8407,10775,26,19222,19282,76,19358,38580
2013,ITO,14942,5077,760,2941,23720,24,40786,3828,2412,47050,14966,45863,4588,5353,70770,13548,9024,22572,93342
2013,IWA,10010,2225,5055,1621,18911,3,9793,60039,1711,71546,10013,12018,65094,3332,90457,95544,2661,98205,188662
2013,IXD,0,1788,7765,268,9821,1,93,14134,743,14971,1,1881,21899,1011,24792,20132,225,20357,45149
2013,JAC,6167,5553,6273,69,18062,13,525,4054,249,4841,6180,6078,10327,318,22903,520,70,590,23493
2013,JAN,7520,15901,6707,5302,35430,0,313,1777,220,2310,7520,16214,8484,5522,37740,995,14361,15356,53096
2013,JAX,50758,18884,9319,3860,82821,2,80,2792,922,3796,50760,18964,12111,4782,86617,1429,2103,3532,90149
2013,JEF,14,294,4728,453,5489,0,370,9334,966,10670,14,664,14062,1419,16159,12111,1451,13562,29721
2013,JFK,357646,45486,3648,134,406914,8,1677,3050,127,4862,357654,47163,6698,261,411776,0,0,0,411776
2013,JLN,16,1891,3435,40,5382,0,612,8796,100,9508,16,2503,12231,140,14890,11847,26,11873,26763
2013,JNU,8421,2769,643,129,11962,416,66884,8968,231,76499,8837,69653,9611,360,88461,4561,44,4605,93066
2013,JQF,898,2374,11762,53,15087,16,3949,21014,255,25234,914,6323,32776,308,40321,20774,56,20830,61151
2013,JRF,2,4,1329,1580,2915,2,6,15640,4014,19662,4,10,16969,5594,22577,92727,23484,116211,138788
2013,JVL,29,3178,1801,39,5047,0,454,14943,57,15454,29,3632,16744,96,20501,21271,147,21418,41919
2013,JXN,19,280,3953,169,4421,25,498,20732,258,21513,44,778,24685,427,25934,18235,147,18382,44316
2013,KOA,22174,7919,2621,3614,36328,201,18661,13871,1649,34382,22375,26580,16492,5263,70710,35905,11329,47234,117944
2013,LAF,72,504,6636,48,7260,0,34,23922,41,23997,72,538,30558,89,31257,59820,48,59868,91125
2013,LAL,22,876,8121,848,9867,87,67,35696,228,36078,109,943,43817,1076,45945,38089,614,38703,84648
2013,LAN,2709,13072,7320,740,23841,15,163,5301,199,5678,2724,13235,12621,939,29519,2190,79,2269,31788
2013,LAS,338525,27333,35837,697,402392,11,106311,11316,356,117994,338536,133644,47153,1053,520386,0,0,0,520386
2013,LAW,53,3014,2130,11928,17125,2,0,3225,308,3535,55,3014,5355,12236,20660,1308,307,1615,22275
2013,LAX,501501,92592,16677,708,611478,97,32,1549,1761,3439,501598,92624,18226,2469,614917,0,0,0,614917
2013,LBB,9561,16776,11827,6499,44663,56,5292,12946,568,18862,9617,22068,24773,7067,63525,9636,6122,15758,79283
2013,LBE,1974,3783,3080,428,9265,22,234,8643,314,9213,1996,4017,11723,742,18478,8500,346,8846,27324
2013,LCH,35,5595,4625,1865,12120,0,6665,7923,80,14668,35,12260,12548,1945,26788,9358,2141,11499,38287
2013,LEB,11,5134,3104,54,8303,1,3396,8906,202,12505,12,8530,12010,256,20808,11045,139,11184,31992
2013,LEE,27,284,5280,17,5608,0,338,21556,80,21974,27,622,26836,97,27582,26900,26,26926,54508
2013,LEX,3919,24480,15264,1025,44688,6,585,13647,416,14654,3925,25065,28911,1441,59342,5069,309,5378,64720
2013,LFT,801,15079,12421,532,28833,5,13353,8431,90,21879,806,28432,20852,622,50712,7521,242,7763,58475
2013,LGA,307770,60256,4292,142,372460,1,282,2615,62,2960,307771,60538,6907,204,375420,0,0,0,375420
2013,LGB,27723,2750,25080,658,56211,32,2447,77226,271,79976,27755,5197,102306,929,136187,139216,93,139309,275496
2013,LIH,26197,3158,1194,2637,33186,398,65422,9315,709,75844,26595,68580,10509,3346,109030,14273,2966,17239,126269
2013,LIT,19304,20761,22766,6120,68951,1,1000,16198,809,18008,19305,21761,38964,6929,86959,4656,5688,10344,97303
2013,LMT,2,1999,1583,5732,9316,9,1482,10435,3336,15262,11,3481,12018,9068,24578,7123,9996,17119,41697
2013,LNK,164,10021,11195,7532,28912,1,1558,11183,1554,14296,165,11579,22378,9086,43208,10020,3302,13322,56530
2013,LNS,12,3527,9131,1343,14013,0,485,31042,606,32133,12,4012,40173,1949,46146,29069,5011,34080,80226
2013,LOU,6,828,7796,69,8699,2,2645,25817,413,28877,8,3473,33613,482,37576,34413,276,34689,72265
2013,LRD,4148,9516,8535,2765,24964,8,61,10490,3192,13751,4156,9577,19025,5957,38715,28424,58526,86950,125665
2013,LSE,228,6460,2730,246,9664,4,311,5246,414,5975,232,6771,7976,660,15639,3170,632,3802,19441
2013,LUK,35,9319,20901,320,30575,0,2066,18400,213,20679,35,11385,39301,533,51254,18872,90,18962,70216
2013,LVK,4,971,9431,50,10456,0,15,54205,32,54252,4,986,63636,82,64708,92116,4,92120,156828
2013,LWB,2013,3153,7128,210,12504,8,761,4608,753,6130,2021,3914,11736,963,18634,3115,932,4047,22681
2013,LWM,0,520,4006,9,4535,0,156,22599,23,22778,0,676,26605,32,27313,25098,14,25112,52425
2013,LWS,1717,2114,1923,131,5885,2,1683,12356,78,14119,1719,3797,14279,209,20004,9728,274,10002,30006
2013,LYH,34,5084,6931,649,12698,0,1003,35671,1192,37866,34,6087,42602,1841,50564,63837,939,64776,115340
2013,LZU,0,3283,10828,69,14180,0,390,28502,231,29123,0,3673,39330,300,43303,27775,24,27799,71102
2013,MAF,7096,15652,16723,9484,48955,3,781,8388,1047,10219,7099,16433,25111,10531,59174,2402,10988,13390,72564
2013,MBS,77,8159,5687,103,14026,6,113,2938,50,3107,83,8272,8625,153,17133,4975,122,5097,22230
2013,MCI,99128,25513,2898,730,128269,19,246,707,40,1012,99147,25759,3605,770,129281,4,0,4,129285
2013,MCN,187,1455,5812,405,7859,1,229,3939,231,4400,188,1684,9751,636,12259,2769,36,2805,15064
2013,MCO,268661,13542,13322,251,295776,41,336,2337,62,2776,268702,13878,15659,313,298552,0,0,0,298552
2013,MDH,12,721,1050,10,1793,0,88,29846,55,29989,12,809,30896,65,31782,59378,42,59420,91202
2013,MDT,8135,27404,5800,4029,45368,0,313,2353,689,3355,8135,27717,8153,4718,48723,1966,3722,5688,54411
2013,MDW,186625,26849,28929,295,242698,16,1078,7188,1146,9428,186641,27927,36117,1441,252126,0,0,0,252126
2013,MEI,2,1323,6317,20133,27775,3,379,6540,3086,10008,5,1702,12857,23219,37783,7048,14797,21845,59628
2013,MEM,163710,48658,16687,1133,230188,9,701,2740,216,3666,163719,49359,19427,1349,233854,250,174,424,234278
2013,MER,2,327,9198,219,9746,0,98,37210,142,37450,2,425,46408,361,47196,71515,363,71878,119074
2013,MFD,8,311,5651,1061,7031,0,83,3964,362,4409,8,394,9615,1423,11440,3587,818,4405,15845
2013,MFE,5561,5775,12943,4367,28646,2,34,20822,230,21088,5563,5809,33765,4597,49734,7266,286,7552,57286
2013,MFR,5070,9079,4878,169,19196,12,1864,11963,95,13934,5082,10943,16841,264,33130,6998,112,7110,40240
2013,MGM,171,9974,8607,19111,37863,3,682,4266,1844,6795,174,10656,12873,20955,44658,5219,10323,15542,60200
2013,MGW,0,4606,3943,761,9310,0,9460,6526,636,16622,0,14066,10469,1397,25932,9607,468,10075,36007
2013,MHK,148,3186,3236,451,7021,0,144,6679,340,7163,148,3330,9915,791,14184,8750,847,9597,23781
2013,MHR,2281,4299,6493,4502,17575,2290,7093,23766,7417,40566,4571,11392,30259,11919,58141,5597,13263,18860,77001
2013,MHT,21850,20233,4907,699,47689,0,1489,4892,235,6616,21850,21722,9799,934,54305,1633,290,1923,56228
2013,MIA,307348,70362,14531,672,392913,1869,522,3728,108,6227,309217,70884,18259,780,399140,0,0,0,399140
2013,MIC,61,107,2638,22,2828,0,624,20130,38,20792,61,731,22768,60,23620,18648,40,18688,42308
2013,MIE,15,84,2820,24,2943,0,1092,15588,369,17049,15,1176,18408,393,19992,7169,321,7490,27482
2013,MKC,174,10724,19004,373,30275,2,3509,20820,312,24643,176,14233,39824,685,54918,12984,121,13105,68023
2013,MKE,58244,44300,10705,2031,115280,1,555,2535,130,3221,58245,44855,13240,2161,118501,390,649,1039,119540
2013,MKG,33,2170,5361,129,7693,3,69,8510,333,8915,36,2239,13871,462,16608,14530,224,14754,31362
2013,MKK,1380,5758,266,234,7638,219,17845,3507,478,22049,1599,23603,3773,712,29687,2192,2379,4571,34258
2013,MKL,6,1972,3985,170,6133,0,385,6200,1714,8299,6,2357,10185,1884,14432,3403,2925,6328,20760
2013,MLB,2963,2603,27124,278,32968,7,1086,45671,89,46853,2970,3689,72795,367,79821,51005,285,51290,131111
2013,MLI,4067,13696,6331,253,24347,1,37,4306,90,4434,4068,13733,10637,343,28781,4815,192,5007,33788
2013,MLU,40,7438,8497,4949,20924,0,83,6394,373,6850,40,7521,14891,5322,27774,4214,1912,6126,33900
2013,MMU,9,10207,17408,30,27654,0,1274,18567,76,19917,9,11481,35975,106,47571,16917,2,16919,64490
2013,MOB,1182,13382,4612,24791,43967,0,287,2433,7400,10120,1182,13669,7045,32191,54087,4802,25976,30778,84865
2013,MOD,9,3557,4812,71,8449,3,6874,18432,84,25393,12,10431,23244,155,33842,12916,64,12980,46822
2013,MOT,5721,5277,4838,71,15907,0,1011,5643,138,6792,5721,6288,10481,209,22699,6853,2176,9029,31728
2013,MQY,150,3298,10970,1634,16052,0,2235,18339,3838,24412,150,5533,29309,5472,40464,24948,3934,28882,69346
2013,MRI,6,430,2278,5,2719,6,11889,49033,49,60977,12,12319,51311,54,63696,64738,118,64856,128552
2013,MRY,1061,14325,10473,449,26308,1,577,14797,354,15729,1062,14902,25270,803,42037,10876,914,11790,53827
2013,MSN,15439,18153,13423,3089,50104,0,514,14459,1415,16388,15439,18667,27882,4504,66492,17807,561,18368,84860
2013,MSO,3791,7267,3507,122,14687,189,2930,9612,77,12808,3980,10197,13119,199,27495,7677,260,7937,35432
2013,MSP,285278,132191,11005,2485,430959,0,50,505,59,614,285278,132241,11510,2544,431573,0,0,0,431573
2013,MSY,95231,12355,10936,485,119007,1,3952,4275,518,8746,95232,16307,15211,1003,127753,0,0,0,127753
2013,MTN,3,1299,7837,1664,10803,1,312,32402,1279,33994,4,1611,40239,2943,44797,25669,859,26528,71325
2013,MVY,963,10079,5194,143,16379,0,11316,16266,126,27708,963,21395,21460,269,44087,2199,297,2496,46583
2013,MWA,11,4167,556,122,4856,2,2012,5684,232,7930,13,6179,6240,354,12786,19553,167,19720,32506
2013,MWC,15,213,2886,8,3122,0,126,10942,34,11102,15,339,13828,42,14224,16170,72,16242,30466
2013,MWH,6413,1402,4935,6158,18908,1824,637,12310,2114,16885,8237,2039,17245,8272,35793,31912,11655,43567,79360
2013,MYF,7,1546,22082,437,24072,1,887,69035,182,70105,8,2433,91117,619,94177,91915,100,92015,186192
2013,MYR,15309,6641,6290,2487,30727,7,100283,5296,456,106042,15316,106924,11586,2943,136769,3864,1417,5281,142050
2013,NEW,7,3120,16127,740,19994,8,453,16170,580,17211,15,3573,32297,1320,37205,22983,605,23588,60793
2013,NQA,17,411,2101,1793,4322,1,142,4152,752,5047,18,553,6253,2545,9369,5623,12573,18196,27565
2013,OAK,110390,13085,19290,264,143029,10,1466,23826,816,26118,110400,14551,43116,1080,169147,31430,662,32092,201239
2013,OCF,40,959,12134,522,13655,0,106,25926,77,26109,40,1065,38060,599,39764,12612,192,12804,52568
2013,OGD,235,315,2512,67,3129,1,3035,27109,121,30266,236,3350,29621,188,33395,42460,48,42508,75903
2013,OGG,44516,9660,2095,1691,57962,38,51554,9432,572,61596,44554,61214,11527,2263,119558,7371,425,7796,127354
2013,OJC,0,533,7614,3,8150,0,49,21349,45,21443,0,582,28963,48,29593,22003,6,22009,51602
2013,OKC,40233,19588,13340,15551,88712,1,509,6935,1238,8683,40234,20097,20275,16789,97395,1433,13768,15201,112596
2013,OLM,4,1498,5052,820,7374,0,978,19062,2596,22636,4,2476,24114,3416,30010,34056,1673,35729,65739
2013,OLV,3,4675,3226,59,7963,2,2214,20781,234,23231,5,6889,24007,293,31194,38584,312,38896,70090
2013,OMA,38903,29566,16603,1228,86300,0,2056,4536,178,6770,38903,31622,21139,1406,93070,4604,961,5565,98635
2013,OMN,32,5,7198,0,7235,0,0,61927,5,61932,32,5,69125,5,69167,56876,16,56892,126059
2013,ONT,52009,14069,4964,217,71259,9,1590,6210,105,7914,52018,15659,11174,322,79173,3908,6,3914,83087
2013,OPF,88,5478,29880,1514,36960,0,980,29596,3599,34175,88,6458,59476,5113,71135,35912,3102,39014,110149
2013,ORD,512919,362435,6785,97,882236,15,260,757,19,1051,512934,362695,7542,116,883287,0,0,0,883287
2013,ORF,30824,29026,11010,142,71002,9,60,6799,642,7510,30833,29086,17809,784,78512,2803,507,3310,81822
2013,ORH,151,623,3901,200,4875,0,812,16383,126,17321,151,1435,20284,326,22196,12604,267,12871,35067
2013,ORL,17,4678,19807,161,24663,15,1136,34792,84,36027,32,5814,54599,245,60690,46472,27,46499,107189
2013,OSH,0,898,4299,93,5290,0,382,32971,192,33545,0,1280,37270,285,38835,29347,220,29567,68402
2013,OSU,11,2901,8458,47,11417,0,3747,27624,136,31507,11,6648,36082,183,42924,30416,56,30472,73396
2013,OTH,0,3712,1726,282,5720,0,2149,3057,2838,8044,0,5861,4783,3120,13764,1294,5250,6544,20308
2013,OUN,0,429,5300,121,5850,0,237,21865,235,22337,0,666,27165,356,28187,26061,312,26373,54560
2013,OWB,238,2278,3085,557,6158,0,95,5437,380,5912,238,2373,8522,937,12070,3356,590,3946,16016
2013,OWD,0,1080,4387,9,5476,0,598,25744,75,26417,0,1678,30131,84,31893,33485,58,33543,65436
2013,OXC,23,2598,3892,308,6821,0,2148,19090,766,22004,23,4746,22982,1074,28825,17180,191,17371,46196
2013,OXR,8,1649,6355,101,8113,0,3849,17491,117,21457,8,5498,23846,218,29570,29457,468,29925,59495
2013,PAE,3858,880,9815,303,14856,170,557,40640,282,41649,4028,1437,50455,585,56505,54605,372,54977,111482
2013,PAH,42,2424,2926,359,5751,0,320,11797,707,12824,42,2744,14723,1066,18575,8462,372,8834,27409
2013,PAO,3,169,5542,5,5719,0,1535,72977,49,74561,3,1704,78519,54,80280,97103,14,97117,177397
2013,PBI,47824,26938,37411,491,112664,0,1762,19857,476,22095,47824,28700,57268,967,134759,824,4,828,135587
2013,PDK,34,13412,45559,258,59263,4,1564,43531,200,45299,38,14976,89090,458,104562,40120,72,40192,144754
2013,PDT,53,1721,466,197,2437,0,2530,3822,682,7034,53,4251,4288,879,9471,2779,2395,5174,14645
2013,PDX,153016,27327,10515,3860,194718,11,8127,4567,204,12909,153027,35454,15082,4064,207627,2261,21,2282,209909
2013,PGD,1939,839,3214,63,6055,0,131,28081,14,28226,1939,970,31295,77,34281,24486,28,24514,58795
2013,PHF,2053,13187,6973,5723,27936,21,52,13482,1856,15411,2074,13239,20455,7579,43347,25520,19163,44683,88030
2013,PHL,243298,175005,11609,126,430038,1,420,2175,250,2846,243299,175425,13784,376,432884,0,0,0,432884
2013,PHX,346947,56402,12904,1526,417779,21,9564,7864,846,18295,346968,65966,20768,2372,436074,95,15,110,436184
2013,PIA,2663,14014,6107,1400,24184,0,893,5418,1497,7808,2663,14907,11525,2897,31992,4060,3244,7304,39296
2013,PIE,7583,2576,17383,3258,30800,3,171,34700,6149,41023,7586,2747,52083,9407,71823,61122,8681,69803,141626
2013,PIH,77,4446,1303,45,5871,144,2602,9130,189,12065,221,7048,10433,234,17936,9905,94,9999,27935
2013,PIT,82707,37288,10426,7335,137756,0,165,735,286,1186,82707,37453,11161,7621,138942,163,195,358,139300
2013,PKB,8,3574,3068,1065,7715,0,900,9923,3476,14299,8,4474,12991,4541,22014,6612,9090,15702,37716
2013,PMD,90,276,5753,5752,11871,0,2,2035,447,2484,90,278,7788,6199,14355,1226,10082,11308,25663
2013,PMP,0,354,5110,11,5475,0,453,39673,9,40135,0,807,44783,20,45610,82677,465,83142,128752
2013,PNE,2,4569,9240,171,13982,0,21,30029,59,30109,2,4590,39269,230,44091,24261,0,24261,68352
2013,PNS,10087,17979,8720,14175,50961,22,427,13043,3096,16588,10109,18406,21763,17271,67549,32028,1984,34012,101561
2013,POC,6,71,5476,62,5615,5,77,35861,70,36013,11,148,41337,132,41628,59069,217,59286,100914
2013,POU,3,527,3772,59,4361,1,132,29629,232,29994,4,659,33401,291,34355,43751,262,44013,78368
2013,PRC,5,2702,2210,89,5006,173,1492,80408,151,82224,178,4194,82618,240,87230,172662,132,172794,260024
2013,PSC,6416,5644,4819,792,17671,11,293,11156,376,11836,6427,5937,15975,1168,29507,14742,3260,18002,47509
2013,PSP,11852,18731,7106,503,38192,12,794,11111,710,12627,11864,19525,18217,1213,50819,3443,208,3651,54470
2013,PTK,1169,9135,24416,40,34760,131,1126,38576,109,39942,1300,10261,62992,149,74702,44780,0,44780,119482
2013,PUB,195,4168,6550,2354,13267,48,711,55932,829,57520,243,4879,62482,3183,70787,74204,2037,76241,147028
2013,PVD,32695,14431,7688,214,55028,15,1199,8169,96,9479,32710,15630,15857,310,64507,8872,125,8997,73504
2013,PVU,454,829,2765,130,4178,12,121,17183,200,17516,466,950,19948,330,21694,46253,399,46652,68346
2013,PWA,12,2245,15273,1413,18943,0,467,22727,389,23583,12,2712,38000,1802,42526,17649,1078,18727,61253
2013,PWK,16,12311,21673,35,34035,8,831,23431,56,24326,24,13142,45104,91,58361,21161,22,21183,79544
2013,PWM,17445,13231,6564,209,37449,4,396,9930,206,10536,17449,13627,16494,415,47985,3527,56,3583,51568
2013,RAL,117,191,8584,82,8974,2,426,34438,55,34921,119,617,43022,137,43895,45508,60,45568,89463
2013,RAP,3199,10972,6281,437,20889,11,597,8399,2296,11303,3210,11569,14680,2733,32192,7061,1628,8689,40881
2013,RBD,14,91,4744,110,4959,0,14,22205,78,22297,14,105,26949,188,27256,28845,182,29027,56283
2013,RDD,67,4908,1661,148,6784,6,30516,17685,245,48452,73,35424,19346,393,55236,44695,206,44901,100137
2013,RDG,59,4876,12950,926,18811,7,3764,20771,718,25260,66,8640,33721,1644,44071,29016,2391,31407,75478
2013,RDM,3725,6489,1992,195,12401,584,1669,11451,139,13843,4309,8158,13443,334,26244,16198,818,17016,43260
2013,RDU,86512,49413,26149,1242,163316,0,143,18399,3479,22021,86512,49556,44548,4721,185337,296,92,388,185725
2013,RFD,8339,1747,8442,323,18851,2,1363,7946,47,9358,8341,3110,16388,370,28209,12470,366,12836,41045
2013,RHV,4,165,2527,3,2699,0,901,50898,114,51913,4,1066,53425,117,54612,91131,0,91131,145743
2013,RIC,30567,36208,14588,2429,83792,24,470,7703,2417,10614,30591,36678,22291,4846,94406,1753,1797,3550,97956
2013,RME,154,460,1732,1048,3394,0,56,7349,710,8115,154,516,9081,1758,11509,17499,4495,21994,33503
2013,RNM,1,69,1591,3,1664,0,16,28916,292,29224,1,85,30507,295,30888,87313,428,87741,118629
2013,RNO,35447,10774,7530,885,54636,8,1552,14881,750,17191,35455,12326,22411,1635,71827,3442,381,3823,75650
2013,RNT,459,232,3724,3,4418,1,732,34508,81,35322,460,964,38232,84,39740,53689,280,53969,93709
2013,ROA,2389,18987,7914,769,30059,8,331,6466,337,7142,2397,19318,14380,1106,37201,8343,460,8803,46004
2013,ROC,18980,29594,9041,290,57905,0,476,7395,596,8467,18980,30070,16436,886,66372,25174,484,25658,92030
2013,ROG,12,732,7187,7,7938,0,177,3248,31,3456,12,909,10435,38,11394,1255,20,1275,12669
2013,ROW,407,4437,2814,5060,12718,112,1569,3684,8269,13634,519,6006,6498,13329,26352,2339,24384,26723,53075
2013,RST,786,10183,8995,1400,21364,0,714,6364,342,7420,786,10897,15359,1742,28784,8815,3141,11956,40740
2013,RSW,62693,8396,6448,697,78234,0,539,1864,67,2470,62693,8935,8312,764,80704,87,88,175,80879
2013,RVS,0,1878,12366,95,14339,1,493,41847,148,42489,1,2371,54213,243,56828,78447,6,78453,135281
2013,RYN,0,0,665,10,675,0,2,38536,2811,41349,0,2,39201,2821,42024,65807,11444,77251,119275
2013,RYY,38,1313,10465,261,12077,0,808,23498,440,24746,38,2121,33963,701,36823,25321,103,25424,62247
2013,SAC,12,1582,14368,122,16084,2,3106,49519,130,52757,14,4688,63887,252,68841,17710,8,17718,86559
2013,SAF,2,8454,6028,616,15100,0,1205,17156,1702,20063,2,9659,23184,2318,35163,33443,3326,36769,71932
2013,SAN,154691,22766,7822,371,185650,478,432,1238,172,2320,155169,23198,9060,543,187970,10,1,11,187981
2013,SAT,93903,19515,35445,3441,152304,1,4380,18522,1890,24793,93904,23895,53967,5331,177097,0,0,0,177097
2013,SAV,15317,20326,20254,4591,60488,0,216,10806,1041,12063,15317,20542,31060,5632,72551,10708,1662,12370,84921
2013,SAW,194,6680,909,78,7861,718,775,2906,108,4507,912,7455,3815,186,12368,2926,190,3116,15484
2013,SBA,2737,24251,15819,713,43520,0,446,26711,530,27687,2737,24697,42530,1243,71207,32697,345,33042,104249
2013,SBN,3525,13582,7077,100,24284,7,465,4854,52,5378,3532,14047,11931,152,29662,6379,78,6457,36119
2013,SBP,641,9533,5506,211,15891,0,1471,27526,338,29335,641,11004,33032,549,45226,22993,364,23357,68583
2013,SBY,8,6125,2379,634,9146,0,519,10325,2449,13293,8,6644,12704,3083,22439,10076,11422,21498,43937
2013,SCK,967,580,12707,1138,15392,0,1061,17219,1103,19383,967,1641,29926,2241,34775,19774,2427,22201,56976
2013,SDF,94309,40639,8717,2085,145750,2,863,1597,737,3199,94311,41502,10314,2822,148949,195,116,311,149260
2013,SDL,7,10202,29796,447,40452,8,4685,45249,355,50297,15,14887,75045,802,90749,51567,44,51611,142360
2013,SDM,13,1516,6225,937,8691,0,43,21610,2072,23725,13,1559,27835,3009,32416,49170,8005,57175,89591
2013,SEA,299148,14385,1350,38,314921,8,55,2160,42,2265,299156,14440,3510,80,317186,0,0,0,317186
2013,SEE,0,297,12896,209,13402,0,213,67067,48,67328,0,510,79963,257,80730,112576,95,112671,193401
2013,SFB,12997,952,39935,86,53970,27,240,62062,86,62415,13024,1192,101997,172,116385,153662,136,153798,270183
2013,SFF,2,839,2945,36,3822,0,2650,21019,31,23700,2,3489,23964,67,27522,26691,80,26771,54293
2013,SFO,319439,84835,10178,393,414845,7,1050,2548,2465,6070,319446,85885,12726,2858,420915,0,0,0,420915
2013,SGF,2771,16601,9682,1629,30683,0,335,5534,861,6730,2771,16936,15216,2490,37413,4029,1105,5134,42547
2013,SGJ,13,1629,8662,961,11265,0,4025,49570,1170,54765,13,5654,58232,2131,66030,73082,1305,74387,140417
2013,SGR,0,4684,21689,42,26415,0,813,20433,53,21299,0,5497,42122,95,47714,21696,128,21824,69538
2013,SHV,3002,18108,9630,1722,32462,0,564,4651,298,5513,3002,18672,14281,2020,37975,1326,328,1654,39629
2013,SIG,0,2,3557,168,3727,40,15239,46012,2412,63703,40,15241,49569,2580,67430,41893,317,42210,109640
2013,SJC,85988,21140,17451,51,124630,2,198,9565,174,9939,85990,21338,27016,225,134569,4241,44,4285,138854
2013,SJT,2861,2746,4936,12266,22809,2857,4248,13487,6516,27108,5718,6994,18423,18782,49917,17754,35288,53042,102959
2013,SJU,64458,25283,6442,1484,97667,25,36885,10535,603,48048,64483,62168,16977,2087,145715,101,19,120,145835
2013,SLC,176010,82591,19068,1715,279384,26,6768,41042,296,48132,176036,89359,60110,2011,327516,2864,16,2880,330396
2013,SLE,0,632,4407,737,5776,0,936,13800,1157,15893,0,1568,18207,1894,21669,11776,1512,13288,34957
2013,SLN,37,4162,4865,597,9661,7,18908,4978,1190,25083,44,23070,9843,1787,34744,52494,2893,55387,90131
2013,SMF,79204,16714,2850,1088,99856,2,212,4022,514,4750,79206,16926,6872,1602,104606,1472,2912,4384,108990
2013,SMO,37,8047,17091,37,25212,26,133,42547,38,42744,63,8180,59638,75,67956,27636,15,27651,95607
2013,SMX,505,5971,3928,157,10561,29,6339,13957,96,20421,534,12310,17885,253,30982,13698,638,14336,45318
2013,SNA,84291,10970,33777,303,129341,43,191,62448,310,62992,84334,11161,96225,613,192333,67340,76,67416,259749
2013,SNS,2,493,9714,52,10261,0,1038,32070,207,33315,2,1531,41784,259,43576,21013,90,21103,64679
2013,SPG,0,28,3588,6,3622,23,3537,36851,467,40878,23,3565,40439,473,44500,47396,4931,52327,96827
2013,SPI,244,5325,6504,2191,14264,0,1255,6319,462,8036,244,6580,12823,2653,22300,7218,2046,9264,31564
2013,SQL,7,2431,3567,3,6008,0,390,47986,39,48415,7,2821,51553,42,54423,57053,24,57077,111500
2013,SRQ,11064,4970,22420,1045,39499,0,664,29970,362,30996,11064,5634,52390,1407,70495,27572,738,28310,98805
2013,SSF,0,107,3525,4367,7999,0,295,28273,699,29267,0,402,31798,5066,37266,49186,4949,54135,91401
2013,STC,230,175,3844,199,4448,0,307,11150,1630,13087,230,482,14994,1829,17535,11072,1282,12354,29889
2013,STJ,6,41,2299,1634,3980,2,173,6703,1545,8423,8,214,9002,3179,12403,5180,4642,9822,22225
2013,STL,125320,51588,7096,1258,185262,1,1499,1246,360,3106,125321,53087,8342,1618,188368,150,216,366,188734
2013,STP,72,4784,14818,754,20428,1,3053,12957,2957,18968,73,7837,27775,3711,39396,21802,6962,28764,68160
2013,STS,3167,3205,6779,92,13243,12,2148,39643,174,41977,3179,5353,46422,266,55220,24741,38,24779,79999
2013,STT,8831,7509,3485,208,20033,18,31521,10038,308,41885,8849,39030,13523,516,61918,3245,40,3285,65203
2013,STX,2573,4813,1307,523,9216,0,15315,6276,535,22126,2573,20128,7583,1058,31342,4102,1074,5176,36518
2013,SUA,0,4195,9386,33,13614,0,712,28265,49,29026,0,4907,37651,82,42640,26162,8,26170,68810
2013,SUN,806,7794,6398,24,15022,18,608,11049,51,11726,824,8402,17447,75,26748,2999,62,3061,29809
2013,SUS,46,10431,24458,514,35449,1,432,26965,235,27633,47,10863,51423,749,63082,36556,108,36664,99746
2013,SUX,12,1863,6252,2425,10552,0,653,2589,35,3277,12,2516,8841,2460,13829,2812,852,3664,17493
2013,SWF,3341,6328,5941,2128,17738,1,1538,13703,1579,16821,3342,7866,19644,3707,34559,10376,2031,12407,46966
2013,SWO,67,84,4076,725,4952,0,712,17724,378,18814,67,796,21800,1103,23766,30592,1724,32316,56082
2013,SYR,18122,27274,6608,718,52722,23,270,5410,157,5860,18145,27544,12018,875,58582,6986,240,7226,65808
2013,TCL,373,1248,7986,6485,16092,0,517,11372,2547,14436,373,1765,19358,9032,30528,26461,2872,29333,59861
2013,TEB,52,63231,81523,148,144954,2,2999,14115,207,17323,54,66230,95638,355,162277,0,0,0,162277
2013,TIW,0,388,6792,103,7283,0,312,15238,529,16079,0,700,22030,632,23362,14806,439,15245,38607
2013,TIX,24,238,9945,61,10268,189,2,41840,22,42053,213,240,51785,83,52321,50546,66,50612,102933
2013,TKI,15,719,6486,16,7236,0,745,24943,26,25714,15,1464,31429,42,32950,55243,16,55259,88209
2013,TLH,2832,14308,12383,10367,39890,0,185,10668,1754,12607,2832,14493,23051,12121,52497,7296,3215,10511,63008
2013,TMB,20,2237,28961,43,31261,1,199,100734,41,100975,21,2436,129695,84,132236,111691,2,111693,243929
2013,TOA,24,312,8951,71,9358,60,34,54512,258,54864,84,346,63463,329,64222,58936,794,59730,123952
2013,TOL,2029,4883,7884,2033,16829,2,596,5214,174,5986,2031,5479,13098,2207,22815,6057,2757,8814,31629
2013,TOP,42,588,8957,189,9776,0,937,23156,211,24304,42,1525,32113,400,34080,14385,290,14675,48755
2013,TPA,142454,21960,13583,286,178283,8,409,7731,62,8210,142462,22369,21314,348,186493,62,2,64,186557
2013,TRI,1165,10331,8378,233,20107,0,1461,10536,135,12132,1165,11792,18914,368,32239,16187,2,16189,48428
2013,TTD,6,54,2076,14,2150,0,534,27754,144,28432,6,588,29830,158,30582,77044,156,77200,107782
2013,TTN,2212,2950,8835,400,14397,0,61,30213,1657,31931,2212,3011,39048,2057,46328,33580,499,34079,80407
2013,TUL,27935,23912,15110,7329,74286,0,278,7628,1310,9216,27935,24190,22738,8639,83502,4370,7695,12065,95567
2013,TUP,52,3933,4347,4728,13060,4,1458,14966,2879,19307,56,5391,19313,7607,32367,13497,5491,18988,51355
2013,TUS,30736,15535,11919,10455,68645,16,4863,28758,5649,39286,30752,20398,40677,16104,107931,22283,9719,32002,139933
2013,TVC,7873,6772,8931,1128,24704,1,787,18185,2365,21338,7874,7559,27116,3493,46042,34847,4829,39676,85718
2013,TWF,36,5515,2123,319,7993,4,1028,12539,384,13955,40,6543,14662,703,21948,6787,996,7783,29731
2013,TXK,21,3112,3626,652,7411,4,1177,5949,517,7647,25,4289,9575,1169,15058,5417,1927,7344,22402
2013,TYR,289,5838,6614,148,12889,0,1317,14851,125,16293,289,7155,21465,273,29182,11115,204,11319,40501
2013,TYS,8939,34293,21098,11457,75787,0,89,7148,3382,10619,8939,34382,28246,14839,86406,4347,10161,14508,100914
2013,TZR,2,162,2083,29,2276,0,16,8198,35,8249,2,178,10281,64,10525,10853,92,10945,21470
2013,UES,0,1953,7335,66,9354,0,868,21822,138,22828,0,2821,29157,204,32182,14956,86,15042,47224
2013,UGN,19,2996,8090,104,11209,0,177,13560,295,14032,19,3173,21650,399,25241,19171,232,19403,44644
2013,UNV,112,10853,4523,124,15612,0,1491,9380,177,11048,112,12344,13903,301,26660,11344,224,11568,38228
2013,VCT,2,2716,2364,5366,10448,0,131,6070,2136,8337,2,2847,8434,7502,18785,6158,25233,31391,50176
2013,VCV,717,92,2827,1033,4669,29,1256,8572,2110,11967,746,1348,11399,3143,16636,12007,18290,30297,46933
2013,VGT,12,1111,9943,273,11339,5,8378,44711,556,53650,17,9489,54654,829,64989,66043,394,66437,131426
2013,VNY,113,11665,31495,97,43370,35,407,122888,249,123579,148,12072,154383,346,166949,101558,24,101582,268531
2013,VQQ,708,221,5853,4924,11706,39,71,8865,7455,16430,747,292,14718,12379,28136,23416,43870,67286,95422
2013,VRB,3,3221,19373,40,22637,0,38,62125,27,62190,3,3259,81498,67,84827,109728,55,109783,194610
2013,WDG,0,554,2714,7774,11042,0,45,6627,7864,14536,0,599,9341,15638,25578,6052,8976,15028,40606
2013,WHP,0,0,632,1,633,0,0,38432,0,38432,0,0,39064,1,39065,32587,13,32600,71665
2013,WJF,1,255,1632,332,2220,1,870,26277,331,27479,2,1125,27909,663,29699,20955,302,21257,50956
2013,XFL,0,263,3198,5,3466,0,13,39867,397,40277,0,276,43065,402,43743,119253,1031,120284,164027
2013,XNA,5923,22970,3711,3815,36419,0,54,579,267,900,5923,23024,4290,4082,37319,106,3414,3520,40839
2013,YIP,2660,8380,12123,46,23209,3,216,13491,39,13749,2663,8596,25614,85,36958,32526,58,32584,69542
2013,YKM,1752,2538,4489,805,9584,1,429,11310,533,12273,1753,2967,15799,1338,21857,13410,716,14126,35983
2013,YNG,734,1156,6176,4589,12655,0,162,4040,561,4763,734,1318,10216,5150,17418,4021,6246,10267,27685
2014,ABE,4057,11559,13274,338,29228,0,563,19080,137,19780,4057,12122,32354,475,49008,52087,142,52229,101237
2014,ABI,224,9109,8059,7952,25344,2,1208,10146,491,11847,226,10317,18205,8443,37191,7631,10778,18409,55600
2014,ABQ,51728,18350,11784,4912,86774,2,9598,16764,11771,38135,51730,27948,28548,16683,124909,2930,2230,5160,130069
2014,ABY,127,2940,3473,668,7208,0,77,6814,283,7174,127,3017,10287,951,14382,5432,1260,6692,21074
2014,ACK,823,21038,9321,366,31548,1,58987,23259,269,82516,824,80025,32580,635,114064,150,44,194,114258
2014,ACT,127,4366,9439,5567,19499,4,648,8426,346,9424,131,5014,17865,5913,28923,4080,767,4847,33770
2014,ACY,9011,5946,8260,8177,31394,14,365,10313,9174,19866,9025,6311,18573,17351,51260,6797,22966,29763,81023
2014,ADM,4,4,3075,1181,4264,0,0,9201,693,9894,4,4,12276,1874,14158,4974,2237,7211,21369
2014,ADQ,1208,4336,193,806,6543,22,14374,1422,3430,19248,1230,18710,1615,4236,25791,542,6929,7471,33262
2014,ADS,217,6546,29164,125,36052,2,2191,51508,227,53928,219,8737,80672,352,89980,5177,8,5185,95165
2014,ADW,789,1219,968,18845,21821,4,106,2137,8405,10652,793,1325,3105,27250,32473,6613,25416,32029,64502
2014,AEG,0,298,4396,339,5033,0,235,20302,820,21357,0,533,24698,1159,26390,37565,1722,39287,65677
2014,AEX,2110,6682,4326,4447,17565,0,0,0,0,0,2110,6682,4326,4447,17565,7862,6077,13939,31504
2014,AFW,5795,3702,11949,9438,30884,3,284,31064,897,32248,5798,3986,43013,10335,63132,45846,6536,52382,115514
2014,AGC,2,6550,14924,189,21665,0,10922,9847,177,20946,2,17472,24771,366,42611,11388,188,11576,54187
2014,AGS,2360,9648,7220,1097,20325,0,55,2378,409,2842,2360,9703,9598,1506,23167,2118,803,2921,26088
2014,AHN,27,1550,6485,575,8637,0,676,16268,412,17356,27,2226,22753,987,25993,15050,202,15252,41245
2014,AKN,677,5241,673,124,6715,9,13287,5035,107,18438,686,18528,5708,231,25153,640,607,1247,26400
2014,ALB,21746,20748,6622,1440,50556,0,1897,7180,952,10029,21746,22645,13802,2392,60585,9928,2155,12083,72668
2014,ALN,25,1821,4719,326,6891,5,315,7756,50,8126,30,2136,12475,376,15017,12312,556,12868,27885
2014,ALO,33,1342,4264,384,6023,0,44,4563,847,5454,33,1386,8827,1231,11477,4321,726,5047,16524
2014,ALW,947,815,1226,37,3025,1,89,7959,26,8075,948,904,9185,63,11100,12543,0,12543,23643
2014,AMA,7379,10390,10005,10314,38088,0,472,4807,1271,6550,7379,10862,14812,11585,44638,5798,10317,16115,60753
2014,ANC,100946,58685,10544,1549,171724,189,20220,72788,616,93813,101135,78905,83332,2165,265537,11424,50,11474,277011
2014,ANE,2,2082,12462,46,14592,4,2383,22673,119,25179,6,4465,35135,165,39771,27914,472,28386,68157
2014,APA,73,29398,46056,1658,77185,15,4459,94077,1811,100362,88,33857,140133,3469,177547,129090,2820,131910,309457
2014,APC,2,4120,7067,75,11264,0,201,19047,100,19348,2,4321,26114,175,30612,12901,73,12974,43586
2014,APF,0,10523,26324,139,36986,0,419,35832,61,36312,0,10942,62156,200,73298,19752,28,19780,93078
2014,ARA,220,894,2262,2160,5536,6,11326,11255,568,23155,226,12220,13517,2728,28691,59771,1492,61263,89954
2014,ARB,7,391,3413,10,3821,0,133,18315,47,18495,7,524,21728,57,22316,35051,3,35054,57370
2014,ARR,14,932,6454,142,7542,7,45,22044,114,22210,21,977,28498,256,29752,29455,97,29552,59304
2014,ASE,8712,8913,11939,82,29646,4,13,2121,33,2171,8716,8926,14060,115,31817,3544,34,3578,35395
2014,ASG,0,952,5643,15,6610,0,807,8925,18,9750,0,1759,14568,33,16360,8443,8,8451,24811
2014,ASH,3,252,4183,33,4471,0,57,22681,13,22751,3,309,26864,46,27222,30294,22,30316,57538
2014,ATL,734628,125603,5645,156,866032,4,97,2144,82,2327,734632,125700,7789,238,868359,0,0,0,868359
2014,ATW,3881,8708,6725,89,19403,0,230,7285,49,7564,3881,8938,14010,138,26967,5895,118,6013,32980
2014,AUS,105186,16071,28786,3702,153745,1,938,21939,2761,25639,105187,17009,50725,6463,179384,2486,598,3084,182468
2014,AVL,5766,9972,14433,3329,33500,2,313,11957,796,13068,5768,10285,26390,4125,46568,19524,2768,22292,68860
2014,AVP,1596,10361,5268,292,17517,0,1815,6044,349,8208,1596,12176,11312,641,25725,16482,18,16500,42225
2014,AZO,89,8118,7363,44,15614,7,106,8572,67,8752,96,8224,15935,111,24366,17474,20,17494,41860
2014,BAF,22,696,3989,1655,6362,0,74,16297,2965,19336,22,770,20286,4620,25698,13342,3284,16626,42324
2014,BAK,57,792,4069,316,5234,0,0,18833,980,19813,57,792,22902,1296,25047,10232,1876,12108,37155
2014,BAZ,0,265,3655,1030,4950,0,729,12533,238,13500,0,994,16188,1268,18450,18854,1090,19944,38394
2014,BBG,1351,702,2352,146,4551,0,112,1462,203,1777,1351,814,3814,349,6328,68,6,74,6402
2014,BCT,0,7230,14059,59,21348,0,653,19548,22,20223,0,7883,33607,81,41571,18377,273,18650,60221
2014,BDL,57423,21462,9236,1011,89132,1,174,5283,1606,7064,57424,21636,14519,2617,96196,233,48,281,96477
2014,BDR,0,2010,4793,83,6886,0,344,24051,79,24474,0,2354,28844,162,31360,26888,76,26964,58324
2014,BED,254,16090,25732,372,42448,2,2862,38479,193,41536,256,18952,64211,565,83984,50274,37,50311,134295
2014,BET,2714,6741,259,85,9799,36,79304,2822,174,82336,2750,86045,3081,259,92135,941,88,1029,93164
2014,BFI,10079,19242,27216,511,57048,15,13574,63017,424,77030,10094,32816,90233,935,134078,45017,299,45316,179394
2014,BFL,2073,7448,15101,415,25037,21,2145,19128,353,21647,2094,9593,34229,768,46684,8457,276,8733,55417
2014,BFM,1880,1900,5115,6590,15485,2,635,5987,5338,11962,1882,2535,11102,11928,27447,4511,29969,34480,61927
2014,BGM,25,6178,3062,209,9474,0,62,3667,121,3850,25,6240,6729,330,13324,3278,196,3474,16798
2014,BGR,6248,7654,7210,7050,28162,5,521,5184,2609,8319,6253,8175,12394,9659,36481,3154,1908,5062,41543
2014,BHM,24113,24008,28511,4755,81387,2,658,9968,903,11531,24115,24666,38479,5658,92918,1350,266,1616,94534
2014,BIL,10689,21252,9797,355,42093,39,6506,14525,160,21230,10728,27758,24322,515,63323,18192,320,18512,81835
2014,BIS,2472,9488,12239,514,24713,0,656,11900,1463,14019,2472,10144,24139,1977,38732,14491,673,15164,53896
2014,BJC,47,4696,13889,445,19077,35,440,39379,848,40702,82,5136,53268,1293,59779,53032,2681,55713,115492
2014,BKL,71,4074,5627,254,10026,0,9230,11355,216,20801,71,13304,16982,470,30827,21062,66,21128,51955
2014,BKV,0,562,3371,375,4308,0,1273,17152,1449,19874,0,1835,20523,1824,24182,18179,6037,24216,48398
2014,BLI,8886,2334,5152,250,16622,82,8831,21507,405,30825,8968,11165,26659,655,47447,13857,518,14375,61822
2014,BMG,65,775,4341,41,5222,0,90,9554,217,9861,65,865,13895,258,15083,11720,66,11786,26869
2014,BMI,2520,5459,4082,157,12218,0,23,7168,68,7259,2520,5482,11250,225,19477,6702,168,6870,26347
2014,BNA,100750,41208,24863,1612,168433,0,315,6950,586,7851,100750,41523,31813,2198,176284,0,0,0,176284
2014,BOI,34958,9430,15465,3205,63058,17,2824,24318,5636,32795,34975,12254,39783,8841,95853,25801,5898,31699,127552
2014,BOS,279728,54128,12169,134,346159,1,18446,3061,640,22148,279729,72574,15230,774,368307,0,0,0,368307
2014,BPT,17,2475,5959,334,8785,1,708,5540,324,6573,18,3183,11499,658,15358,4509,4,4513,19871
2014,BQN,5625,4391,1308,383,11707,10,16,9536,4228,13790,5635,4407,10844,4611,25497,6270,7334,13604,39101
2014,BRO,2268,7788,6275,3366,19697,1,216,6145,454,6816,2269,8004,12420,3820,26513,2780,5406,8186,34699
2014,BTL,69,932,6688,140,7829,0,40,22250,364,22654,69,972,28938,504,30483,46323,1121,47444,77927
2014,BTR,2953,19431,18653,643,41680,20,542,18137,238,18937,2973,19973,36790,881,60617,29746,118,29864,90481
2014,BTV,13407,12278,7831,2724,36240,2,370,13287,1754,15413,13409,12648,21118,4478,51653,19740,2364,22104,73757
2014,BUF,49273,20164,7667,431,77535,1,1899,4535,180,6615,49274,22063,12202,611,84150,28398,3699,32097,116247
2014,BUR,39682,19581,13365,177,72805,24,1623,20477,579,22703,39706,21204,33842,756,95508,23001,45,23046,118554
2014,BVY,0,1214,2944,36,4194,0,266,17358,170,17794,0,1480,20302,206,21988,22182,36,22218,44206
2014,BWI,197318,28205,12579,787,238889,25,228,2857,365,3475,197343,28433,15436,1152,242364,2757,0,2757,245121
2014,BZN,10101,8194,7350,109,25754,0,437,21240,95,21772,10101,8631,28590,204,47526,32817,234,33051,80577
2014,CAE,5857,26038,10284,1470,43649,0,154,4739,248,5141,5857,26192,15023,1718,48790,2070,836,2906,51696
2014,CAK,12776,14680,14358,789,42603,0,426,7618,871,8915,12776,15106,21976,1660,51518,22446,1119,23565,75083
2014,CCR,1,1153,6580,115,7849,0,2424,34558,105,37087,1,3577,41138,220,44936,57545,115,57660,102596
2014,CDW,3,712,4085,5,4805,0,236,43505,515,44256,3,948,47590,520,49061,26155,65,26220,75281
2014,CGF,0,3511,6918,3,10432,0,99,8711,10,8820,0,3610,15629,13,19252,9936,4,9940,29192
2014,CHA,2408,14688,15697,5459,38252,0,245,7287,605,8137,2408,14933,22984,6064,46389,3117,1511,4628,51017
2014,CHD,0,106,1987,5,2098,0,1746,74715,46,76507,0,1852,76702,51,78605,138887,57,138944,217549
2014,CHO,276,18084,11043,1287,30690,0,2154,19971,700,22825,276,20238,31014,1987,53515,21186,4402,25588,79103
2014,CHS,29724,23656,17714,13005,84099,19,631,4891,2058,7599,29743,24287,22605,15063,91698,5001,9083,14084,105782
2014,CIC,4,2703,992,602,4301,205,8119,17275,1647,27246,209,10822,18267,2249,31547,7379,6667,14046,45593
2014,CID,7534,18627,8269,138,34568,5,86,7567,94,7752,7539,18713,15836,232,42320,7802,30,7832,50152
2014,CKB,531,1984,3495,3317,9327,5,159,2812,372,3348,536,2143,6307,3689,12675,5080,7781,12861,25536
2014,CLE,61822,59636,8234,168,129860,0,269,580,53,902,61822,59905,8814,221,130762,0,0,0,130762
2014,CLL,123,6282,7722,8152,22279,3,1056,12884,1424,15367,126,7338,20606,9576,37646,11780,5186,16966,54612
2014,CLT,361354,155802,20550,1302,539008,0,419,5773,94,6286,361354,156221,26323,1396,545294,0,0,0,545294
2014,CMA,0,2254,12349,155,14758,0,715,61981,130,62826,0,2969,74330,285,77584,66776,277,67053,144637
2014,CMH,59989,42143,16652,493,119277,0,737,3978,116,4831,59989,42880,20630,609,124108,11,0,11,124119
2014,CMI,99,7038,4523,219,11879,0,4251,4492,154,8897,99,11289,9015,373,20776,22534,64,22598,43374
2014,CNO,43,250,14316,162,14771,11,116,53152,359,53638,54,366,67468,521,68409,109819,1583,111402,179811
2014,CNW,1,31,2258,2381,4671,0,16,13042,370,13428,1,47,15300,2751,18099,31449,7806,39255,57354
2014,COS,13505,12510,10063,8092,44170,30,1320,16263,6366,23979,13535,13830,26326,14458,68149,31204,31040,62244,130393
2014,COU,72,3336,4602,194,8204,0,38,6154,387,6579,72,3374,10756,581,14783,5149,996,6145,20928
2014,CPR,1107,10359,5922,253,17641,2,693,9651,73,10419,1109,11052,15573,326,28060,7060,230,7290,35350
2014,CPS,84,2032,9595,385,12096,16,11600,21422,198,33236,100,13632,31017,583,45332,48331,51,48382,93714
2014,CRE,0,303,5054,501,5858,0,10858,14408,589,25855,0,11161,19462,1090,31713,11142,106,11248,42961
2014,CRG,0,1165,19453,286,20904,0,21,31123,8482,39626,0,1186,50576,8768,60530,48111,139,48250,108780
2014,CRP,4486,12291,9128,16464,42369,1,1125,7419,3808,12353,4487,13416,16547,20272,54722,2004,19537,21541,76263
2014,CRQ,1,9080,30810,719,40610,1,931,44858,237,46027,2,10011,75668,956,86637,51071,263,51334,137971
2014,CRW,1661,16424,6970,2611,27666,6,1584,6780,1291,9661,1667,18008,13750,3902,37327,8146,2447,10593,47920
2014,CSG,211,2716,5683,99,8709,13,141,6710,92,6956,224,2857,12393,191,15665,8482,208,8690,24355
2014,CVG,62501,65486,4255,44,132286,0,142,1141,50,1333,62501,65628,5396,94,133619,0,0,0,133619
2014,CWA,149,7939,1477,9,9574,0,192,2037,17,2246,149,8131,3514,26,11820,1418,28,1446,13266
2014,CWF,76,323,2106,8541,11046,0,342,2588,1054,3984,76,665,4694,9595,15030,1488,5552,7040,22070
2014,CXO,0,318,8756,127,9201,0,617,20842,1952,23411,0,935,29598,2079,32612,25868,1437,27305,59917
2014,CXY,0,425,4678,480,5583,0,53,8145,1125,9323,0,478,12823,1605,14906,4929,1720,6649,21555
2014,CYS,88,3010,4365,2611,10074,1,681,2902,600,4184,89,3691,7267,3211,14258,14303,24402,38705,52963
2014,DAB,4300,4868,41349,707,51224,406,3781,154542,301,159030,4706,8649,195891,1008,210254,81790,100,81890,292144
2014,DAL,91136,31043,49776,557,172512,2,1976,8242,217,10437,91138,33019,58018,774,182949,0,0,0,182949
2014,DAY,15493,25803,7501,297,49094,3,80,2404,138,2625,15496,25883,9905,435,51719,1974,219,2193,53912
2014,DBQ,20,1743,4929,29,6721,0,40,15259,23,15322,20,1783,20188,52,22043,23220,54,23274,45317
2014,DCA,204546,75696,2945,476,283663,40,280,860,2579,3759,204586,75976,3805,3055,287422,0,0,0,287422
2014,DEC,2,3900,2663,639,7204,0,2,8719,2928,11649,2,3902,11382,3567,18853,17026,6800,23826,42679
2014,DEN,422006,148134,3531,483,574154,172,302,490,43,1007,422178,148436,4021,526,575161,0,0,0,575161
2014,DET,2,1861,5242,103,7208,61,36,12865,107,13069,63,1897,18107,210,20277,24810,146,24956,45233
2014,DFW,474738,196773,6335,69,677915,20,603,1167,115,1905,474758,197376,7502,184,679820,0,0,0,679820
2014,DHN,2340,1229,7501,13584,24654,0,123,9338,5178,14639,2340,1352,16839,18762,39293,13804,20041,33845,73138
2014,DLH,1488,8038,11007,3383,23916,3,1438,12450,344,14235,1491,9476,23457,3727,38151,14483,3169,17652,55803
2014,DPA,36,5283,15419,95,20833,10,160,23564,226,23960,46,5443,38983,321,44793,26991,95,27086,71879
2014,DSM,23345,17527,15398,619,56889,8,759,7572,66,8405,23353,18286,22970,685,65294,4107,126,4233,69527
2014,DTN,0,148,7574,23,7745,0,82,17280,53,17415,0,230,24854,76,25160,28791,6,28797,53957
2014,DTO,38,1223,10872,120,12253,0,696,59479,58,60233,38,1919,70351,178,72486,85708,16,85724,158210
2014,DTW,243105,143076,5521,106,391808,12,46,743,26,827,243117,143122,6264,132,392635,0,0,0,392635
2014,DVT,8,572,7699,16,8295,7,4796,112213,56,117072,15,5368,119912,72,125367,214112,14,214126,339493
2014,DWH,3,2897,18708,1194,22802,1,1700,64114,1133,66948,4,4597,82822,2327,89750,79655,324,79979,169729
2014,DXR,2,673,2109,2,2786,0,2268,28762,185,31215,2,2941,30871,187,34001,31882,32,31914,65915
2014,EAU,43,1330,7097,95,8565,0,800,7117,314,8231,43,2130,14214,409,16796,4500,158,4658,21454
2014,ECP,8155,5725,10388,3402,27670,5,120,9364,390,9879,8160,5845,19752,3792,37549,13700,5861,19561,57110
2014,EGE,3530,8389,9883,211,22013,0,7,6310,3006,9323,3530,8396,16193,3217,31336,7421,942,8363,39699
2014,ELM,3106,6756,5436,77,15375,0,98,2387,41,2526,3106,6854,7823,118,17901,3878,88,3966,21867
2014,ELP,32493,16610,9483,3906,62492,0,3970,18109,1563,23642,32493,20580,27592,5469,86134,13021,1675,14696,100830
2014,EMT,12,510,3228,12,3762,28,322,33305,109,33764,40,832,36533,121,37526,57948,3,57951,95477
2014,ENA,50,9986,472,164,10672,401,14664,5160,129,20354,451,24650,5632,293,31026,6066,2832,8898,39924
2014,ENW,0,2929,3877,5,6811,2,189,17820,34,18045,2,3118,21697,39,24856,23648,230,23878,48734
2014,ERI,10,6427,3725,197,10359,0,30,3316,113,3459,10,6457,7041,310,13818,5224,234,5458,19276
2014,ESN,0,1101,4167,171,5439,0,799,19083,3551,23433,0,1900,23250,3722,28872,26802,9898,36700,65572
2014,EUG,6991,10133,6787,1531,25442,25,695,15992,247,16959,7016,10828,22779,1778,42401,19189,1267,20456,62857
2014,EVB,0,1831,5495,3,7329,0,445,47911,11,48367,0,2276,53406,14,55696,106013,12,106025,161721
2014,EVV,315,10003,5173,523,16014,0,645,4244,97,4986,315,10648,9417,620,21000,7707,604,8311,29311
2014,EWB,1,1565,3111,61,4738,11,3837,17898,156,21902,12,5402,21009,217,26640,18799,372,19171,45811
2014,EWN,30,7293,3129,248,10700,66,171,7365,216,7818,96,7464,10494,464,18518,9314,861,10175,28693
2014,EWR,280520,110531,4350,69,395470,2,830,5406,573,6811,280522,111361,9756,642,402281,0,0,0,402281
2014,EYW,13816,4348,9025,160,27349,34,5911,14956,461,21362,13850,10259,23981,621,48711,4833,41,4874,53585
2014,FAI,12191,12798,6418,1124,32531,105,21100,33458,471,55134,12296,33898,39876,1595,87665,37732,251,37983,125648
2014,FAR,5612,17085,14244,557,37498,0,4398,9112,581,14091,5612,21483,23356,1138,51589,23560,1060,24620,76209
2014,FAT,13057,16816,10618,3236,43727,4,5776,32451,2616,40847,13061,22592,43069,5852,84574,31930,3127,35057,119631
2014,FAY,1776,9550,5899,1708,18933,1,256,6439,497,7193,1777,9806,12338,2205,26126,8304,2092,10396,36522
2014,FCM,16,2419,16957,15,19407,2,478,26614,172,27266,18,2897,43571,187,46673,26708,253,26961,73634
2014,FDK,2,871,4420,134,5427,1,3121,32761,1179,37062,3,3992,37181,1313,42489,42233,377,42610,85099
2014,FFZ,7,551,3596,32,4186,11,38254,61122,2827,102214,18,38805,64718,2859,106400,129839,184,130023,236423
2014,FLG,20,5909,1914,327,8170,0,6836,18345,652,25833,20,12745,20259,979,34003,7405,410,7815,41818
2014,FLL,193699,25319,25396,330,244744,76,3230,10198,146,13650,193775,28549,35594,476,258394,0,0,0,258394
2014,FLO,75,3489,4322,836,8722,15,303,3440,184,3942,90,3792,7762,1020,12664,1702,687,2389,15053
2014,FMN,2,5140,1818,138,7098,0,3588,9311,441,13340,2,8728,11129,579,20438,13625,877,14502,34940
2014,FMY,1,2232,12786,89,15108,0,93,35357,32,35482,1,2325,48143,121,50590,43041,80,43121,93711
2014,FNT,6234,7185,6961,162,20542,0,234,7292,215,7741,6234,7419,14253,377,28283,7510,0,7510,35793
2014,FOE,212,999,2028,5608,8847,0,105,2527,2901,5533,212,1104,4555,8509,14380,1042,7751,8793,23173
2014,FOK,8,3818,6709,534,11069,7,86,20615,1644,22352,15,3904,27324,2178,33421,21016,8481,29497,62918
2014,FPR,0,754,19446,26,20226,0,1064,50605,25,51694,0,1818,70051,51,71920,85388,0,85388,157308
2014,FRG,117,9174,12860,75,22226,0,1050,80751,76,81877,117,10224,93611,151,104103,87516,0,87516,191619
2014,FSD,8358,26809,14583,2813,52563,0,901,6934,190,8025,8358,27710,21517,3003,60588,4425,2650,7075,67663
2014,FSM,53,5344,7093,4605,17095,0,283,5858,882,7023,53,5627,12951,5487,24118,5435,4400,9835,33953
2014,FTG,9,33,4115,117,4274,0,139,17454,248,17841,9,172,21569,365,22115,25950,1157,27107,49222
2014,FTW,57,8713,25185,297,34252,0,1121,27549,271,28941,57,9834,52734,568,63193,35948,74,36022,99215
2014,FTY,0,3320,16747,141,20208,0,25,9151,46,9222,0,3345,25898,187,29430,19792,58,19850,49280
2014,FUL,0,2,3180,0,3182,0,11,35912,0,35923,0,13,39092,0,39105,18814,4,18818,57923
2014,FWA,3729,13491,6585,771,24576,0,380,4286,1250,5916,3729,13871,10871,2021,30492,3919,383,4302,34794
2014,FWS,0,306,3335,18,3659,0,126,21531,220,21877,0,432,24866,238,25536,38114,36,38150,63686
2014,FXE,17,11519,35752,187,47475,19,3160,82800,158,86137,36,14679,118552,345,133612,35152,8,35160,168772
2014,FYV,60,558,4552,340,5510,2,48,12178,324,12552,62,606,16730,664,18062,16848,848,17696,35758
2014,GCK,42,3472,3308,455,7277,2,221,3994,259,4476,44,3693,7302,714,11753,1939,1095,3034,14787
2014,GCN,149,1110,593,270,2122,30,97358,2422,273,100083,179,98468,3015,543,102205,591,521,1112,103317
2014,GEG,35719,7087,5792,1043,49641,33,393,6648,209,7283,35752,7480,12440,1252,56924,6935,550,7485,64409
2014,GEU,0,262,908,9,1179,0,620,21437,60,22117,0,882,22345,69,23296,41688,69,41757,65053
2014,GFK,2427,40654,7419,114,50614,0,58348,7671,51,66070,2427,99002,15090,165,116684,201067,0,201067,317751
2014,GGG,39,4440,9608,2536,16623,0,6381,6479,237,13097,39,10821,16087,2773,29720,30829,2492,33321,63041
2014,GJT,3231,12020,5441,1247,21939,1,226,12163,326,12716,3232,12246,17604,1573,34655,10373,1024,11397,46052
2014,GKY,263,1026,6699,17,8005,0,188,33573,47,33808,263,1214,40272,64,41813,36820,22,36842,78655
2014,GLH,17,651,1091,1686,3445,0,1,3325,305,3631,17,652,4416,1991,7076,1548,16923,18471,25547
2014,GLS,0,2084,3492,275,5851,0,8806,9336,306,18448,0,10890,12828,581,24299,8578,398,8976,33275
2014,GMU,2,6524,4638,92,11256,0,4512,17516,648,22676,2,11036,22154,740,33932,13074,194,13268,47200
2014,GNV,1752,9898,10383,3901,25934,6,155,19656,1284,21101,1758,10053,30039,5185,47035,8508,2147,10655,57690
2014,GON,0,1057,4531,473,6061,0,382,15463,1215,17060,0,1439,19994,1688,23121,10093,1160,11253,34374
2014,GPI,3503,5693,4331,355,13882,3,114,6414,352,6883,3506,5807,10745,707,20765,7463,1578,9041,29806
2014,GPM,4,88,1287,31,1410,0,2,21487,813,22302,4,90,22774,844,23712,39943,5232,45175,68887
2014,GPT,4348,8330,6017,16061,34756,1,464,4116,2619,7200,4349,8794,10133,18680,41956,3285,3228,6513,48469
2014,GRB,5155,10666,11277,788,27886,0,56,7649,119,7824,5155,10722,18926,907,35710,5527,616,6143,41853
2014,GRI,513,2882,3062,228,6685,0,320,4423,1044,5787,513,3202,7485,1272,12472,3683,678,4361,16833
2014,GRR,18417,21745,16438,293,56893,85,639,7549,119,8392,18502,22384,23987,412,65285,9645,198,9843,75128
2014,GSN,5095,3098,1334,162,9689,0,34886,25206,162,60254,5095,37984,26540,324,69943,18,17,35,69978
2014,GSO,19650,25147,14327,1233,60357,7,804,9757,325,10893,19657,25951,24084,1558,71250,6254,518,6772,78022
2014,GSP,11579,22637,6161,643,41020,0,221,2300,282,2803,11579,22858,8461,925,43823,232,341,573,44396
2014,GTF,5216,10076,4161,1989,21442,0,117,4484,561,5162,5216,10193,8645,2550,26604,5305,1473,6778,33382
2014,GTR,23,2480,3782,8215,14500,0,127,7855,3945,11927,23,2607,11637,12160,26427,3683,7706,11389,37816
2014,GTU,0,381,5892,37,6310,0,158,28386,44,28588,0,539,34278,81,34898,37697,97,37794,72692
2014,GUM,22641,3076,1905,290,27912,0,256,19201,141,19598,22641,3332,21106,431,47510,23503,215,23718,71228
2014,GYH,0,2707,865,641,4213,0,5775,4239,1923,11937,0,8482,5104,2564,16150,5272,2280,7552,23702
2014,GYR,207,181,984,12,1384,27,3749,30745,3048,37569,234,3930,31729,3060,38953,43625,938,44563,83516
2014,GYY,558,1029,7349,188,9124,2,98,6846,631,7577,560,1127,14195,819,16701,4660,867,5527,22228
2014,HEF,5,4525,14172,421,19123,0,6390,19590,336,26316,5,10915,33762,757,45439,36345,346,36691,82130
2014,HFD,0,651,2836,24,3511,0,274,29849,38,30161,0,925,32685,62,33672,25062,225,25287,58959
2014,HGR,184,2562,2926,952,6624,0,2341,18549,4777,25667,184,4903,21475,5729,32291,20749,1556,22305,54596
2014,HHR,36,3795,2339,34,6204,17,2841,44665,701,48224,53,6636,47004,735,54428,36514,2,36516,90944
2014,HIO,10,4104,14886,100,19100,4,218,61567,136,61925,14,4322,76453,236,81025,140889,18,140907,221932
2014,HKS,4,961,5012,931,6908,0,398,5286,1985,7669,4,1359,10298,2916,14577,10029,8195,18224,32801
2014,HKY,8,2212,1919,70,4209,1,1921,9491,830,12243,9,4133,11410,900,16452,8849,206,9055,25507
2014,HLG,0,1307,654,623,2584,4,529,5986,1937,8456,4,1836,6640,2560,11040,2636,10340,12976,24016
2014,HLN,1733,4550,1973,288,8544,9,147,10130,2794,13080,1742,4697,12103,3082,21624,14150,1856,16006,37630
2014,HND,0,1371,10919,14,12304,0,26263,30693,178,57134,0,27634,41612,192,69438,23440,0,23440,92878
2014,HNL,157265,41505,9782,17616,226168,34,38052,42870,3555,84511,157299,79557,52652,21171,310679,827,117,944,311623
2014,HOB,0,1365,1572,110,3047,0,993,3581,147,4721,0,2358,5153,257,7768,511,244,755,8523
2014,HOU,114824,27624,47286,232,189966,5,5396,7698,2143,15242,114829,33020,54984,2375,205208,0,0,0,205208
2014,HPN,12029,47370,39894,84,99377,1,4740,33571,68,38380,12030,52110,73465,152,137757,14917,0,14917,152674
2014,HQZ,3,18,2525,1,2547,52,181,18468,19,18720,55,199,20993,20,21267,39755,4,39759,61026
2014,HRL,6655,3470,2534,2828,15487,1,430,5837,1449,7717,6656,3900,8371,4277,23204,6704,14330,21034,44238
2014,HSA,2,83,1527,4043,5655,0,21,5108,1725,6854,2,104,6635,5768,12509,4538,7816,12354,24863
2014,HSV,10064,11234,6317,8568,36183,17,50,5409,1314,6790,10081,11284,11726,9882,42973,2865,13425,16290,59263
2014,HTS,1771,3888,2789,226,8674,0,251,2390,267,2908,1771,4139,5179,493,11582,2393,68,2461,14043
2014,HUF,20,300,5749,471,6540,5,483,14747,168,15403,25,783,20496,639,21943,26346,508,26854,48797
2014,HUM,0,11730,4842,44,16616,253,55865,10058,182,66358,253,67595,14900,226,82974,3989,48,4037,87011
2014,HUT,0,529,2909,1212,4650,0,1733,8753,438,10924,0,2262,11662,1650,15574,18699,1489,20188,35762
2014,HVN,12,4125,3844,87,8068,0,658,9004,168,9830,12,4783,12848,255,17898,13425,274,13699,31597
2014,HWD,6,1858,7370,18,9252,0,1341,37240,1162,39743,6,3199,44610,1180,48995,63695,36,63731,112726
2014,HWO,0,17,2789,0,2806,0,213,49714,33,49960,0,230,52503,33,52766,102944,66,103010,155776
2014,HXD,0,7318,8898,152,16368,0,158,9937,259,10354,0,7476,18835,411,26722,2814,475,3289,30011
2014,HYA,143,13992,6917,34,21086,0,50386,19580,53,70019,143,64378,26497,87,91105,8220,163,8383,99488
2014,HYI,2,918,9159,307,10386,0,284,18493,272,19049,2,1202,27652,579,29435,21293,414,21707,51142
2014,IAD,152749,121567,37271,269,311856,101,388,1842,325,2656,152850,121955,39113,594,314512,0,0,0,314512
2014,IAG,956,641,3112,1817,6526,2,17,5623,1439,7081,958,658,8735,3256,13607,4578,1570,6148,19755
2014,IAH,284972,210295,11034,77,506378,314,607,1378,263,2562,285286,210902,12412,340,508940,0,0,0,508940
2014,ICT,15730,20933,29151,15009,80823,59,2113,16037,529,18738,15789,23046,45188,15538,99561,15420,18217,33637,133198
2014,IDA,1056,7225,1949,101,10331,1,3424,11246,72,14743,1057,10649,13195,173,25074,9033,14,9047,34121
2014,IFP,1671,88,359,74,2192,6,1715,7332,265,9318,1677,1803,7691,339,11510,1683,207,1890,13400
2014,ILG,1476,3572,11139,1632,17819,4,490,12824,1335,14653,1480,4062,23963,2967,32472,19190,5674,24864,57336
2014,ILM,5851,10309,14132,4151,34443,0,458,5961,975,7394,5851,10767,20093,5126,41837,3016,1460,4476,46313
2014,IND,102040,32943,13053,719,148755,1,228,1996,139,2364,102041,33171,15049,858,151119,0,0,0,151119
2014,INT,151,2304,8610,189,11254,0,684,16731,952,18367,151,2988,25341,1141,29621,9420,520,9940,39561
2014,IPT,30,2799,2431,87,5347,0,878,8953,156,9987,30,3677,11384,243,15334,6302,104,6406,21740
2014,ISM,4,2216,18166,56,20442,0,878,29071,36,29985,4,3094,47237,92,50427,32420,42,32462,82889
2014,ISO,239,264,2424,2863,5790,1,1094,3126,568,4789,240,1358,5550,3431,10579,5709,6416,12125,22704
2014,ISP,9884,5861,9878,261,25884,1,1812,32617,683,35113,9885,7673,42495,944,60997,55089,448,55537,116534
2014,ITH,4,6960,3358,23,10345,0,166,6695,46,6907,4,7126,10053,69,17252,22451,4,22455,39707
2014,ITO,15084,4239,895,2395,22613,20,42107,4515,2118,48760,15104,46346,5410,4513,71373,8149,6451,14600,85973
2014,IWA,10119,3548,9685,2060,25412,15,19319,50932,1935,72201,10134,22867,60617,3995,97613,125871,4884,130755,228368
2014,IXD,4,1649,7747,391,9791,0,104,14970,1571,16645,4,1753,22717,1962,26436,22087,890,22977,49413
2014,JAC,6997,6689,5911,62,19659,16,383,4641,102,5142,7013,7072,10552,164,24801,1310,6,1316,26117
2014,JAN,7463,13276,6978,7107,34824,0,231,1872,247,2350,7463,13507,8850,7354,37174,1133,20004,21137,58311
2014,JAX,50572,20027,8737,4559,83895,1,231,1877,937,3046,50573,20258,10614,5496,86941,934,2027,2961,89902
2014,JEF,1,319,4769,324,5413,0,446,8792,1047,10285,1,765,13561,1371,15698,11187,2484,13671,29369
2014,JFK,381847,40427,3654,218,426146,29,1387,3583,91,5090,381876,41814,7237,309,431236,0,0,0,431236
2014,JLN,27,1871,3027,21,4946,0,1686,8106,66,9858,27,3557,11133,87,14804,12832,60,12892,27696
2014,JNU,8582,3017,675,135,12409,79,73220,8558,267,82124,8661,76237,9233,402,94533,4744,179,4923,99456
2014,JQF,1375,2482,11092,45,14994,8,4116,18852,383,23359,1383,6598,29944,428,38353,16978,92,17070,55423
2014,JRF,14,389,1172,1580,3155,28,484,15423,5972,21907,42,873,16595,7552,25062,82505,24818,107323,132385
2014,JVL,18,3094,2135,40,5287,0,443,12576,59,13078,18,3537,14711,99,18365,16343,186,16529,34894
2014,JXN,35,386,3386,58,3865,9,482,17963,92,18546,44,868,21349,150,22411,18452,66,18518,40929
2014,KOA,22273,7459,2535,3846,36113,109,15518,13769,1652,31048,22382,22977,16304,5498,67161,51395,11342,62737,129898
2014,LAF,52,498,5804,32,6386,1,66,24795,53,24915,53,564,30599,85,31301,65082,20,65102,96403
2014,LAL,29,1028,10986,701,12744,0,13,41468,254,41735,29,1041,52454,955,54479,50279,701,50980,105459
2014,LAN,2527,13271,7180,873,23851,64,147,5536,301,6048,2591,13418,12716,1174,29899,4975,40,5015,34914
2014,LAS,340165,25766,37144,933,404008,31,102009,15525,494,118059,340196,127775,52669,1427,522067,0,0,0,522067
2014,LAW,70,2519,2795,11826,17210,0,4,4980,243,5227,70,2523,7775,12069,22437,2738,612,3350,25787
2014,LAX,531304,85074,16694,600,633672,69,51,1396,1518,3034,531373,85125,18090,2118,636706,0,0,0,636706
2014,LBB,9635,15880,12757,7560,45832,49,5319,13014,631,19013,9684,21199,25771,8191,64845,12025,8072,20097,84942
2014,LBE,1926,4120,2987,381,9414,39,221,8594,516,9370,1965,4341,11581,897,18784,6721,526,7247,26031
2014,LCH,35,6060,4420,2005,12520,0,7590,5877,67,13534,35,13650,10297,2072,26054,9562,2164,11726,37780
2014,LEB,0,4687,3061,86,7834,0,3836,7802,204,11842,0,8523,10863,290,19676,9727,224,9951,29627
2014,LEE,0,289,5851,55,6195,0,300,21777,22,22099,0,589,27628,77,28294,25024,18,25042,53336
2014,LEX,5699,22900,16310,955,45864,2,1248,14147,457,15854,5701,24148,30457,1412,61718,6917,205,7122,68840
2014,LFT,1162,15022,12733,762,29679,0,11800,7685,72,19557,1162,26822,20418,834,49236,5642,567,6209,55445
2014,LGA,314942,47869,4062,150,367023,4,294,2562,129,2989,314946,48163,6624,279,370012,0,0,0,370012
2014,LGB,26710,2617,26169,578,56074,43,2731,91909,478,95161,26753,5348,118078,1056,151235,164597,177,164774,316009
2014,LIH,25830,4036,1139,3218,34223,129,61042,13532,685,75388,25959,65078,14671,3903,109611,15047,1901,16948,126559
2014,LIT,20145,15937,23799,5671,65552,1,972,15015,724,16712,20146,16909,38814,6395,82264,5101,3075,8176,90440
2014,LMT,0,1898,1909,5782,9589,0,1417,11749,3502,16668,0,3315,13658,9284,26257,9021,10739,19760,46017
2014,LNK,415,10598,10538,5664,27215,2,1368,10579,1518,13467,417,11966,21117,7182,40682,10147,2840,12987,53669
2014,LNS,15,3834,9630,1008,14487,6,457,31373,633,32469,21,4291,41003,1641,46956,31511,2759,34270,81226
2014,LOU,0,458,7773,70,8301,0,2892,24872,489,28253,0,3350,32645,559,36554,34775,193,34968,71522
2014,LRD,4535,9339,7863,2785,24522,21,99,11423,2478,14021,4556,9438,19286,5263,38543,41840,50786,92626,131169
2014,LSE,233,5685,2687,250,8855,0,283,5506,379,6168,233,5968,8193,629,15023,3583,956,4539,19562
2014,LUK,76,10333,21236,214,31859,0,2107,21486,241,23834,76,12440,42722,455,55693,23978,70,24048,79741
2014,LVK,3,1105,9274,50,10432,0,28,49613,19,49660,3,1133,58887,69,60092,85369,76,85445,145537
2014,LWB,1999,5182,7540,168,14889,14,934,4992,456,6396,2013,6116,12532,624,21285,3140,276,3416,24701
2014,LWM,0,472,3672,15,4159,0,55,20959,29,21043,0,527,24631,44,25202,21205,50,21255,46457
2014,LWS,1508,2147,1935,165,5755,0,1664,13070,86,14820,1508,3811,15005,251,20575,10745,222,10967,31542
2014,LYH,15,5179,7483,627,13304,0,1016,38723,1106,40845,15,6195,46206,1733,54149,62624,764,63388,117537
2014,LZU,10,3912,10074,61,14057,0,393,28718,49,29160,10,4305,38792,110,43217,31860,31,31891,75108
2014,MAF,8974,14632,19418,8869,51893,13,832,8144,1312,10301,8987,15464,27562,10181,62194,3390,11093,14483,76677
2014,MBS,126,7948,5590,152,13816,4,124,2779,119,3026,130,8072,8369,271,16842,5247,202,5449,22291
2014,MCI,101795,19965,3029,741,125530,4,306,675,41,1026,101799,20271,3704,782,126556,0,10,10,126566
2014,MCN,250,1406,5413,399,7468,4,71,4415,241,4731,254,1477,9828,640,12199,3659,64,3723,15922
2014,MCO,265649,15107,13515,295,294566,31,291,2408,73,2803,265680,15398,15923,368,297369,0,0,0,297369
2014,MDH,6,800,879,7,1692,0,11619,15981,14,27614,6,12419,16860,21,29306,53364,10,53374,82680
2014,MDT,12092,19011,5910,3992,41005,2,201,2808,682,3693,12094,19212,8718,4674,44698,2497,3660,6157,50855
2014,MDW,185620,24458,28784,267,239129,18,1262,7283,1560,10123,185638,25720,36067,1827,249252,0,0,0,249252
2014,MEI,1,1460,5662,17943,25066,1,749,6515,3296,10561,2,2209,12177,21239,35627,6112,15194,21306,56933
2014,MEM,160659,33527,17506,2014,213706,7,616,4236,449,5308,160666,34143,21742,2463,219014,355,484,839,219853
2014,MER,2,45,8190,240,8477,0,51,39299,99,39449,2,96,47489,339,47926,54559,906,55465,103391
2014,MFD,7,413,5122,1386,6928,0,135,4052,849,5036,7,548,9174,2235,11964,3504,1344,4848,16812
2014,MFE,4831,6932,12869,5438,30070,0,97,20882,308,21287,4831,7029,33751,5746,51357,7816,448,8264,59621
2014,MFR,5274,9293,4648,207,19422,156,3214,11074,150,14594,5430,12507,15722,357,34016,5298,166,5464,39480
2014,MGM,666,9039,8725,18949,37379,0,1131,5102,2163,8396,666,10170,13827,21112,45775,8285,11338,19623,65398
2014,MGW,0,4855,3422,784,9061,0,11219,7497,787,19503,0,16074,10919,1571,28564,16174,490,16664,45228
2014,MHK,118,3263,3365,604,7350,0,187,6700,456,7343,118,3450,10065,1060,14693,9407,970,10377,25070
2014,MHR,2380,5054,8707,6152,22293,2401,7439,28071,9309,47220,4781,12493,36778,15461,69513,13713,16241,29954,99467
2014,MHT,20371,16772,5030,540,42713,0,1531,5191,189,6911,20371,18303,10221,729,49624,2072,179,2251,51875
2014,MIA,315756,65219,15018,810,396803,1606,478,3589,187,5860,317362,65697,18607,997,402663,0,0,0,402663
2014,MIC,6,43,3224,11,3284,0,484,18580,32,19096,6,527,21804,43,22380,18689,48,18737,41117
2014,MIE,13,77,2706,24,2820,0,940,13086,175,14201,13,1017,15792,199,17021,9864,212,10076,27097
2014,MKC,192,11145,18937,401,30675,11,4094,20754,512,25371,203,15239,39691,913,56046,13221,343,13564,69610
2014,MKE,55338,42420,9977,1733,109468,4,514,2463,171,3152,55342,42934,12440,1904,112620,415,251,666,113286
2014,MKG,58,2165,5426,222,7871,5,53,8398,532,8988,63,2218,13824,754,16859,15207,566,15773,32632
2014,MKK,328,9705,244,241,10518,38,17133,2943,261,20375,366,26838,3187,502,30893,1877,1347,3224,34117
2014,MKL,0,1701,4295,247,6243,0,335,5102,1372,6809,0,2036,9397,1619,13052,3321,1921,5242,18294
2014,MLB,2827,3016,25822,271,31936,0,1254,45340,71,46665,2827,4270,71162,342,78601,44003,51,44054,122655
2014,MLI,3661,12630,6578,236,23105,3,62,4576,104,4745,3664,12692,11154,340,27850,5630,178,5808,33658
2014,MLU,53,7114,8416,6204,21787,0,78,5956,526,6560,53,7192,14372,6730,28347,5446,2168,7614,35961
2014,MMU,19,10258,17944,26,28247,1,1096,17914,44,19055,20,11354,35858,70,47302,19976,7,19983,67285
2014,MOB,2009,12072,4525,26969,45575,0,307,2727,7270,10304,2009,12379,7252,34239,55879,3105,26935,30040,85919
2014,MOD,18,2866,6262,88,9234,2,7599,16494,50,24145,20,10465,22756,138,33379,11343,70,11413,44792
2014,MOT,2607,7098,4466,169,14340,2,1050,6291,226,7569,2609,8148,10757,395,21909,7001,1607,8608,30517
2014,MQY,142,3909,9054,1715,14820,6,2507,16629,3537,22679,148,6416,25683,5252,37499,22957,3674,26631,64130
2014,MRI,5,566,2363,4,2938,7,12179,49469,90,61745,12,12745,51832,94,64683,60822,83,60905,125588
2014,MRY,1190,12779,11247,565,25781,0,312,14070,384,14766,1190,13091,25317,949,40547,8678,1626,10304,50851
2014,MSN,14946,17505,14120,2720,49291,1,424,14329,1562,16316,14947,17929,28449,4282,65607,12956,393,13349,78956
2014,MSO,5118,7024,3571,211,15924,2,1187,9514,128,10831,5120,8211,13085,339,26755,7414,379,7793,34548
2014,MSP,292440,105521,10610,2395,410966,5,85,662,42,794,292445,105606,11272,2437,411760,0,0,0,411760
2014,MSY,95984,10922,10902,551,118359,0,3921,3452,435,7808,95984,14843,14354,986,126167,0,0,0,126167
2014,MTN,0,1313,8240,1325,10878,0,104,30585,1238,31927,0,1417,38825,2563,42805,30938,782,31720,74525
2014,MVY,983,8550,5025,106,14664,58,12491,17904,173,30626,1041,21041,22929,279,45290,1946,124,2070,47360
2014,MWA,10,4173,535,126,4844,14,2639,4185,278,7116,24,6812,4720,404,11960,15630,154,15784,27744
2014,MWC,3,144,2523,6,2676,5,413,10675,37,11130,8,557,13198,43,13806,17565,96,17661,31467
2014,MWH,5608,1394,5278,6105,18385,1936,859,12899,1759,17453,7544,2253,18177,7864,35838,30128,11151,41279,77117
2014,MYF,2,1749,21010,320,23081,0,1402,79985,205,81592,2,3151,100995,525,104673,110368,79,110447,215120
2014,MYR,16011,10607,6279,2749,35646,29,107540,5256,671,113496,16040,118147,11535,3420,149142,2358,1397,3755,152897
2014,NEW,3,2646,17002,1299,20950,0,568,15263,745,16576,3,3214,32265,2044,37526,16623,1476,18099,55625
2014,NQA,29,354,1672,2029,4084,0,134,3618,727,4479,29,488,5290,2756,8563,5292,13434,18726,27289
2014,OAK,110948,14808,20495,403,146654,8,1562,22596,974,25140,110956,16370,43091,1377,171794,31390,534,31924,203718
2014,OCF,63,969,11633,645,13310,0,92,22524,91,22707,63,1061,34157,736,36017,13112,112,13224,49241
2014,OGD,271,338,2809,88,3506,2,3504,28589,188,32283,273,3842,31398,276,35789,48788,171,48959,84748
2014,OGG,49995,11836,2163,1624,65618,28,48242,7663,621,56554,50023,60078,9826,2245,122172,6121,270,6391,128563
2014,OJC,0,524,7637,5,8166,0,95,20369,33,20497,0,619,28006,38,28663,20742,52,20794,49457
2014,OKC,41883,18056,13829,18502,92270,2,283,5958,2297,8540,41885,18339,19787,20799,100810,1543,20418,21961,122771
2014,OLM,0,1486,3526,312,5324,0,700,23060,781,24541,0,2186,26586,1093,29865,31256,716,31972,61837
2014,OLV,0,4496,3123,49,7668,0,1682,14198,161,16041,0,6178,17321,210,23709,24364,242,24606,48315
2014,OMA,41172,26167,15196,1748,84283,1,1610,4493,135,6239,41173,27777,19689,1883,90522,5426,1594,7020,97542
2014,OMN,4,2,7032,3,7041,0,1,54662,0,54663,4,3,61694,3,61704,49074,8,49082,110786
2014,ONT,50816,14695,5010,233,70754,6,1606,7007,344,8963,50822,16301,12017,577,79717,3973,76,4049,83766
2014,OPF,107,6994,33331,1567,41999,1,1223,35164,3728,40116,108,8217,68495,5295,82115,50824,3642,54466,136581
2014,ORD,547201,325687,6465,169,879522,1052,821,510,28,2411,548253,326508,6975,197,881933,0,0,0,881933
2014,ORF,26065,25412,11360,220,63057,61,71,6822,790,7744,26126,25483,18182,1010,70801,3905,141,4046,74847
2014,ORH,1111,754,4033,372,6270,87,416,14927,188,15618,1198,1170,18960,560,21888,10178,396,10574,32462
2014,ORL,11,4457,20911,79,25458,0,1247,35295,51,36593,11,5704,56206,130,62051,48362,13,48375,110426
2014,OSH,7,728,4158,128,5021,1,219,30828,225,31273,8,947,34986,353,36294,27715,137,27852,64146
2014,OSU,0,2694,7911,36,10641,4,8085,23539,142,31770,4,10779,31450,178,42411,28815,46,28861,71272
2014,OTH,0,3444,1835,204,5483,0,2366,2556,2522,7444,0,5810,4391,2726,12927,689,3712,4401,17328
2014,OUN,4,465,5451,189,6109,1,124,20523,412,21060,5,589,25974,601,27169,21710,158,21868,49037
2014,OWB,242,2403,2762,888,6295,2,76,6024,468,6570,244,2479,8786,1356,12865,3958,738,4696,17561
2014,OWD,1,943,4470,9,5423,0,710,26245,93,27048,1,1653,30715,102,32471,26314,42,26356,58827
2014,OXC,6,2532,3523,158,6219,0,2377,17648,737,20762,6,4909,21171,895,26981,16287,480,16767,43748
2014,OXR,0,1494,6498,67,8059,0,4553,20735,151,25439,0,6047,27233,218,33498,37388,342,37730,71228
2014,PAE,4545,863,9801,274,15483,118,494,38900,320,39832,4663,1357,48701,594,55315,57643,502,58145,113460
2014,PAH,13,2417,3232,438,6100,0,355,11633,813,12801,13,2772,14865,1251,18901,7622,634,8256,27157
2014,PAO,2,186,5751,3,5942,0,1257,70763,61,72081,2,1443,76514,64,78023,97756,24,97780,175803
2014,PBI,49777,27861,37923,658,116219,8,1617,20435,687,22747,49785,29478,58358,1345,138966,745,1,746,139712
2014,PDK,30,14454,46169,393,61046,4,1564,46390,144,48102,34,16018,92559,537,109148,30186,220,30406,139554
2014,PDT,6,1435,516,217,2174,0,2373,3255,823,6451,6,3808,3771,1040,8625,1528,1696,3224,11849
2014,PDX,161535,22613,9955,4288,198391,12,8030,6113,304,14459,161547,30643,16068,4592,212850,3369,34,3403,216253
2014,PGD,3495,797,3456,60,7808,4,61,26386,23,26474,3499,858,29842,83,34282,20165,74,20239,54521
2014,PHF,1584,12569,7302,5560,27015,154,38,14878,1450,16520,1738,12607,22180,7010,43535,28093,11808,39901,83436
2014,PHL,239776,164581,11469,145,415971,0,500,2527,255,3282,239776,165081,13996,400,419253,0,0,0,419253
2014,PHX,352709,45746,13036,1650,413141,23,8853,7525,899,17300,352732,54599,20561,2549,430441,18,2,20,430461
2014,PIA,2940,13754,5838,1745,24277,5,927,5352,2267,8551,2945,14681,11190,4012,32828,4140,2704,6844,39672
2014,PIE,9013,2508,19636,3830,34987,2,179,29015,5328,34524,9015,2687,48651,9158,69511,47769,6279,54048,123559
2014,PIH,58,4322,1211,77,5668,8,1569,8360,91,10028,66,5891,9571,168,15696,7277,68,7345,23041
2014,PIT,83792,33522,9605,6876,133795,11,130,796,313,1250,83803,33652,10401,7189,135045,0,248,248,135293
2014,PKB,18,3375,3136,1125,7654,0,886,8761,3330,12977,18,4261,11897,4455,20631,5834,11030,16864,37495
2014,PMD,64,130,5594,5223,11011,0,3,2365,575,2943,64,133,7959,5798,13954,1172,7725,8897,22851
2014,PMP,0,251,5619,8,5878,0,467,42159,7,42633,0,718,47778,15,48511,89267,624,89891,138402
2014,PNE,2,4664,8594,229,13489,0,38,30900,59,30997,2,4702,39494,288,44486,30387,0,30387,74873
2014,PNS,10587,14841,10144,15403,50975,4,331,16124,3622,20081,10591,15172,26268,19025,71056,35190,1226,36416,107472
2014,POC,13,117,5546,25,5701,13,72,36011,33,36129,26,189,41557,58,41830,50299,15,50314,92144
2014,POU,1,520,3257,63,3841,0,72,29735,127,29934,1,592,32992,190,33775,42451,58,42509,76284
2014,PRC,2,2254,2336,114,4706,1,1522,83348,216,85087,3,3776,85684,330,89793,185538,53,185591,275384
2014,PSC,6332,5324,5411,941,18008,3,363,9870,305,10541,6335,5687,15281,1246,28549,12678,2285,14963,43512
2014,PSP,14040,17911,7164,550,39665,5,1119,11694,1070,13888,14045,19030,18858,1620,53553,3298,210,3508,57061
2014,PTK,1055,8229,23390,72,32746,82,958,36175,202,37417,1137,9187,59565,274,70163,41611,0,41611,111774
2014,PUB,196,3303,6304,2067,11870,8,647,53709,1228,55592,204,3950,60013,3295,67462,72255,2807,75062,142524
2014,PVD,31731,10731,8300,440,51202,17,1872,7857,182,9928,31748,12603,16157,622,61130,13333,414,13747,74877
2014,PVU,878,818,2401,97,4194,0,147,20059,90,20296,878,965,22460,187,24490,53669,401,54070,78560
2014,PWA,0,2269,15149,1270,18688,4,430,20735,224,21393,4,2699,35884,1494,40081,15566,1142,16708,56789
2014,PWK,29,12157,21391,26,33603,12,715,22794,72,23593,41,12872,44185,98,57196,19248,6,19254,76450
2014,PWM,17192,11934,6437,288,35851,1,411,8307,210,8929,17193,12345,14744,498,44780,1791,62,1853,46633
2014,RAL,0,104,9401,85,9590,0,1895,40610,359,42864,0,1999,50011,444,52454,58143,71,58214,110668
2014,RAP,3318,10989,6839,513,21659,16,556,8207,2382,11161,3334,11545,15046,2895,32820,8251,1617,9868,42688
2014,RBD,2,110,5512,116,5740,0,48,21206,80,21334,2,158,26718,196,27074,24486,206,24692,51766
2014,RDD,51,6087,2178,221,8537,0,28545,18667,486,47698,51,34632,20845,707,56235,43420,217,43637,99872
2014,RDG,79,6229,14717,1335,22360,2,4331,23220,1220,28773,81,10560,37937,2555,51133,29360,3304,32664,83797
2014,RDM,4025,6206,2015,184,12430,648,1793,9799,180,12420,4673,7999,11814,364,24850,18124,313,18437,43287
2014,RDU,97297,37693,25149,1446,161585,0,172,18257,2749,21178,97297,37865,43406,4195,182763,497,243,740,183503
2014,RFD,8012,1464,7161,780,17417,4,444,6889,487,7824,8016,1908,14050,1267,25241,8631,310,8941,34182
2014,RHV,8,97,2674,0,2779,0,623,52216,153,52992,8,720,54890,153,55771,79537,18,79555,135326
2014,RIC,32380,32306,15469,2228,82383,10,700,8102,2123,10935,32390,33006,23571,4351,93318,5322,2162,7484,100802
2014,RME,142,496,1495,1195,3328,1,33,5887,634,6555,143,529,7382,1829,9883,16562,5257,21819,31702
2014,RNM,0,91,1435,9,1535,0,0,29420,295,29715,0,91,30855,304,31250,88389,477,88866,120116
2014,RNO,35329,10193,7702,963,54187,15,1574,14425,927,16941,35344,11767,22127,1890,71128,3106,452,3558,74686
2014,RNT,483,189,3675,60,4407,0,817,37979,78,38874,483,1006,41654,138,43281,56786,148,56934,100215
2014,ROA,2473,16440,7624,775,27312,0,531,6469,315,7315,2473,16971,14093,1090,34627,4121,137,4258,38885
2014,ROC,20474,24884,8625,564,54547,1,411,7952,898,9262,20475,25295,16577,1462,63809,21329,1488,22817,86626
2014,ROG,17,921,7733,13,8684,0,187,3722,3,3912,17,1108,11455,16,12596,1094,0,1094,13690
2014,ROW,323,4711,3132,6103,14269,195,1840,4252,6268,12555,518,6551,7384,12371,26824,3127,16979,20106,46930
2014,RST,1295,8909,8540,1156,19900,0,711,5336,177,6224,1295,9620,13876,1333,26124,5956,2762,8718,34842
2014,RSW,63319,4951,5798,853,74921,0,74,2023,70,2167,63319,5025,7821,923,77088,66,0,66,77154
2014,RVS,0,1945,12083,71,14099,0,452,41369,157,41978,0,2397,53452,228,56077,83938,0,83938,140015
2014,RYN,0,0,482,10,492,0,0,37612,2355,39967,0,0,38094,2365,40459,65183,12700,77883,118342
2014,RYY,0,1689,10082,130,11901,0,947,26529,496,27972,0,2636,36611,626,39873,30938,86,31024,70897
2014,SAC,0,1485,13525,153,15163,2,2507,50819,283,53611,2,3992,64344,436,68774,16941,56,16997,85771
2014,SAF,0,6932,6693,766,14391,0,1065,15726,1685,18476,0,7997,22419,2451,32867,30047,3471,33518,66385
2014,SAN,157267,24070,7766,413,189516,271,416,1337,221,2245,157538,24486,9103,634,191761,3,1,4,191765
2014,SAT,90523,20520,36527,3319,150889,4,4280,16571,1843,22698,90527,24800,53098,5162,173587,0,0,0,173587
2014,SAV,18119,20305,20069,4887,63380,2,238,10804,1225,12269,18121,20543,30873,6112,75649,7828,1690,9518,85167
2014,SAW,172,5801,975,107,7055,680,795,2452,164,4091,852,6596,3427,271,11146,2139,268,2407,13553
2014,SBA,3905,21671,15739,654,41969,151,455,29550,556,30712,4056,22126,45289,1210,72681,31973,246,32219,104900
2014,SBN,3238,12893,7217,89,23437,4,512,4718,27,5261,3242,13405,11935,116,28698,7772,80,7852,36550
2014,SBP,1105,9232,6548,205,17090,2,1229,26734,297,28262,1107,10461,33282,502,45352,22340,84,22424,67776
2014,SBY,0,6058,2496,417,8971,0,548,10483,2283,13314,0,6606,12979,2700,22285,11278,10646,21924,44209
2014,SCK,1136,564,11877,1426,15003,2,971,16409,1449,18831,1138,1535,28286,2875,33834,24876,2700,27576,61410
2014,SDF,97987,34073,9181,2133,143374,6,1073,2470,767,4316,97993,35146,11651,2900,147690,487,252,739,148429
2014,SDL,64,10915,30180,516,41675,12,4603,44530,599,49744,76,15518,74710,1115,91419,58830,170,59000,150419
2014,SDM,0,1535,5776,961,8272,0,30,22692,1941,24663,0,1565,28468,2902,32935,52323,4881,57204,90139
2014,SEA,325419,10731,1610,46,337806,6,82,2503,81,2672,325425,10813,4113,127,340478,0,0,0,340478
2014,SEE,2,392,11301,155,11850,0,102,69705,58,69865,2,494,81006,213,81715,125617,56,125673,207388
2014,SFB,13903,15802,15922,116,45743,11,24173,26164,91,50439,13914,39975,42086,207,96182,124474,70,124544,220726
2014,SFF,0,948,3013,34,3995,0,2692,19639,27,22358,0,3640,22652,61,26353,28378,150,28528,54881
2014,SFO,335420,79966,10260,390,426036,8,948,2391,2583,5930,335428,80914,12651,2973,431966,0,0,0,431966
2014,SGF,3117,16471,10021,1541,31150,0,530,5006,1053,6589,3117,17001,15027,2594,37739,2722,747,3469,41208
2014,SGJ,363,1687,10792,958,13800,0,4540,47656,1237,53433,363,6227,58448,2195,67233,70272,941,71213,138446
2014,SGR,11,4547,22787,62,27407,0,1100,21000,33,22133,11,5647,43787,95,49540,24784,174,24958,74498
2014,SHV,3644,16061,9577,2367,31649,0,540,5358,341,6239,3644,16601,14935,2708,37888,5540,493,6033,43921
2014,SIG,1,30,3786,201,4018,0,14592,41607,1942,58141,1,14622,45393,2143,62159,39861,408,40269,102428
2014,SJC,88189,22694,17097,41,128021,1,333,9158,151,9643,88190,23027,26255,192,137664,4503,44,4547,142211
2014,SJT,2918,3025,5751,11286,22980,2897,4075,15455,6314,28741,5815,7100,21206,17600,51721,14623,35141,49764,101485
2014,SJU,65889,29966,5532,1462,102849,42,42643,10804,725,54214,65931,72609,16336,2187,157063,83,85,168,157231
2014,SLC,180381,78074,19280,1946,279681,94,7125,34770,279,42268,180475,85199,54050,2225,321949,3492,38,3530,325479
2014,SLE,1,589,4213,722,5525,0,1075,14677,1473,17225,1,1664,18890,2195,22750,8973,1328,10301,33051
2014,SLN,53,4054,3903,865,8875,96,17764,4703,2202,24765,149,21818,8606,3067,33640,53615,3540,57155,90795
2014,SMF,79566,15447,3258,1081,99352,0,422,3528,496,4446,79566,15869,6786,1577,103798,1700,2582,4282,108080
2014,SMO,19,7985,15689,55,23748,13,196,42705,70,42984,32,8181,58394,125,66732,16641,8,16649,83381
2014,SMX,373,5899,3931,184,10387,2,6398,13370,166,19936,375,12297,17301,350,30323,10552,644,11196,41519
2014,SNA,81391,13036,33143,193,127763,62,189,68625,321,69197,81453,13225,101768,514,196960,85369,285,85654,282614
2014,SNS,5,211,8725,68,9009,0,1034,26519,169,27722,5,1245,35244,237,36731,17537,282,17819,54550
2014,SPG,0,208,3618,25,3851,2,4333,37020,491,41846,2,4541,40638,516,45697,48229,3030,51259,96956
2014,SPI,408,5096,6078,2791,14373,0,1458,5775,416,7649,408,6554,11853,3207,22022,8213,3154,11367,33389
2014,SQL,0,5788,3772,3,9563,0,9085,43325,52,52462,0,14873,47097,55,62025,55506,16,55522,117547
2014,SRQ,10518,5697,22347,1381,39943,1,539,29687,393,30620,10519,6236,52034,1774,70563,30178,640,30818,101381
2014,SSF,2,182,3223,4110,7517,0,3757,23151,1011,27919,2,3939,26374,5121,35436,44943,4896,49839,85275
2014,STC,935,108,3792,283,5118,0,201,9464,1982,11647,935,309,13256,2265,16765,9241,1237,10478,27243
2014,STJ,1,21,2304,1714,4040,8,190,6138,1543,7879,9,211,8442,3257,11919,3807,3957,7764,19683
2014,STL,122283,49673,7062,1063,180081,86,2082,1279,252,3699,122369,51755,8341,1315,183780,38,94,132,183912
2014,STP,8,4052,15147,536,19743,3,3248,12346,2664,18261,11,7300,27493,3200,38004,20364,6171,26535,64539
2014,STS,3295,2742,7184,125,13346,31,2766,34816,276,37889,3326,5508,42000,401,51235,22285,56,22341,73576
2014,STT,8997,8292,3160,111,20560,13,28381,11096,420,39910,9010,36673,14256,531,60470,2987,128,3115,63585
2014,STX,2202,5753,919,634,9508,0,13880,6662,760,21302,2202,19633,7581,1394,30810,4465,1516,5981,36791
2014,SUA,8,4326,10236,78,14648,1,356,33450,49,33856,9,4682,43686,127,48504,33560,30,33590,82094
2014,SUN,2623,4659,6063,18,13363,2,424,6658,52,7136,2625,5083,12721,70,20499,1228,6,1234,21733
2014,SUS,63,10771,23199,553,34586,2,521,26232,249,27004,65,11292,49431,802,61590,37372,188,37560,99150
2014,SUX,82,2025,6107,2199,10413,0,832,2846,37,3715,82,2857,8953,2236,14128,3479,625,4104,18232
2014,SWF,3269,6401,5427,1948,17045,18,1500,12190,1728,15436,3287,7901,17617,3676,32481,5436,1542,6978,39459
2014,SWO,55,124,4564,817,5560,5,854,18776,562,20197,60,978,23340,1379,25757,34171,2204,36375,62132
2014,SYR,19269,25063,6211,853,51396,1,252,5659,382,6294,19270,25315,11870,1235,57690,2982,438,3420,61110
2014,TCL,221,1204,7540,5505,14470,2,1143,9748,1350,12243,223,2347,17288,6855,26713,20656,1634,22290,49003
2014,TEB,62,64144,84404,177,148787,0,2744,15202,371,18317,62,66888,99606,548,167104,15,0,15,167119
2014,TIW,0,532,9966,113,10611,0,419,21107,430,21956,0,951,31073,543,32567,23859,132,23991,56558
2014,TIX,0,238,8117,63,8418,0,0,40184,15,40199,0,238,48301,78,48617,50882,56,50938,99555
2014,TKI,0,675,7338,5,8018,0,885,25284,16,26185,0,1560,32622,21,34203,66959,12,66971,101174
2014,TLH,4601,10943,11443,7984,34971,0,138,10753,1760,12651,4601,11081,22196,9744,47622,5927,2565,8492,56114
2014,TMB,5,1881,29301,65,31252,2,183,106624,128,106937,7,2064,135925,193,138189,120008,0,120008,258197
2014,TOA,29,296,8214,56,8595,24,51,58456,240,58771,53,347,66670,296,67366,58097,472,58569,125935
2014,TOL,2044,4043,7591,2240,15918,0,581,5080,139,5800,2044,4624,12671,2379,21718,5153,2291,7444,29162
2014,TOP,0,382,5583,235,6200,1,759,16831,134,17725,1,1141,22414,369,23925,12905,352,13257,37182
2014,TPA,142861,19187,13839,402,176289,93,262,7244,128,7727,142954,19449,21083,530,184016,22,0,22,184038
2014,TRI,1870,8971,7528,516,18885,0,903,9806,107,10816,1870,9874,17334,623,29701,16868,11,16879,46580
2014,TTD,0,39,1575,1,1615,0,430,27851,95,28376,0,469,29426,96,29991,70348,76,70424,100415
2014,TTN,5523,3675,8671,350,18219,0,31,29244,1005,30280,5523,3706,37915,1355,48499,30033,253,30286,78785
2014,TUL,27844,23572,16055,9069,76540,5,259,7733,1308,9305,27849,23831,23788,10377,85845,2913,6440,9353,95198
2014,TUP,29,2767,4033,5365,12194,2,1664,13629,3590,18885,31,4431,17662,8955,31079,15019,5126,20145,51224
2014,TUS,30300,15680,11850,10229,68059,6,3547,27994,5418,36965,30306,19227,39844,15647,105024,24069,8804,32873,137897
2014,TVC,6997,7108,8492,1243,23840,2,1333,20388,2734,24457,6999,8441,28880,3977,48297,36320,3659,39979,88276
2014,TWF,135,4345,1978,291,6749,2,846,10216,325,11389,137,5191,12194,616,18138,6623,504,7127,25265
2014,TXK,5,2840,3384,570,6799,0,1416,5577,522,7515,5,4256,8961,1092,14314,5638,1627,7265,21579
2014,TYR,208,6445,7531,220,14404,1,1497,13964,221,15683,209,7942,21495,441,30087,10924,171,11095,41182
2014,TYS,11250,30415,20392,11394,73451,0,84,7531,2370,9985,11250,30499,27923,13764,83436,6190,10795,16985,100421
2014,TZR,0,142,1751,39,1932,0,15,7676,68,7759,0,157,9427,107,9691,9861,172,10033,19724
2014,UES,0,2212,6993,52,9257,0,730,19133,161,20024,0,2942,26126,213,29281,12323,107,12430,41711
2014,UGN,20,3492,7525,134,11171,0,72,11808,305,12185,20,3564,19333,439,23356,17224,371,17595,40951
2014,UNV,53,10619,4717,139,15528,0,1023,9638,178,10839,53,11642,14355,317,26367,11944,346,12290,38657
2014,VCT,0,2594,2762,6079,11435,0,106,5495,3695,9296,0,2700,8257,9774,20731,2943,32447,35390,56121
2014,VCV,917,91,2804,797,4609,16,621,5941,1897,8475,933,712,8745,2694,13084,3673,3008,6681,19765
2014,VGT,14,1239,9494,301,11048,0,5538,44399,584,50521,14,6777,53893,885,61569,65027,346,65373,126942
2014,VNY,72,13611,35159,84,48926,47,408,105423,281,106159,119,14019,140582,365,155085,77831,15,77846,232931
2014,VQQ,739,263,5811,6095,12908,3,104,10959,6746,17812,742,367,16770,12841,30720,32567,41071,73638,104358
2014,VRB,2,3609,21948,97,25656,0,36,68215,40,68291,2,3645,90163,137,93947,128142,39,128181,222128
2014,WDG,0,622,2759,6785,10166,0,24,5777,6985,12786,0,646,8536,13770,22952,4118,6884,11002,33954
2014,WHP,0,0,555,0,555,0,0,40346,2,40348,0,0,40901,2,40903,31902,3,31905,72808
2014,WJF,3,262,1840,369,2474,1,675,24860,274,25810,4,937,26700,643,28284,23913,308,24221,52505
2014,XFL,0,229,3605,30,3864,0,39,34805,418,35262,0,268,38410,448,39126,104681,608,105289,144415
2014,XNA,11430,15555,3861,4003,34849,0,165,717,379,1261,11430,15720,4578,4382,36110,152,3434,3586,39696
2014,YIP,3141,8520,11398,89,23148,4,166,12920,76,13166,3145,8686,24318,165,36314,27800,62,27862,64176
2014,YKM,1737,2804,4485,566,9592,0,306,10135,488,10929,1737,3110,14620,1054,20521,11115,704,11819,32340
2014,YNG,959,1414,5910,4287,12570,0,168,3940,605,4713,959,1582,9850,4892,17283,3524,5400,8924,26207
2015,ABE,4431,10715,12284,309,27739,0,641,14642,132,15415,4431,11356,26926,441,43154,44738,192,44930,88084
2015,ABI,274,8419,7841,6659,23193,15,856,9341,685,10897,289,9275,17182,7344,34090,10378,10170,20548,54638
2015,ABQ,49596,19937,11474,4985,85992,7,5152,15769,12233,33161,49603,25089,27243,17218,119153,3281,1750,5031,124184
2015,ABY,43,2856,3454,669,7022,0,71,6375,239,6685,43,2927,9829,908,13707,5048,1064,6112,19819
2015,ACK,1098,21530,10000,302,32930,0,51005,24474,317,75796,1098,72535,34474,619,108726,194,149,343,109069
2015,ACT,116,4384,8963,4828,18291,1,767,7859,470,9097,117,5151,16822,5298,27388,4979,1372,6351,33739
2015,ACY,9170,5015,8044,10519,32748,22,311,8976,8547,17856,9192,5326,17020,19066,50604,4908,21193,26101,76705
2015,ADM,2,1,3426,2062,5491,0,0,11879,805,12684,2,1,15305,2867,18175,7111,2112,9223,27398
2015,ADQ,1362,4104,277,777,6520,158,14698,1535,3349,19740,1520,18802,1812,4126,26260,884,6065,6949,33209
2015,ADS,171,5782,30531,67,36551,7,1207,55052,190,56456,178,6989,85583,257,93007,3461,4,3465,96472
2015,ADW,1004,1127,673,17483,20287,0,86,1833,9017,10936,1004,1213,2506,26500,31223,3607,29845,33452,64675
2015,AEG,0,386,3735,293,4414,0,392,19867,675,20934,0,778,23602,968,25348,40362,1759,42121,67469
2015,AEX,1437,6436,3692,3816,15381,0,0,0,0,0,1437,6436,3692,3816,15381,6506,7693,14199,29580
2015,AFW,6540,5137,13073,8560,33310,2,284,28164,691,29141,6542,5421,41237,9251,62451,50033,5015,55048,117499
2015,AGC,5,6724,14865,137,21731,4,11238,8984,108,20334,9,17962,23849,245,42065,9334,228,9562,51627
2015,AGS,2896,9175,7605,932,20608,0,91,1965,392,2448,2896,9266,9570,1324,23056,2299,717,3016,26072
2015,AHN,33,981,5785,403,7202,2,753,13154,333,14242,35,1734,18939,736,21444,8385,90,8475,29919
2015,AKN,883,5010,636,125,6654,10,13393,4697,115,18215,893,18403,5333,240,24869,922,486,1408,26277
2015,ALB,22067,19627,6371,1356,49421,0,1898,8076,1332,11306,22067,21525,14447,2688,60727,7786,1352,9138,69865
2015,ALN,26,2204,4873,305,7408,0,288,7263,57,7608,26,2492,12136,362,15016,14263,592,14855,29871
2015,ALO,54,1293,4661,382,6390,0,52,5855,781,6688,54,1345,10516,1163,13078,7755,628,8383,21461
2015,ALW,977,759,1467,20,3223,0,84,8004,26,8114,977,843,9471,46,11337,10966,0,10966,22303
2015,AMA,6835,7430,9659,11692,35616,4,160,4089,1438,5691,6839,7590,13748,13130,41307,6514,10564,17078,58385
2015,ANC,106838,60215,10760,1467,179280,188,21421,67695,686,89990,107026,81636,78455,2153,269270,9381,33,9414,278684
2015,ANE,0,1756,12071,66,13893,5,1837,28430,196,30468,5,3593,40501,262,44361,44787,560,45347,89708
2015,APA,17,23476,41635,1566,66694,76,2971,91420,1727,96194,93,26447,133055,3293,162888,147668,2726,150394,313282
2015,APC,0,4795,7743,93,12631,7,163,22175,222,22567,7,4958,29918,315,35198,13718,338,14056,49254
2015,APF,0,11301,28574,138,40013,0,417,38283,81,38781,0,11718,66857,219,78794,20130,12,20142,98936
2015,ARA,167,589,2217,1585,4558,40,7565,10718,576,18899,207,8154,12935,2161,23457,50065,831,50896,74353
2015,ARB,0,362,3194,8,3564,0,162,19179,39,19380,0,524,22373,47,22944,33953,18,33971,56915
2015,ARR,16,866,6551,147,7580,11,27,23528,196,23762,27,893,30079,343,31342,30461,276,30737,62079
2015,ASE,8986,9665,13094,115,31860,0,9,2353,41,2403,8986,9674,15447,156,34263,4850,81,4931,39194
2015,ASG,0,1080,5578,15,6673,0,550,9747,14,10311,0,1630,15325,29,16984,11706,2,11708,28692
2015,ASH,0,303,3849,6,4158,1,79,22133,34,22247,1,382,25982,40,26405,26000,30,26030,52435
2015,ATL,780321,94158,5642,112,880233,5,65,1649,545,2264,780326,94223,7291,657,882497,0,0,0,882497
2015,ATW,4433,7372,7077,112,18994,0,395,7993,37,8425,4433,7767,15070,149,27419,6134,126,6260,33679
2015,AUS,114068,14750,28604,3194,160616,0,608,20542,4808,25958,114068,15358,49146,8002,186574,3871,748,4619,191193
2015,AVL,5967,9834,15230,3247,34278,5,194,12518,892,13609,5972,10028,27748,4139,47887,13784,1511,15295,63182
2015,AVP,2284,10016,5035,211,17546,2,2705,8448,347,11502,2286,12721,13483,558,29048,28334,33,28367,57415
2015,AZO,941,5868,8193,77,15079,1,183,9331,127,9642,942,6051,17524,204,24721,16181,30,16211,40932
2015,BAF,22,750,3584,1571,5927,0,84,14409,2779,17272,22,834,17993,4350,23199,9569,3395,12964,36163
2015,BAK,43,969,3935,387,5334,0,6,20365,1133,21504,43,975,24300,1520,26838,11736,2592,14328,41166
2015,BAZ,9,220,3691,1244,5164,0,573,13195,309,14077,9,793,16886,1553,19241,21522,1598,23120,42361
2015,BBG,226,1216,2300,294,4036,0,125,1430,479,2034,226,1341,3730,773,6070,88,29,117,6187
2015,BCT,0,8138,12984,106,21228,0,594,19311,46,19951,0,8732,32295,152,41179,21124,138,21262,62441
2015,BDL,55947,20292,8866,1029,86134,1,185,5144,1573,6903,55948,20477,14010,2602,93037,392,78,470,93507
2015,BDR,0,1589,3625,57,5271,2,239,19849,50,20140,2,1828,23474,107,25411,17855,44,17899,43310
2015,BED,220,16517,25219,351,42307,0,2741,34949,222,37912,220,19258,60168,573,80219,48041,19,48060,128279
2015,BET,2756,7036,699,67,10558,51,78438,2899,168,81556,2807,85474,3598,235,92114,1108,63,1171,93285
2015,BFI,10861,18799,27761,667,58088,35,10010,56519,389,66953,10896,28809,84280,1056,125041,39770,760,40530,165571
2015,BFL,1500,7288,14789,450,24027,15,1374,17170,280,18839,1515,8662,31959,730,42866,7131,252,7383,50249
2015,BFM,1906,1823,4763,5387,13879,0,597,6389,4695,11681,1906,2420,11152,10082,25560,5202,26394,31596,57156
2015,BGM,26,5766,2979,232,9003,0,46,3497,138,3681,26,5812,6476,370,12684,3413,273,3686,16370
2015,BGR,4967,8261,7381,6050,26659,4,386,5846,2676,8912,4971,8647,13227,8726,35571,3260,1958,5218,40789
2015,BHM,25290,23721,29544,4683,83238,2,394,9370,1035,10801,25292,24115,38914,5718,94039,844,147,991,95030
2015,BIL,10030,19451,10264,169,39914,6,7065,16039,216,23326,10036,26516,26303,385,63240,17674,126,17800,81040
2015,BIS,2536,10320,12001,587,25444,34,605,13137,1799,15575,2570,10925,25138,2386,41019,14242,1463,15705,56724
2015,BJC,6,5162,13489,482,19139,2,362,40975,701,42040,8,5524,54464,1183,61179,62272,2018,64290,125469
2015,BKL,91,4538,5693,222,10544,0,7181,10578,212,17971,91,11719,16271,434,28515,20659,104,20763,49278
2015,BKV,0,562,3010,486,4058,0,1143,16410,1360,18913,0,1705,19420,1846,22971,20904,7963,28867,51838
2015,BLI,7258,2462,5299,337,15356,43,8966,23459,483,32951,7301,11428,28758,820,48307,16175,1403,17578,65885
2015,BMG,79,798,4656,138,5671,0,128,10578,201,10907,79,926,15234,339,16578,15122,228,15350,31928
2015,BMI,2952,4589,4418,165,12124,0,21,8163,76,8260,2952,4610,12581,241,20384,9148,203,9351,29735
2015,BNA,111402,33197,27967,1612,174178,2,312,7685,2240,10239,111404,33509,35652,3852,184417,4,0,4,184421
2015,BOI,40646,7299,15831,3772,67548,151,3081,23845,6275,33352,40797,10380,39676,10047,100900,24772,6302,31074,131974
2015,BOS,288647,53253,12709,160,354769,3,19397,3041,803,23244,288650,72650,15750,963,378013,0,0,0,378013
2015,BPT,2,2059,5862,212,8135,0,356,4514,492,5362,2,2415,10376,704,13497,3901,37,3938,17435
2015,BQN,5100,3667,1209,215,10191,3,22,10273,4725,15023,5103,3689,11482,4940,25214,7888,7732,15620,40834
2015,BRO,1541,7616,5455,3367,17979,0,1098,5548,379,7025,1541,8714,11003,3746,25004,2857,4981,7838,32842
2015,BTL,14,1113,6856,104,8087,0,7,23275,519,23801,14,1120,30131,623,31888,45305,2056,47361,79249
2015,BTR,2933,17159,18168,638,38898,0,209,18651,225,19085,2933,17368,36819,863,57983,25436,101,25537,83520
2015,BTV,12887,11927,7760,2294,34868,3,361,12280,1544,14188,12890,12288,20040,3838,49056,21536,2074,23610,72666
2015,BUF,49629,18845,7784,461,76719,0,1919,4872,168,6959,49629,20764,12656,629,83678,29319,2604,31923,115601
2015,BUR,40293,18808,13291,224,72616,9,2009,24131,765,26914,40302,20817,37422,989,99530,28612,26,28638,128168
2015,BVY,0,1154,3016,28,4198,0,378,20165,118,20661,0,1532,23181,146,24859,25457,42,25499,50358
2015,BWI,202560,25661,12100,705,241026,18,122,2630,573,3343,202578,25783,14730,1278,244369,2081,10,2091,246460
2015,BZN,9723,8215,8656,153,26747,0,472,21868,94,22434,9723,8687,30524,247,49181,31284,112,31396,80577
2015,CAE,7731,24432,9947,1402,43512,0,133,4582,526,5241,7731,24565,14529,1928,48753,2144,817,2961,51714
2015,CAK,12985,14738,15858,659,44240,0,273,6566,758,7597,12985,15011,22424,1417,51837,15698,574,16272,68109
2015,CCR,0,1182,7491,107,8780,0,2149,36537,105,38791,0,3331,44028,212,47571,59099,202,59301,106872
2015,CDW,1,663,4067,0,4731,0,1192,36110,768,38070,1,1855,40177,768,42801,26864,172,27036,69837
2015,CGF,0,3705,6858,8,10571,0,25,8676,14,8715,0,3730,15534,22,19286,9553,2,9555,28841
2015,CHA,3657,14171,16170,5174,39172,0,175,6996,618,7789,3657,14346,23166,5792,46961,3141,1284,4425,51386
2015,CHD,0,174,1930,13,2117,0,1533,78674,27,80234,0,1707,80604,40,82351,137425,77,137502,219853
2015,CHO,987,17079,10101,1079,29246,3,1102,14315,628,16048,990,18181,24416,1707,45294,15472,2828,18300,63594
2015,CHS,35217,20770,19175,12921,88083,0,783,4918,2525,8226,35217,21553,24093,15446,96309,1455,6338,7793,104102
2015,CIC,4,868,967,193,2032,32,7271,19694,436,27433,36,8139,20661,629,29465,5523,1460,6983,36448
2015,CID,11710,13503,7917,193,33323,10,38,8171,116,8335,11720,13541,16088,309,41658,7747,22,7769,49427
2015,CKB,594,2338,3283,2878,9093,16,108,2787,314,3225,610,2446,6070,3192,12318,4561,4600,9161,21479
2015,CLE,75006,33014,8664,142,116826,3,285,597,62,947,75009,33299,9261,204,117773,0,0,0,117773
2015,CLL,125,5479,7501,8002,21107,0,369,12160,1371,13900,125,5848,19661,9373,35007,9740,4551,14291,49298
2015,CLT,363667,152029,20321,1514,537531,0,186,5318,909,6413,363667,152215,25639,2423,543944,0,0,0,543944
2015,CMA,5,2693,13004,166,15868,0,452,61871,205,62528,5,3145,74875,371,78396,68342,282,68624,147020
2015,CMH,66620,37223,17395,437,121675,0,746,3166,140,4052,66620,37969,20561,577,125727,0,0,0,125727
2015,CMI,107,6814,4607,177,11705,2,2701,5089,222,8014,109,9515,9696,399,19719,19798,52,19850,39569
2015,CNO,33,241,13532,100,13906,7,79,54699,376,55161,40,320,68231,476,69067,100488,1376,101864,170931
2015,CNW,30,32,2267,2394,4723,2,14,15230,597,15843,32,46,17497,2991,20566,60282,8548,68830,89396
2015,COS,13920,8833,10157,7360,40270,1,1037,16697,6749,24484,13921,9870,26854,14109,64754,29622,30927,60549,125303
2015,COU,1213,1840,4940,221,8214,3,167,5542,398,6110,1216,2007,10482,619,14324,5237,1216,6453,20777
2015,CPR,1143,10570,5366,315,17394,0,426,9938,60,10424,1143,10996,15304,375,27818,7748,138,7886,35704
2015,CPS,91,1860,9759,486,12196,0,8897,19048,220,28165,91,10757,28807,706,40361,53170,129,53299,93660
2015,CRE,0,379,4979,549,5907,115,7720,12911,508,21254,115,8099,17890,1057,27161,9696,116,9812,36973
2015,CRG,2,1226,19820,229,21277,0,10,32657,9538,42205,2,1236,52477,9767,63482,64535,408,64943,128425
2015,CRP,5574,10048,8536,14432,38590,0,713,6371,3417,10501,5574,10761,14907,17849,49091,1452,15456,16908,65999
2015,CRQ,6,8859,31933,631,41429,0,955,44026,285,45266,6,9814,75959,916,86695,44494,225,44719,131414
2015,CRW,1756,15523,6532,2324,26135,11,2262,6985,1060,10318,1767,17785,13517,3384,36453,7723,3151,10874,47327
2015,CSG,297,2611,5454,144,8506,0,47,4475,78,4600,297,2658,9929,222,13106,5162,88,5250,18356
2015,CVG,76857,49813,4558,61,131289,11,285,1562,78,1936,76868,50098,6120,139,133225,0,0,0,133225
2015,CWA,122,8021,1170,28,9341,0,203,1821,24,2048,122,8224,2991,52,11389,1152,99,1251,12640
2015,CWF,90,310,1754,8553,10707,0,430,2641,1142,4213,90,740,4395,9695,14920,1488,7449,8937,23857
2015,CXO,0,663,10384,297,11344,0,494,21971,1959,24424,0,1157,32355,2256,35768,23463,1772,25235,61003
2015,CXY,0,501,4248,447,5196,0,76,8133,880,9089,0,577,12381,1327,14285,5464,1318,6782,21067
2015,CYS,139,2335,4146,2462,9082,3,351,1758,304,2416,142,2686,5904,2766,11498,13732,18932,32664,44162
2015,DAB,5192,20836,26765,666,53459,36,60395,71384,509,132324,5228,81231,98149,1175,185783,111795,100,111895,297678
2015,DAL,130665,24478,51108,614,206865,3,1825,7219,187,9234,130668,26303,58327,801,216099,0,0,0,216099
2015,DAY,15863,23297,8000,257,47417,2,85,2553,118,2758,15865,23382,10553,375,50175,365,56,421,50596
2015,DBQ,23,1781,5846,35,7685,0,148,16060,56,16264,23,1929,21906,91,23949,27422,134,27556,51505
2015,DCA,222289,68244,2956,475,293964,20,98,156,2857,3131,222309,68342,3112,3332,297095,0,0,0,297095
2015,DEC,7,3866,2923,513,7309,0,0,8999,2597,11596,7,3866,11922,3110,18905,17164,5497,22661,41566
2015,DEN,424797,117761,3680,87,546325,133,386,784,20,1323,424930,118147,4464,107,547648,0,0,0,547648
2015,DET,2,1676,5528,54,7260,0,77,11684,115,11876,2,1753,17212,169,19136,25254,60,25314,44450
2015,DFW,506077,167494,5815,76,679462,18,631,1014,136,1799,506095,168125,6829,212,681261,0,0,0,681261
2015,DHN,2411,968,8175,13131,24685,11,129,9345,3694,13179,2422,1097,17520,16825,37864,15621,20868,36489,74353
2015,DLH,1528,6784,11393,3047,22752,2,1349,15072,286,16709,1530,8133,26465,3333,39461,17836,2282,20118,59579
2015,DPA,34,4815,16731,165,21745,8,159,25157,226,25550,42,4974,41888,391,47295,29118,86,29204,76499
2015,DSM,28343,10640,15906,772,55661,11,762,7994,297,9064,28354,11402,23900,1069,64725,4175,487,4662,69387
2015,DTN,1,188,5864,21,6074,0,82,16351,122,16555,1,270,22215,143,22629,20909,242,21151,43780
2015,DTO,54,1191,9659,110,11014,0,266,63556,59,63881,54,1457,73215,169,74895,89852,50,89902,164797
2015,DTW,276897,96516,5252,68,378733,1,17,591,34,643,276898,96533,5843,102,379376,0,0,0,379376
2015,DVT,13,913,8008,162,9096,2,4622,124223,56,128903,15,5535,132231,218,137999,231753,7,231760,369759
2015,DWH,1,2329,15321,883,18534,0,582,36702,1677,38961,1,2911,52023,2560,57495,42019,175,42194,99689
2015,DXR,3,696,2093,26,2818,0,2093,27464,87,29644,3,2789,29557,113,32462,25250,28,25278,57740
2015,EAU,34,1393,6992,133,8552,0,1147,7114,226,8487,34,2540,14106,359,17039,5228,80,5308,22347
2015,ECP,9322,5583,12967,5478,33350,7,83,10058,515,10663,9329,5666,23025,5993,44013,12474,8084,20558,64571
2015,EGE,3609,8683,10160,197,22649,0,26,6431,2203,8660,3609,8709,16591,2400,31309,7122,1095,8217,39526
2015,ELM,3580,5646,5303,57,14586,0,90,2335,31,2456,3580,5736,7638,88,17042,4465,37,4502,21544
2015,ELP,33061,13174,9362,5053,60650,59,3162,17573,1671,22465,33120,16336,26935,6724,83115,14214,1574,15788,98903
2015,EMT,8,152,3245,11,3416,21,111,35483,65,35680,29,263,38728,76,39096,61603,1,61604,100700
2015,ENA,60,9820,370,194,10444,432,14579,4966,227,20204,492,24399,5336,421,30648,5657,2604,8261,38909
2015,ENW,0,3101,3764,1,6866,0,230,19646,39,19915,0,3331,23410,40,26781,26300,58,26358,53139
2015,ERI,128,5999,3975,352,10454,0,63,3817,82,3962,128,6062,7792,434,14416,6409,462,6871,21287
2015,ESN,0,966,4339,150,5455,0,1108,17100,5544,23752,0,2074,21439,5694,29207,25864,19510,45374,74581
2015,EUG,9124,6713,6997,1570,24404,54,625,15046,261,15986,9178,7338,22043,1831,40390,17749,1824,19573,59963
2015,EVB,0,1716,8087,13,9816,0,4,46083,26,46113,0,1720,54170,39,55929,94679,0,94679,150608
2015,EVV,1175,10426,5789,863,18253,0,968,4297,117,5382,1175,11394,10086,980,23635,11380,712,12092,35727
2015,EWB,0,1636,3503,107,5246,0,3595,16798,125,20518,0,5231,20301,232,25764,20762,562,21324,47088
2015,EWN,9,6536,3124,391,10060,0,91,10049,220,10360,9,6627,13173,611,20420,9412,488,9900,30320
2015,EWR,296008,108901,4601,82,409592,9,1242,5598,506,7355,296017,110143,10199,588,416947,0,0,0,416947
2015,EYW,14455,4772,9458,149,28834,1,5032,15393,449,20875,14456,9804,24851,598,49709,3761,78,3839,53548
2015,FAI,13014,14048,6519,1439,35020,107,18591,29221,852,48771,13121,32639,35740,2291,83791,33391,340,33731,117522
2015,FAR,5058,16107,14427,459,36051,1,3504,9998,727,14230,5059,19611,24425,1186,50281,23521,852,24373,74654
2015,FAT,13579,11279,10760,2559,38177,8,5778,33732,2841,42359,13587,17057,44492,5400,80536,23206,1384,24590,105126
2015,FAY,1720,8337,5893,1834,17784,7,220,7200,402,7829,1727,8557,13093,2236,25613,8509,2393,10902,36515
2015,FCM,10,2298,17433,25,19766,8,344,30853,134,31339,18,2642,48286,159,51105,36125,263,36388,87493
2015,FDK,0,793,4297,107,5197,0,2072,27490,653,30215,0,2865,31787,760,35412,31168,519,31687,67099
2015,FFZ,6,586,2629,14,3235,4,49142,46828,1971,97945,10,49728,49457,1985,101180,149464,81,149545,250725
2015,FLG,15,6188,2459,369,9031,2,7748,18153,824,26727,17,13936,20612,1193,35758,9669,629,10298,46056
2015,FLL,208155,28350,26403,258,263166,64,3371,11217,187,14839,208219,31721,37620,445,278005,0,0,0,278005
2015,FLO,26,3320,4397,951,8694,0,571,3898,291,4760,26,3891,8295,1242,13454,1834,629,2463,15917
2015,FMN,24,4596,1817,109,6546,5,2841,8205,407,11458,29,7437,10022,516,18004,11429,1182,12611,30615
2015,FMY,0,2887,13691,19,16597,0,207,38156,6,38369,0,3094,51847,25,54966,42747,18,42765,97731
2015,FNT,6165,6889,6704,191,19949,0,319,6808,631,7758,6165,7208,13512,822,27707,6175,102,6277,33984
2015,FOE,188,289,2573,5179,8229,12,173,3176,3007,6368,200,462,5749,8186,14597,971,10421,11392,25989
2015,FOK,6,3749,6523,587,10865,0,281,21733,1004,23018,6,4030,28256,1591,33883,16981,5476,22457,56340
2015,FPR,0,563,21648,32,22243,0,1091,49709,39,50839,0,1654,71357,71,73082,79604,12,79616,152698
2015,FRG,131,9550,13947,74,23702,4,1283,83394,103,84784,135,10833,97341,177,108486,89016,22,89038,197524
2015,FSD,10599,23572,14942,2328,51441,0,878,7079,197,8154,10599,24450,22021,2525,59595,5607,2268,7875,67470
2015,FSM,463,4063,6664,4128,15318,0,344,6238,716,7298,463,4407,12902,4844,22616,6985,4269,11254,33870
2015,FTG,0,99,4529,29,4657,0,445,20114,255,20814,0,544,24643,284,25471,30766,1155,31921,57392
2015,FTW,99,7761,24602,213,32675,0,887,32929,137,33953,99,8648,57531,350,66628,59308,48,59356,125984
2015,FTY,0,2816,16920,95,19831,0,109,7945,33,8087,0,2925,24865,128,27918,21598,28,21626,49544
2015,FUL,0,7,3439,0,3446,0,31,37870,0,37901,0,38,41309,0,41347,21219,0,21219,62566
2015,FWA,3637,14865,7114,783,26399,6,381,4259,1118,5764,3643,15246,11373,1901,32163,3530,405,3935,36098
2015,FWS,0,226,3641,10,3877,0,193,22359,128,22680,0,419,26000,138,26557,40971,14,40985,67542
2015,FXE,18,10728,36574,122,47442,44,2453,77923,212,80632,62,13181,114497,334,128074,31957,34,31991,160065
2015,FYV,49,582,4510,297,5438,0,92,7233,226,7551,49,674,11743,523,12989,7660,1028,8688,21677
2015,GCK,31,3298,3601,664,7594,29,385,4322,288,5024,60,3683,7923,952,12618,2394,1594,3988,16606
2015,GCN,25,1418,576,272,2291,12,99435,2155,332,101934,37,100853,2731,604,104225,1181,553,1734,105959
2015,GEG,38272,6663,5556,871,51362,60,312,6183,308,6863,38332,6975,11739,1179,58225,6341,466,6807,65032
2015,GEU,2,341,1124,12,1479,0,179,24356,34,24569,2,520,25480,46,26048,51773,14,51787,77835
2015,GFK,3008,33736,6566,112,43422,0,60816,6569,66,67451,3008,94552,13135,178,110873,187637,14,187651,298524
2015,GGG,73,3435,9671,2074,15253,2,6529,6469,275,13275,75,9964,16140,2349,28528,26465,1797,28262,56790
2015,GJT,3065,11184,5209,1744,21202,4,363,11851,507,12725,3069,11547,17060,2251,33927,7661,1575,9236,43163
2015,GKY,65,966,7400,34,8465,1,4,40439,125,40569,66,970,47839,159,49034,39132,56,39188,88222
2015,GLH,6,467,1193,716,2382,0,20,3821,319,4160,6,487,5014,1035,6542,2808,7644,10452,16994
2015,GLS,0,1989,3742,556,6287,0,8432,10182,447,19061,0,10421,13924,1003,25348,7432,534,7966,33314
2015,GMU,26,6744,4171,70,11011,11,3780,17743,887,22421,37,10524,21914,957,33432,15719,312,16031,49463
2015,GNV,1304,9524,10269,2462,23559,3,314,19342,992,20651,1307,9838,29611,3454,44210,5282,1760,7042,51252
2015,GON,4,1179,4866,407,6456,0,450,16048,978,17476,4,1629,20914,1385,23932,13116,894,14010,37942
2015,GPI,3492,5655,4214,392,13753,1,170,6724,435,7330,3493,5825,10938,827,21083,5129,1680,6809,27892
2015,GPM,0,94,980,26,1100,0,142,20793,1533,22468,0,236,21773,1559,23568,32130,9995,42125,65693
2015,GPT,4427,7643,5642,18773,36485,2,454,4362,2625,7443,4429,8097,10004,21398,43928,3553,4198,7751,51679
2015,GRB,4342,10276,10871,595,26084,0,31,8760,167,8958,4342,10307,19631,762,35042,11106,572,11678,46720
2015,GRI,530,2748,2925,221,6424,0,263,4239,764,5266,530,3011,7164,985,11690,3240,502,3742,15432
2015,GRR,23304,16958,17126,357,57745,3,801,7768,57,8629,23307,17759,24894,414,66374,9680,202,9882,76256
2015,GSN,5242,3711,1467,130,10550,0,25683,34860,304,60847,5242,29394,36327,434,71397,39,102,141,71538
2015,GSO,20755,24833,14126,1287,61001,5,776,9526,204,10511,20760,25609,23652,1491,71512,4235,468,4703,76215
2015,GSP,13122,19929,6150,960,40161,0,122,2050,345,2517,13122,20051,8200,1305,42678,340,418,758,43436
2015,GTF,4720,10423,3765,2199,21107,0,117,4792,809,5718,4720,10540,8557,3008,26825,6491,2380,8871,35696
2015,GTR,39,2496,3203,8436,14174,2,142,6359,3418,9921,41,2638,9562,11854,24095,2423,8164,10587,34682
2015,GTU,0,470,5414,98,5982,0,186,30078,55,30319,0,656,35492,153,36301,39426,214,39640,75941
2015,GUM,22727,3538,2180,476,28921,0,7,20634,174,20815,22727,3545,22814,650,49736,23442,273,23715,73451
2015,GYH,0,2887,873,860,4620,0,4498,5699,2968,13165,0,7385,6572,3828,17785,7802,2794,10596,28381
2015,GYR,150,229,1441,22,1842,20,6203,34111,3643,43977,170,6432,35552,3665,45819,64571,940,65511,111330
2015,GYY,499,1087,7798,198,9582,0,172,7651,721,8544,499,1259,15449,919,18126,6047,1055,7102,25228
2015,HEF,9,4226,14552,232,19019,1,5487,18650,445,24583,10,9713,33202,677,43602,34893,250,35143,78745
2015,HFD,0,376,2658,38,3072,0,108,27642,96,27846,0,484,30300,134,30918,20889,484,21373,52291
2015,HGR,312,2213,3334,939,6798,32,1673,16469,4857,23031,344,3886,19803,5796,29829,18171,1902,20073,49902
2015,HHR,117,6333,3305,9,9764,6,6073,51777,775,58631,123,12406,55082,784,68395,35754,62,35816,104211
2015,HIO,11,4201,14225,139,18576,24,204,56919,228,57375,35,4405,71144,367,75951,110446,5,110451,186402
2015,HKS,0,1082,5024,566,6672,0,452,4756,1762,6970,0,1534,9780,2328,13642,8046,6603,14649,28291
2015,HKY,18,2569,2084,81,4752,0,1765,8798,612,11175,18,4334,10882,693,15927,5507,146,5653,21580
2015,HLG,0,850,930,468,2248,0,908,6331,2587,9826,0,1758,7261,3055,12074,2216,8722,10938,23012
2015,HLN,1477,4472,2119,276,8344,95,942,10825,3309,15171,1572,5414,12944,3585,23515,13555,1819,15374,38889
2015,HND,1,1779,11814,29,13623,0,26771,29925,267,56963,1,28550,41739,296,70586,18258,1,18259,88845
2015,HNL,154715,39150,7824,15946,217635,12,49754,42667,2866,95299,154727,88904,50491,18812,312934,364,50,414,313348
2015,HOB,0,1434,1537,129,3100,0,545,3799,270,4614,0,1979,5336,399,7714,1196,304,1500,9214
2015,HOU,114859,25240,45381,257,185737,2,2583,6696,5569,14850,114861,27823,52077,5826,200587,0,0,0,200587
2015,HPN,13038,46496,40798,94,100426,2,6264,37875,67,44208,13040,52760,78673,161,144634,14862,6,14868,159502
2015,HQZ,0,54,3439,9,3502,0,12,28020,26,28058,0,66,31459,35,31560,39205,144,39349,70909
2015,HRL,5972,2907,2975,3010,14864,5,246,6870,1740,8861,5977,3153,9845,4750,23725,6931,13788,20719,44444
2015,HSA,11,174,1695,5834,7714,0,30,5989,2901,8920,11,204,7684,8735,16634,3974,8830,12804,29438
2015,HSV,9151,12489,5939,9300,36879,0,55,4780,1327,6162,9151,12544,10719,10627,43041,1994,13546,15540,58581
2015,HTS,1961,3703,2699,235,8598,0,303,2170,246,2719,1961,4006,4869,481,11317,1502,266,1768,13085
2015,HUF,22,261,6138,554,6975,9,390,18893,164,19456,31,651,25031,718,26431,38290,562,38852,65283
2015,HUM,53,9296,4477,58,13884,92,49830,9578,56,59556,145,59126,14055,114,73440,3580,30,3610,77050
2015,HUT,0,482,2718,1897,5097,1,1442,7584,457,9484,1,1924,10302,2354,14581,16752,3111,19863,34444
2015,HVN,0,4484,3888,63,8435,0,1832,8840,346,11018,0,6316,12728,409,19453,14983,276,15259,34712
2015,HWD,25,1381,8020,58,9484,0,546,41663,415,42624,25,1927,49683,473,52108,67874,0,67874,119982
2015,HWO,0,8,3008,0,3016,0,202,55645,23,55870,0,210,58653,23,58886,112600,64,112664,171550
2015,HXD,0,5737,8866,110,14713,0,145,11805,192,12142,0,5882,20671,302,26855,4027,405,4432,31287
2015,HYA,156,13104,6302,45,19607,86,43857,16959,48,60950,242,56961,23261,93,80557,6569,180,6749,87306
2015,HYI,4,863,6007,181,7055,0,152,16359,269,16780,4,1015,22366,450,23835,18368,401,18769,42604
2015,IAD,164103,92893,36173,386,293555,101,102,953,96,1252,164204,92995,37126,482,294807,0,0,0,294807
2015,IAG,1246,646,3525,2339,7756,0,26,6105,1515,7646,1246,672,9630,3854,15402,4760,3016,7776,23178
2015,IAH,332650,157189,10367,77,500283,440,270,1253,598,2561,333090,157459,11620,675,502844,0,0,0,502844
2015,ICT,15745,21553,30320,14001,81619,25,2744,14547,497,17813,15770,24297,44867,14498,99432,9499,8936,18435,117867
2015,IDA,1150,7262,1270,115,9797,2,2878,11788,152,14820,1152,10140,13058,267,24617,8391,144,8535,33152
2015,IFP,1435,310,468,234,2447,19,1676,5713,6103,13511,1454,1986,6181,6337,15958,1452,15635,17087,33045
2015,ILG,276,3536,11506,1379,16697,1,1061,9456,2033,12551,277,4597,20962,3412,29248,9525,4770,14295,43543
2015,ILM,6466,9789,13696,4070,34021,0,227,6580,628,7435,6466,10016,20276,4698,41456,5047,2371,7418,48874
2015,IND,112836,24054,14167,719,151776,0,190,1957,136,2283,112836,24244,16124,855,154059,0,0,0,154059
2015,INT,157,2048,8800,153,11158,0,616,18932,761,20309,157,2664,27732,914,31467,12664,252,12916,44383
2015,IPT,4,2401,2403,54,4862,0,1209,8787,153,10149,4,3610,11190,207,15011,4854,68,4922,19933
2015,ISM,3,2231,20028,119,22381,2,1021,27822,5,28850,5,3252,47850,124,51231,30116,30,30146,81377
2015,ISO,149,359,2361,2923,5792,1,957,2969,509,4436,150,1316,5330,3432,10228,4558,6326,10884,21112
2015,ISP,9063,4447,9985,259,23754,0,2609,32706,1030,36345,9063,7056,42691,1289,60099,53145,584,53729,113828
2015,ITH,44,6582,3454,23,10103,0,314,7623,54,7991,44,6896,11077,77,18094,20583,18,20601,38695
2015,ITO,15646,4142,942,2788,23518,7,42715,3852,1632,48206,15653,46857,4794,4420,71724,3548,5158,8706,80430
2015,IWA,10148,5095,13696,2252,31191,86,24772,38314,1742,64914,10234,29867,52010,3994,96105,115040,3264,118304,214409
2015,IXD,0,1992,7627,322,9941,0,268,16712,1663,18643,0,2260,24339,1985,28584,24917,782,25699,54283
2015,JAC,7316,7741,5726,139,20922,13,771,4516,201,5501,7329,8512,10242,340,26423,1629,88,1717,28140
2015,JAN,6538,13606,6121,6270,32535,0,181,1473,313,1967,6538,13787,7594,6583,34502,816,16123,16939,51441
2015,JAX,55232,17158,8311,5356,86057,2,380,1602,979,2963,55234,17538,9913,6335,89020,962,3127,4089,93109
2015,JEF,0,209,3993,366,4568,0,481,8178,1547,10206,0,690,12171,1913,14774,10084,2464,12548,27322
2015,JFK,407442,29159,3553,162,440316,18,1485,4342,483,6328,407460,30644,7895,645,446644,0,0,0,446644
2015,JLN,16,1658,2978,39,4691,0,1099,8164,101,9364,16,2757,11142,140,14055,12884,38,12922,26977
2015,JNU,9186,4079,770,72,14107,176,84519,9603,193,94491,9362,88598,10373,265,108598,3392,111,3503,112101
2015,JQF,2069,2399,11231,117,15816,12,3793,18895,573,23273,2081,6192,30126,690,39089,16220,136,16356,55445
2015,JRF,9,982,796,1449,3236,5,1215,14136,4506,19862,14,2197,14932,5955,23098,86310,19150,105460,128558
2015,JVL,10,3408,1926,34,5378,0,278,11678,53,12009,10,3686,13604,87,17387,14533,150,14683,32070
2015,JXN,21,303,3905,89,4318,19,276,17611,173,18079,40,579,21516,262,22397,18326,150,18476,40873
2015,KOA,24823,6999,2616,4094,38532,84,15312,14797,1643,31836,24907,22311,17413,5737,70368,54101,10676,64777,135145
2015,LAF,58,424,6637,42,7161,0,116,24792,34,24942,58,540,31429,76,32103,63306,44,63350,95453
2015,LAL,24,1059,14011,735,15829,0,9,40341,189,40539,24,1068,54352,924,56368,49333,638,49971,106339
2015,LAN,2908,12157,7171,1001,23237,70,201,5236,283,5790,2978,12358,12407,1284,29027,4835,45,4880,33907
2015,LAS,349603,24048,38015,1101,412767,3,104923,6691,494,112111,349606,128971,44706,1595,524878,0,0,0,524878
2015,LAW,48,2231,2010,10060,14349,0,0,3994,342,4336,48,2231,6004,10402,18685,2075,836,2911,21596
2015,LAX,570391,61644,18452,458,650945,54,37,1892,1565,3548,570445,61681,20344,2023,654493,8,0,8,654501
2015,LBB,11912,13247,11895,4434,41488,3,5116,10549,421,16089,11915,18363,22444,4855,57577,8629,3224,11853,69430
2015,LBE,2609,3958,3034,316,9917,3,244,8329,370,8946,2612,4202,11363,686,18863,6554,480,7034,25897
2015,LCH,44,5270,4517,1967,11798,0,6087,5830,68,11985,44,11357,10347,2035,23783,7196,982,8178,31961
2015,LEB,1,4459,3287,97,7844,1,4249,9087,290,13627,2,8708,12374,387,21471,8336,202,8538,30009
2015,LEE,0,396,8576,50,9022,64,469,22585,60,23178,64,865,31161,110,32200,33141,16,33157,65357
2015,LEX,7101,21429,16809,1041,46380,1,2074,15104,395,17574,7102,23503,31913,1436,63954,5277,264,5541,69495
2015,LFT,2138,12973,11388,650,27149,0,10738,6904,88,17730,2138,23711,18292,738,44879,3201,345,3546,48425
2015,LGA,307545,53798,4011,129,365483,3,413,2167,296,2879,307548,54211,6178,425,368362,0,0,0,368362
2015,LGB,23745,2663,24272,870,51550,40,3251,86114,677,90082,23785,5914,110386,1547,141632,148424,154,148578,290210
2015,LIH,23652,3732,1176,3630,32190,0,74239,9863,833,84935,23652,77971,11039,4463,117125,13454,2091,15545,132670
2015,LIT,20340,13380,22572,6673,62965,1,892,13267,936,15096,20341,14272,35839,7609,78061,13931,7047,20978,99039
2015,LMT,0,1536,1699,6148,9383,0,1433,11805,3816,17054,0,2969,13504,9964,26437,18888,10436,29324,55761
2015,LNK,988,10581,10879,7958,30406,0,1029,11373,1505,13907,988,11610,22252,9463,44313,14898,3313,18211,62524
2015,LNS,0,3595,9187,1064,13846,0,650,29586,622,30858,0,4245,38773,1686,44704,31956,2901,34857,79561
2015,LOU,3,467,8156,42,8668,0,3066,26170,381,29617,3,3533,34326,423,38285,35206,82,35288,73573
2015,LRD,3841,8747,7948,2782,23318,0,78,10465,1785,12328,3841,8825,18413,4567,35646,26799,31131,57930,93576
2015,LSE,239,4668,2825,341,8073,0,455,7065,332,7852,239,5123,9890,673,15925,5860,1157,7017,22942
2015,LUK,180,11455,20271,161,32067,1,2994,22877,157,26029,181,14449,43148,318,58096,24396,76,24472,82568
2015,LVK,4,1163,7756,67,8990,0,27,45381,89,45497,4,1190,53137,156,54487,62930,291,63221,117708
2015,LWB,1713,4334,6919,248,13214,0,1522,5145,560,7227,1713,5856,12064,808,20441,2665,576,3241,23682
2015,LWM,0,474,3131,12,3617,0,47,18965,35,19047,0,521,22096,47,22664,18768,22,18790,41454
2015,LWS,1638,2014,1733,133,5518,2,1465,13193,123,14783,1640,3479,14926,256,20301,13020,238,13258,33559
2015,LYH,33,4790,7833,436,13092,0,1162,33210,688,35060,33,5952,41043,1124,48152,52472,366,52838,100990
2015,LZU,0,3906,10327,79,14312,0,478,27834,48,28360,0,4384,38161,127,42672,31203,8,31211,73883
2015,MAF,11457,11281,15916,8349,47003,21,367,6829,2030,9247,11478,11648,22745,10379,56250,4175,9960,14135,70385
2015,MBS,858,7067,5725,86,13736,21,146,3019,370,3556,879,7213,8744,456,17292,2743,72,2815,20107
2015,MCI,102243,12423,2889,723,118278,0,254,568,54,876,102243,12677,3457,777,119154,6,0,6,119160
2015,MCN,219,419,6033,398,7069,4,43,4401,259,4707,223,462,10434,657,11776,1952,42,1994,13770
2015,MCO,281888,16938,12907,410,312143,35,182,2155,101,2473,281923,17120,15062,511,314616,0,0,0,314616
2015,MDH,8,1017,555,9,1589,0,25139,3491,12,28642,8,26156,4046,21,30231,57002,14,57016,87247
2015,MDT,12384,16695,5456,3865,38400,3,323,2963,663,3952,12387,17018,8419,4528,42352,2650,4558,7208,49560
2015,MDW,187239,24135,30464,236,242074,26,1426,8632,1361,11445,187265,25561,39096,1597,253519,0,0,0,253519
2015,MEI,2,2091,5723,18574,26390,0,862,6483,2370,9715,2,2953,12206,20944,36105,5417,15479,20896,57001
2015,MEM,168541,26564,18254,1871,215230,4,358,2897,292,3551,168545,26922,21151,2163,218781,176,214,390,219171
2015,MER,7,24,9734,136,9901,2,33,37028,62,37125,9,57,46762,198,47026,47508,288,47796,94822
2015,MFD,12,483,4198,1152,5845,0,174,3840,798,4812,12,657,8038,1950,10657,2020,1006,3026,13683
2015,MFE,6971,4299,12564,4197,28031,9,98,19342,336,19785,6980,4397,31906,4533,47816,7067,500,7567,55383
2015,MFR,6578,7358,4773,225,18934,67,2392,10892,130,13481,6645,9750,15665,355,32415,5534,120,5654,38069
2015,MGM,719,8120,9080,15812,33731,0,795,5180,2015,7990,719,8915,14260,17827,41721,5648,9380,15028,56749
2015,MGW,4,4565,4209,586,9364,0,14065,8114,971,23150,4,18630,12323,1557,32514,18976,1240,20216,52730
2015,MHK,54,2758,3159,632,6603,0,135,6734,689,7558,54,2893,9893,1321,14161,9465,1418,10883,25044
2015,MHR,2490,4951,8436,3596,19473,2536,7742,27760,6403,44441,5026,12693,36196,9999,63914,16050,14104,30154,94068
2015,MHT,20783,15621,5241,487,42132,0,1656,5333,134,7123,20783,17277,10574,621,49255,2360,190,2550,51805
2015,MIA,358548,33625,14722,1069,407964,1006,289,3502,154,4951,359554,33914,18224,1223,412915,0,0,0,412915
2015,MIC,21,47,3271,10,3349,1,449,19033,28,19511,22,496,22304,38,22860,16771,28,16799,39659
2015,MIE,13,136,2807,53,3009,0,750,15297,216,16263,13,886,18104,269,19272,11660,288,11948,31220
2015,MKC,183,11318,18703,371,30575,6,3367,20732,697,24802,189,14685,39435,1068,55377,15322,400,15722,71099
2015,MKE,56002,40064,10509,1300,107875,1,603,2297,191,3092,56003,40667,12806,1491,110967,416,126,542,111509
2015,MKG,52,2185,5613,205,8055,1,39,7844,511,8395,53,2224,13457,716,16450,13619,803,14422,30872
2015,MKK,62,10402,258,292,11014,0,21577,2471,229,24277,62,31979,2729,521,35291,1425,932,2357,37648
2015,MKL,2,1588,3928,196,5714,0,129,5109,1403,6641,2,1717,9037,1599,12355,2633,1493,4126,16481
2015,MLB,3113,2996,22613,305,29027,7,1421,31533,131,33092,3120,4417,54146,436,62119,29570,171,29741,91860
2015,MLI,5233,10539,5709,250,21731,0,40,4339,75,4454,5233,10579,10048,325,26185,5766,76,5842,32027
2015,MLU,49,6973,7960,5039,20021,0,115,5481,471,6067,49,7088,13441,5510,26088,4568,2478,7046,33134
2015,MMU,7,10193,18304,8,28512,0,590,18909,19,19518,7,10783,37213,27,48030,19260,20,19280,67310
2015,MOB,1756,12237,4680,28661,47334,0,370,2722,7711,10803,1756,12607,7402,36372,58137,1958,19723,21681,79818
2015,MOD,4,1940,6654,110,8708,0,7781,17304,46,25131,4,9721,23958,156,33839,11551,96,11647,45486
2015,MOT,2443,5997,4034,82,12556,0,709,5521,187,6417,2443,6706,9555,269,18973,5661,855,6516,25489
2015,MQY,196,3148,11896,1299,16539,14,2244,17357,2460,22075,210,5392,29253,3759,38614,26158,2798,28956,67570
2015,MRI,5,495,2029,5,2534,1,11908,48476,77,60462,6,12403,50505,82,62996,51099,14,51113,114109
2015,MRY,1896,11735,11481,500,25612,2,268,16906,455,17631,1898,12003,28387,955,43243,20763,3286,24049,67292
2015,MSN,16951,12021,14255,2609,45836,0,480,15472,1640,17592,16951,12501,29727,4249,63428,14322,456,14778,78206
2015,MSO,6327,4970,4074,175,15546,1,1079,10371,90,11541,6328,6049,14445,265,27087,8927,319,9246,36333
2015,MSP,303356,86464,11180,2754,403754,1,33,511,75,620,303357,86497,11691,2829,404374,0,0,0,404374
2015,MSY,103494,7714,10428,675,122311,1,4068,3305,447,7821,103495,11782,13733,1122,130132,0,0,0,130132
2015,MTN,4,1534,8288,1122,10948,0,252,30851,1114,32217,4,1786,39139,2236,43165,31553,850,32403,75568
2015,MVY,956,8477,4942,151,14526,0,8946,16293,166,25405,956,17423,21235,317,39931,1132,168,1300,41231
2015,MWA,17,3888,435,142,4482,0,4041,2849,246,7136,17,7929,3284,388,11618,14312,240,14552,26170
2015,MWC,0,141,2460,2,2603,3,302,9899,35,10239,3,443,12359,37,12842,13859,50,13909,26751
2015,MWH,4667,1572,4384,5675,16298,742,1132,12763,1988,16625,5409,2704,17147,7663,32923,30604,9821,40425,73348
2015,MYF,6,1259,22472,391,24128,3,1884,96302,196,98385,9,3143,118774,587,122513,91245,90,91335,213848
2015,MYR,15715,5510,6474,2662,30361,78,144439,5840,607,150964,15793,149949,12314,3269,181325,2181,1139,3320,184645
2015,NEW,2,2574,16532,1550,20658,0,576,15997,849,17422,2,3150,32529,2399,38080,16175,1378,17553,55633
2015,NQA,7,199,1863,2021,4090,0,119,4173,794,5086,7,318,6036,2815,9176,5708,15138,20846,30022
2015,OAK,116856,19448,18871,215,155390,5,2409,23227,975,26616,116861,21857,42098,1190,182006,32990,862,33852,215858
2015,OCF,58,892,12659,598,14207,0,23,24674,104,24801,58,915,37333,702,39008,18687,443,19130,58138
2015,OGD,225,386,2948,179,3738,2,3570,22331,162,26065,227,3956,25279,341,29803,30738,211,30949,60752
2015,OGG,51951,12248,2102,1724,68025,62,52998,7088,524,60672,52013,65246,9190,2248,128697,5692,204,5896,134593
2015,OJC,0,524,8042,8,8574,0,33,19799,50,19882,0,557,27841,58,28456,17752,38,17790,46246
2015,OKC,44614,10980,12903,19175,87672,29,551,6200,2232,9012,44643,11531,19103,21407,96684,2180,17971,20151,116835
2015,OLM,0,1157,3812,584,5553,0,774,19934,794,21502,0,1931,23746,1378,27055,28700,783,29483,56538
2015,OLV,0,4667,4254,36,8957,5,2185,22616,278,25084,5,6852,26870,314,34041,40392,324,40716,74757
2015,OMA,42757,22290,14160,1935,81142,1,1060,5092,644,6797,42758,23350,19252,2579,87939,5992,1664,7656,95595
2015,OMN,13,6,7400,2,7421,0,0,62925,4,62929,13,6,70325,6,70350,38534,20,38554,108904
2015,ONT,52777,15863,5078,44,73762,1,1366,6419,607,8393,52778,17229,11497,651,82155,5781,18,5799,87954
2015,OPF,35,8120,36465,1417,46037,1,1374,40053,4067,45495,36,9494,76518,5484,91532,47859,3697,51556,143088
2015,ORD,597730,270074,6476,114,874394,20,36,665,21,742,597750,270110,7141,135,875136,0,0,0,875136
2015,ORF,27295,23453,11441,276,62465,0,64,6180,383,6627,27295,23517,17621,659,69092,1494,351,1845,70937
2015,ORH,1423,626,4080,281,6410,0,365,17300,197,17862,1423,991,21380,478,24272,14331,411,14742,39014
2015,ORL,5,4358,20488,91,24942,0,1622,34487,41,36150,5,5980,54975,132,61092,50354,0,50354,111446
2015,OSH,0,784,4011,82,4877,0,187,34281,177,34645,0,971,38292,259,39522,25075,120,25195,64717
2015,OSU,1,3046,7764,35,10846,0,9382,21275,169,30826,1,12428,29039,204,41672,33674,26,33700,75372
2015,OTH,0,3403,1695,195,5293,0,2526,2349,2403,7278,0,5929,4044,2598,12571,751,3336,4087,16658
2015,OUN,0,346,5042,201,5589,0,105,20456,397,20958,0,451,25498,598,26547,19282,70,19352,45899
2015,OWB,253,2350,2743,767,6113,10,143,6450,391,6994,263,2493,9193,1158,13107,6277,806,7083,20190
2015,OWD,0,1075,3839,14,4928,0,997,25487,53,26537,0,2072,29326,67,31465,19685,102,19787,51252
2015,OXC,0,2394,3165,94,5653,0,1912,17443,970,20325,0,4306,20608,1064,25978,16219,426,16645,42623
2015,OXR,0,1100,6812,54,7966,1,4297,21559,124,25981,1,5397,28371,178,33947,40506,292,40798,74745
2015,PAE,4024,1095,10783,390,16292,118,269,41234,295,41916,4142,1364,52017,685,58208,54325,255,54580,112788
2015,PAH,8,2353,3409,457,6227,0,498,9459,701,10658,8,2851,12868,1158,16885,5150,591,5741,22626
2015,PAO,0,180,5198,2,5380,6,817,61531,76,62430,6,997,66729,78,67810,103663,147,103810,171620
2015,PBI,52439,27807,39694,940,120880,65,1450,20874,838,23227,52504,29257,60568,1778,144107,690,0,690,144797
2015,PDK,31,16623,46835,583,64072,2,1277,42122,214,43615,33,17900,88957,797,107687,30427,140,30567,138254
2015,PDT,2,1719,539,183,2443,0,2197,3953,711,6861,2,3916,4492,894,9304,1662,841,2503,11807
2015,PDX,166456,17709,10341,3145,197651,9,7927,7729,316,15981,166465,25636,18070,3461,213632,4355,34,4389,218021
2015,PGD,5203,1124,5394,153,11874,0,247,28599,18,28864,5203,1371,33993,171,40738,23899,64,23963,64701
2015,PHF,1883,9857,7878,5399,25017,4,41,15316,1572,16933,1887,9898,23194,6971,41950,29478,17296,46774,88724
2015,PHL,239892,156075,11924,152,408043,0,485,2518,322,3325,239892,156560,14442,474,411368,0,0,0,411368
2015,PHX,360667,44950,13931,1525,421073,8,9311,8505,1384,19208,360675,54261,22436,2909,440281,117,13,130,440411
2015,PIA,2457,13234,6070,1860,23621,6,1164,5823,2613,9606,2463,14398,11893,4473,33227,3033,3241,6274,39501
2015,PIE,12223,3047,18088,4057,37415,1,255,21154,5262,26672,12224,3302,39242,9319,64087,34594,5854,40448,104535
2015,PIH,36,3398,1176,103,4713,28,971,7924,100,9023,64,4369,9100,203,13736,9024,150,9174,22910
2015,PIT,88604,35996,9872,5834,140306,0,123,726,163,1012,88604,36119,10598,5997,141318,70,286,356,141674
2015,PKB,13,2820,3099,1055,6987,1,573,7315,2263,10152,14,3393,10414,3318,17139,5960,8573,14533,31672
2015,PMD,48,29,5564,5304,10945,0,0,2022,621,2643,48,29,7586,5925,13588,802,9580,10382,23970
2015,PMP,3,172,5762,1,5938,0,173,44246,31,44450,3,345,50008,32,50388,90302,26,90328,140716
2015,PNE,2,4480,8061,292,12835,0,22,24713,88,24823,2,4502,32774,380,37658,17381,0,17381,55039
2015,PNS,12348,13183,9568,11360,46459,10,357,14889,6701,21957,12358,13540,24457,18061,68416,30466,1363,31829,100245
2015,POC,13,162,5667,39,5881,33,97,37404,19,37553,46,259,43071,58,43434,55375,1,55376,98810
2015,POU,4,545,3233,66,3848,0,98,29932,125,30155,4,643,33165,191,34003,43161,204,43365,77368
2015,PRC,5,2123,2406,200,4734,1,1164,76291,285,77741,6,3287,78697,485,82475,188744,153,188897,271372
2015,PSC,6956,4291,5117,720,17084,30,417,9863,252,10562,6986,4708,14980,972,27646,17444,1942,19386,47032
2015,PSP,14394,14356,7413,543,36706,5,913,12132,1117,14167,14399,15269,19545,1660,50873,4867,283,5150,56023
2015,PTK,848,7925,24906,57,33736,64,846,41101,118,42129,912,8771,66007,175,75865,50291,3,50294,126159
2015,PUB,131,2662,6180,2041,11014,12,518,57115,1520,59165,143,3180,63295,3561,70179,95016,5694,100710,170889
2015,PVD,30121,10631,6792,182,47726,10,1655,6748,97,8510,30131,12286,13540,279,56236,9160,151,9311,65547
2015,PVU,954,746,2616,84,4400,0,73,21508,101,21682,954,819,24124,185,26082,59109,271,59380,85462
2015,PWA,0,2506,14453,1121,18080,0,553,22671,190,23414,0,3059,37124,1311,41494,16921,986,17907,59401
2015,PWK,50,12376,21719,43,34188,17,828,20791,111,21747,67,13204,42510,154,55935,19432,98,19530,75465
2015,PWM,18469,11433,6545,341,36788,1,512,8688,210,9411,18470,11945,15233,551,46199,2683,16,2699,48898
2015,RAL,0,100,8262,65,8427,0,3331,39073,382,42786,0,3431,47335,447,51213,58636,96,58732,109945
2015,RAP,3294,10899,7371,502,22066,0,708,8600,2363,11671,3294,11607,15971,2865,33737,7934,1301,9235,42972
2015,RBD,0,88,3510,115,3713,0,9,22345,143,22497,0,97,25855,258,26210,16663,67,16730,42940
2015,RDD,66,3428,2126,205,5825,2,8910,18026,604,27542,68,12338,20152,809,33367,21182,143,21325,54692
2015,RDG,93,5825,14538,1345,21801,5,4692,21027,1361,27085,98,10517,35565,2706,48886,17877,2750,20627,69513
2015,RDM,4239,4775,2010,205,11229,318,1980,9536,102,11936,4557,6755,11546,307,23165,22138,408,22546,45711
2015,RDU,101701,31651,25183,1156,159691,0,186,18370,2829,21385,101701,31837,43553,3985,181076,941,291,1232,182308
2015,RFD,7982,1436,7749,861,18028,0,348,7525,581,8454,7982,1784,15274,1442,26482,9525,444,9969,36451
2015,RHV,4,74,2183,4,2265,0,577,53678,61,54316,4,651,55861,65,56581,87082,0,87082,143663
2015,RIC,35947,26832,15865,2413,81057,13,730,7866,2309,10918,35960,27562,23731,4722,91975,5436,2101,7537,99512
2015,RME,120,540,1621,1101,3382,0,66,5741,666,6473,120,606,7362,1767,9855,13473,4918,18391,28246
2015,RNM,2,105,1642,6,1755,0,0,29602,407,30009,2,105,31244,413,31764,82979,428,83407,115171
2015,RNO,37290,9573,8041,1033,55937,0,2049,15767,884,18700,37290,11622,23808,1917,74637,4037,600,4637,79274
2015,RNT,489,175,3883,2,4549,0,981,40701,31,41713,489,1156,44584,33,46262,65907,166,66073,112335
2015,ROA,2768,15544,7690,681,26683,192,252,7155,394,7993,2960,15796,14845,1075,34676,9001,264,9265,43941
2015,ROC,20258,23866,8893,605,53622,1,250,8065,1104,9420,20259,24116,16958,1709,63042,18924,1825,20749,83791
2015,ROG,0,760,7686,6,8452,0,161,3397,38,3596,0,921,11083,44,12048,779,8,787,12835
2015,ROW,253,4000,2735,4517,11505,7,1412,3787,4056,9262,260,5412,6522,8573,20767,2382,12081,14463,35230
2015,RST,2315,7610,9009,1458,20392,0,843,6260,219,7322,2315,8453,15269,1677,27714,8747,3409,12156,39870
2015,RSW,64197,5539,6065,1241,77042,4,123,2010,100,2237,64201,5662,8075,1341,79279,48,32,80,79359
2015,RVS,2,1684,15326,54,17066,2,597,56091,108,56798,4,2281,71417,162,73864,112894,6,112900,186764
2015,RYN,0,0,741,12,753,0,0,38192,3320,41512,0,0,38933,3332,42265,56389,16854,73243,115508
2015,RYY,10,2371,8988,197,11566,6,1222,22838,454,24520,16,3593,31826,651,36086,29355,181,29536,65622
2015,SAC,0,1010,14372,137,15519,0,1435,54516,348,56299,0,2445,68888,485,71818,21144,55,21199,93017
2015,SAF,0,7048,6902,915,14865,1,919,15879,1768,18567,1,7967,22781,2683,33432,33119,2915,36034,69466
2015,SAN,164160,18543,8235,413,191351,8,609,1401,343,2361,164168,19152,9636,756,193712,0,0,0,193712
2015,SAT,89917,19302,34853,3253,147325,1,3876,14986,1863,20726,89918,23178,49839,5116,168051,37,4,41,168092
2015,SAV,20094,18529,21223,5507,65353,0,622,10672,2028,13322,20094,19151,31895,7535,78675,8701,1556,10257,88932
2015,SAW,106,5458,1020,206,6790,813,866,3190,765,5634,919,6324,4210,971,12424,3049,1693,4742,17166
2015,SBA,4270,21726,15968,792,42756,12,880,29458,660,31010,4282,22606,45426,1452,73766,33547,280,33827,107593
2015,SBN,4026,12180,7560,100,23866,0,500,5112,72,5684,4026,12680,12672,172,29550,8324,169,8493,38043
2015,SBP,1081,7027,6486,203,14797,11,1092,31517,368,32988,1092,8119,38003,571,47785,25123,144,25267,73052
2015,SBY,0,6014,2473,481,8968,0,706,9541,2208,12455,0,6720,12014,2689,21423,9648,10796,20444,41867
2015,SCK,1104,659,10722,732,13217,4,1207,19951,1203,22365,1108,1866,30673,1935,35582,28982,1102,30084,65666
2015,SDF,104948,28049,9525,1940,144462,5,955,1942,1053,3955,104953,29004,11467,2993,148417,529,187,716,149133
2015,SDL,130,11937,30221,500,42788,11,3284,47060,324,50679,141,15221,77281,824,93467,54158,128,54286,147753
2015,SDM,110,1789,5949,783,8631,2,47,25832,1415,27296,112,1836,31781,2198,35927,53885,2864,56749,92676
2015,SEA,368704,8329,1560,79,378672,18,72,2600,46,2736,368722,8401,4160,125,381408,0,0,0,381408
2015,SEE,0,201,12339,275,12815,0,137,72596,82,72815,0,338,84935,357,85630,139641,20,139661,225291
2015,SFB,16724,36677,9484,156,63041,3,49943,16031,88,66065,16727,86620,25515,244,129106,164498,1,164499,293605
2015,SFF,0,979,3381,27,4387,2,2664,19109,22,21797,2,3643,22490,49,26184,24531,14,24545,50729
2015,SFO,354564,58733,10868,320,424485,12,991,2874,2156,6033,354576,59724,13742,2476,430518,0,0,0,430518
2015,SGF,5647,14631,10921,2188,33387,1,557,4816,1209,6583,5648,15188,15737,3397,39970,2400,854,3254,43224
2015,SGJ,323,1980,12409,938,15650,0,6035,43223,1178,50436,323,8015,55632,2116,66086,62127,1125,63252,129338
2015,SGR,0,4573,19651,84,24308,0,884,20444,46,21374,0,5457,40095,130,45682,24065,168,24233,69915
2015,SHV,4358,15387,9084,2175,31004,88,373,4753,340,5554,4446,15760,13837,2515,36558,3211,470,3681,40239
2015,SIG,0,77,3743,296,4116,0,14788,41114,2241,58143,0,14865,44857,2537,62259,40008,264,40272,102531
2015,SJC,91134,22622,17641,62,131459,0,561,12074,175,12810,91134,23183,29715,237,144269,4338,62,4400,148669
2015,SJT,2902,2519,5042,11206,21669,2904,2841,14216,5997,25958,5806,5360,19258,17203,47627,10124,31395,41519,89146
2015,SJU,68145,32017,4930,1358,106450,24,40288,9711,563,50586,68169,72305,14641,1921,157036,50,7,57,157093
2015,SLC,184998,68454,19468,1901,274821,18,6947,23097,4068,34130,185016,75401,42565,5969,308951,2776,40,2816,311767
2015,SLE,0,712,4303,756,5771,2,1296,15715,1575,18588,2,2008,20018,2331,24359,9443,1857,11300,35659
2015,SLN,145,3551,4244,960,8900,618,19172,5028,1083,25901,763,22723,9272,2043,34801,57042,3409,60451,95252
2015,SMF,82883,13702,3301,590,100476,1,740,3816,358,4915,82884,14442,7117,948,105391,1034,1612,2646,108037
2015,SMO,23,8849,17052,55,25979,18,295,43093,140,43546,41,9144,60145,195,69525,20606,35,20641,90166
2015,SMX,362,4024,4120,198,8704,3,5215,13598,247,19063,365,9239,17718,445,27767,9896,726,10622,38389
2015,SNA,85032,14025,33020,225,132302,21,311,63126,343,63801,85053,14336,96146,568,196103,78835,288,79123,275226
2015,SNS,8,319,9843,109,10279,0,1540,31108,212,32860,8,1859,40951,321,43139,17644,304,17948,61087
2015,SPG,0,311,3467,25,3803,14,2888,35239,358,38499,14,3199,38706,383,42302,38792,2980,41772,84074
2015,SPI,442,4358,5886,2384,13070,0,1071,6365,431,7867,442,5429,12251,2815,20937,8332,3181,11513,32450
2015,SQL,0,9201,3802,8,13011,0,21871,41263,54,63188,0,31072,45065,62,76199,42867,82,42949,119148
2015,SRQ,11431,6538,22674,1497,42140,1,650,31192,635,32478,11432,7188,53866,2132,74618,29304,560,29864,104482
2015,SSF,0,126,3064,4316,7506,0,3552,24409,780,28741,0,3678,27473,5096,36247,61693,4679,66372,102619
2015,STC,365,113,3323,285,4086,0,230,9692,1873,11795,365,343,13015,2158,15881,10080,1136,11216,27097
2015,STJ,4,8,2141,1594,3747,0,222,6772,1737,8731,4,230,8913,3331,12478,4139,3514,7653,20131
2015,STL,120681,52035,6888,1346,180950,0,3068,1137,347,4552,120681,55103,8025,1693,185502,68,237,305,185807
2015,STP,10,3643,14822,657,19132,4,2852,11091,2657,16604,14,6495,25913,3314,35736,16759,4181,20940,56676
2015,STS,3677,3112,7482,211,14482,57,3557,38851,362,42827,3734,6669,46333,573,57309,25805,349,26154,83463
2015,STT,9147,8958,3191,78,21374,0,27785,11397,391,39573,9147,36743,14588,469,60947,1772,20,1792,62739
2015,STX,2040,7493,912,371,10816,0,12114,5725,468,18307,2040,19607,6637,839,29123,3766,1154,4920,34043
2015,SUA,0,4151,11320,166,15637,4,487,35193,103,35787,4,4638,46513,269,51424,34917,170,35087,86511
2015,SUN,2426,4751,6613,16,13806,3,431,7165,45,7644,2429,5182,13778,61,21450,1529,8,1537,22987
2015,SUS,28,11170,23650,711,35559,6,415,27860,337,28618,34,11585,51510,1048,64177,43294,135,43429,107606
2015,SUX,44,1783,5789,2323,9939,21,797,3051,65,3934,65,2580,8840,2388,13873,2305,885,3190,17063
2015,SWF,3326,5839,5854,1940,16959,6,2315,12606,2287,17214,3332,8154,18460,4227,34173,6596,2312,8908,43081
2015,SWO,26,18,5276,555,5875,1,836,21730,561,23128,27,854,27006,1116,29003,37620,1551,39171,68174
2015,SYR,20633,22218,6838,708,50397,2,246,6401,353,7002,20635,22464,13239,1061,57399,3487,341,3828,61227
2015,TCL,204,1358,8040,5124,14726,0,1150,10412,1054,12616,204,2508,18452,6178,27342,21706,1084,22790,50132
2015,TEB,58,67601,85237,218,153114,1,3465,15414,393,19273,59,71066,100651,611,172387,0,0,0,172387
2015,TIW,3,516,11275,87,11881,0,216,24741,465,25422,3,732,36016,552,37303,31373,223,31596,68899
2015,TIX,2,183,10740,37,10962,43,0,39267,24,39334,45,183,50007,61,50296,59339,382,59721,110017
2015,TKI,0,1103,7995,18,9116,0,939,27354,17,28310,0,2042,35349,35,37426,71234,15,71249,108675
2015,TLH,5339,9964,11927,8449,35679,0,159,10270,1702,12131,5339,10123,22197,10151,47810,7197,2914,10111,57921
2015,TMB,7,2040,29686,64,31797,5,160,113439,205,113809,12,2200,143125,269,145606,116560,0,116560,262166
2015,TOA,16,307,8706,36,9065,16,42,54983,218,55259,32,349,63689,254,64324,55011,274,55285,119609
2015,TOL,1864,3947,7714,2169,15694,6,725,4877,208,5816,1870,4672,12591,2377,21510,4121,2377,6498,28008
2015,TOP,6,366,4850,479,5701,0,689,13907,340,14936,6,1055,18757,819,20637,12739,718,13457,34094
2015,TPA,148620,18710,14447,313,182090,51,233,7307,120,7711,148671,18943,21754,433,189801,86,0,86,189887
2015,TRI,1824,8778,7273,1082,18957,0,996,9050,153,10199,1824,9774,16323,1235,29156,18080,410,18490,47646
2015,TTD,0,60,1680,4,1744,0,257,33551,137,33945,0,317,35231,141,35689,93284,60,93344,129033
2015,TTN,5339,3524,8489,318,17670,1,146,31095,886,32128,5340,3670,39584,1204,49798,32542,226,32768,82566
2015,TUL,29849,19212,15064,7484,71609,6,258,8725,1206,10195,29855,19470,23789,8690,81804,3661,4974,8635,90439
2015,TUP,40,1690,3652,5309,10691,0,2127,11908,3283,17318,40,3817,15560,8592,28009,14969,4777,19746,47755
2015,TUS,28966,16587,11705,11820,69078,13,3349,27577,6732,37671,28979,19936,39282,18552,106749,26926,9760,36686,143435
2015,TVC,6994,6236,8419,1110,22759,3,1356,19895,2809,24063,6997,7592,28314,3919,46822,34967,3384,38351,85173
2015,TWF,105,4094,2322,449,6970,0,879,11004,432,12315,105,4973,13326,881,19285,8298,612,8910,28195
2015,TXK,25,2894,4399,610,7928,0,1509,5232,537,7278,25,4403,9631,1147,15206,7153,1207,8360,23566
2015,TYR,16,6200,7141,114,13471,0,1788,14349,135,16272,16,7988,21490,249,29743,9514,56,9570,39313
2015,TYS,11135,29946,20402,9275,70758,1,75,7297,2321,9694,11136,30021,27699,11596,80452,5020,9843,14863,95315
2015,TZR,0,49,1556,13,1618,0,11,9006,30,9047,0,60,10562,43,10665,12022,52,12074,22739
2015,UAO,1,124,1125,1,1251,14,111,2010,19,2154,15,235,3135,20,3405,1762,38,1800,5205
2015,UES,0,1127,5306,44,6477,0,780,16636,148,17564,0,1907,21942,192,24041,10156,40,10196,34237
2015,UGN,0,3436,7369,83,10888,1,32,12092,299,12424,1,3468,19461,382,23312,16517,364,16881,40193
2015,UNV,74,9550,4215,181,14020,0,1115,7425,151,8691,74,10665,11640,332,22711,9286,397,9683,32394
2015,VCT,0,1589,2400,7951,11940,2,448,4293,3407,8150,2,2037,6693,11358,20090,1854,32676,34530,54620
2015,VCV,1271,69,3207,785,5332,48,1252,8172,1912,11384,1319,1321,11379,2697,16716,9646,4803,14449,31165
2015,VGT,7,1056,9360,308,10731,0,4436,48609,771,53816,7,5492,57969,1079,64547,70908,232,71140,135687
2015,VNY,64,14048,35884,87,50083,34,490,92178,311,93013,98,14538,128062,398,143096,67474,0,67474,210570
2015,VQQ,997,284,5093,12175,18549,54,119,8539,7151,15863,1051,403,13632,19326,34412,23501,42236,65737,100149
2015,VRB,8,3714,25569,58,29349,1,19,73811,25,73856,9,3733,99380,83,103205,107748,21,107769,210974
2015,WDG,0,596,2201,5103,7900,0,24,5455,5737,11216,0,620,7656,10840,19116,4095,6977,11072,30188
2015,WHP,0,0,708,0,708,0,0,38629,1,38630,0,0,39337,1,39338,36362,0,36362,75700
2015,WJF,0,266,1642,391,2299,0,496,26307,334,27137,0,762,27949,725,29436,26250,941,27191,56627
2015,XFL,4,223,4219,70,4516,0,58,31302,595,31955,4,281,35521,665,36471,87132,1588,88720,125191
2015,XNA,13077,13311,3653,3490,33531,2,384,1239,341,1966,13079,13695,4892,3831,35497,362,2568,2930,38427
2015,YIP,3032,8975,10367,145,22519,2,96,11105,90,11293,3034,9071,21472,235,33812,25524,66,25590,59402
2015,YKM,1835,2930,4353,524,9642,1,376,11163,434,11974,1836,3306,15516,958,21616,14238,915,15153,36769
2015,YNG,994,1418,5794,4245,12451,0,177,4109,719,5005,994,1595,9903,4964,17456,2743,4894,7637,25093
2016,ABE,7905,8139,11547,400,27991,0,539,13663,190,14392,7905,8678,25210,590,42383,35197,398,35595,77978
2016,ABI,295,8004,7543,5937,21779,0,629,8668,442,9739,295,8633,16211,6379,31518,6286,8163,14449,45967
2016,ABQ,51138,16939,11917,5146,85140,5,5209,17842,12059,35115,51143,22148,29759,17205,120255,6953,6620,13573,133828
2016,ABY,29,2865,3449,621,6964,1,112,6245,279,6637,30,2977,9694,900,13601,5458,696,6154,19755
2016,ACK,1654,20358,9637,314,31963,1,42175,29549,328,72053,1655,62533,39186,642,104016,94,56,150,104166
2016,ACT,167,4005,11112,5169,20453,0,925,9482,643,11050,167,4930,20594,5812,31503,5547,1555,7102,38605
2016,ACY,7801,5336,7136,11135,31408,35,189,9921,7939,18084,7836,5525,17057,19074,49492,5067,15888,20955,70447
2016,ADM,1,2,3351,1813,5167,0,0,8804,713,9517,1,2,12155,2526,14684,5289,2101,7390,22074
2016,ADQ,1293,4283,210,679,6465,44,15445,2349,3169,21007,1337,19728,2559,3848,27472,529,6251,6780,34252
2016,ADS,81,5704,29829,86,35700,3,1215,59596,191,61005,84,6919,89425,277,96705,3640,32,3672,100377
2016,ADW,691,688,1751,19741,22871,0,372,1929,7781,10082,691,1060,3680,27522,32953,613,25921,26534,59487
2016,AEG,0,324,4143,217,4684,0,286,19984,984,21254,0,610,24127,1201,25938,33639,1715,35354,61292
2016,AEX,1782,7075,4155,3076,16088,0,0,6,0,6,1782,7075,4161,3076,16094,8785,6226,15011,31105
2016,AFW,7793,4836,15230,8510,36369,4,252,22941,686,23883,7797,5088,38171,9196,60252,41397,4914,46311,106563
2016,AGC,16,8165,13148,148,21477,4,12448,10214,172,22838,20,20613,23362,320,44315,12085,148,12233,56548
2016,AGS,3041,9473,7686,1072,21272,0,178,2238,415,2831,3041,9651,9924,1487,24103,2506,796,3302,27405
2016,AHN,23,1166,6717,520,8426,0,1095,13853,320,15268,23,2261,20570,840,23694,10631,175,10806,34500
2016,AKN,848,4156,535,79,5618,13,13915,4076,74,18078,861,18071,4611,153,23696,708,306,1014,24710
2016,ALB,23106,21452,6911,1648,53117,2,2804,8015,1724,12545,23108,24256,14926,3372,65662,5986,1835,7821,73483
2016,ALN,0,2434,4903,197,7534,0,813,8102,106,9021,0,3247,13005,303,16555,16961,318,17279,33834
2016,ALO,38,1204,4642,316,6200,5,55,5884,670,6614,43,1259,10526,986,12814,6045,822,6867,19681
2016,ALW,1271,808,1644,25,3748,0,312,9026,34,9372,1271,1120,10670,59,13120,14036,0,14036,27156
2016,AMA,7310,6276,10681,11579,35846,0,115,5004,1785,6904,7310,6391,15685,13364,42750,8553,10959,19512,62262
2016,ANC,105529,59219,10044,1803,176595,82,25608,68816,590,95096,105611,84827,78860,2393,271691,8128,42,8170,279861
2016,ANE,0,1642,11338,50,13030,0,1470,24020,81,25571,0,3112,35358,131,38601,41688,556,42244,80845
2016,APA,29,22330,42325,1538,66222,14,2649,103482,2050,108195,43,24979,145807,3588,174417,153848,3846,157694,332111
2016,APC,3,4943,7752,67,12765,0,191,19921,233,20345,3,5134,27673,300,33110,12346,239,12585,45695
2016,APF,239,12321,27166,80,39806,0,444,35450,36,35930,239,12765,62616,116,75736,16244,16,16260,91996
2016,ARA,146,172,1730,1195,3243,2,3724,9579,501,13806,148,3896,11309,1696,17049,38356,974,39330,56379
2016,ARB,3,413,3613,11,4040,0,155,20148,61,20364,3,568,23761,72,24404,33933,49,33982,58386
2016,ARR,6,881,5902,116,6905,4,17,22998,179,23198,10,898,28900,295,30103,28173,223,28396,58499
2016,ASE,9310,10233,14034,107,33684,0,15,2373,72,2460,9310,10248,16407,179,36144,5041,155,5196,41340
2016,ASG,7,1105,5803,2,6917,0,399,9859,20,10278,7,1504,15662,22,17195,8952,0,8952,26147
2016,ASH,0,345,4086,21,4452,0,85,22987,158,23230,0,430,27073,179,27682,30031,20,30051,57733
2016,ATL,798198,91953,5960,163,896274,4,88,1932,58,2082,798202,92041,7892,221,898356,0,0,0,898356
2016,ATW,4722,6881,7101,79,18783,0,161,8214,30,8405,4722,7042,15315,109,27188,7016,98,7114,34302
2016,AUS,113425,15682,28839,3318,161264,2,640,20374,6168,27184,113427,16322,49213,9486,188448,2716,868,3584,192032
2016,AVL,6798,9652,14927,2147,33524,0,316,13325,827,14468,6798,9968,28252,2974,47992,14949,1251,16200,64192
2016,AVP,2641,9537,5289,194,17661,2,2926,8267,240,11435,2643,12463,13556,434,29096,23385,12,23397,52493
2016,AZO,939,7878,7734,42,16593,1,136,8982,90,9209,940,8014,16716,132,25802,13163,1,13164,38966
2016,BAF,18,724,3333,1298,5373,0,15,16747,2471,19233,18,739,20080,3769,24606,13958,2634,16592,41198
2016,BAK,22,1039,4003,370,5434,0,3,21884,1108,22995,22,1042,25887,1478,28429,13797,1446,15243,43672
2016,BAZ,0,157,3787,2922,6866,0,624,12579,321,13524,0,781,16366,3243,20390,19484,3001,22485,42875
2016,BBG,0,952,2606,248,3806,0,137,1413,445,1995,0,1089,4019,693,5801,138,58,196,5997
2016,BCT,37,8560,12250,46,20893,0,655,20581,28,21264,37,9215,32831,74,42157,20164,46,20210,62367
2016,BDL,58257,18741,8802,1293,87093,1,175,5390,1821,7387,58258,18916,14192,3114,94480,268,64,332,94812
2016,BDR,0,2574,3051,10,5635,0,302,19352,29,19683,0,2876,22403,39,25318,22321,12,22333,47651
2016,BED,266,17794,24010,361,42431,1,2799,35751,248,38799,267,20593,59761,609,81230,40536,23,40559,121789
2016,BET,2711,6671,705,68,10155,240,71159,7094,94,78587,2951,77830,7799,162,88742,1617,16,1633,90375
2016,BFI,11523,19476,28112,668,59779,29,9896,55441,289,65655,11552,29372,83553,957,125434,43992,215,44207,169641
2016,BFL,992,6725,15839,375,23931,37,1677,17132,217,19063,1029,8402,32971,592,42994,10759,152,10911,53905
2016,BFM,2108,2064,5018,5786,14976,1,1012,6596,4997,12606,2109,3076,11614,10783,27582,4578,26356,30934,58516
2016,BGM,7,5335,2819,239,8400,2,50,3538,160,3750,9,5385,6357,399,12150,2783,227,3010,15160
2016,BGR,4681,9510,7282,6785,28258,11,401,5870,2835,9117,4692,9911,13152,9620,37375,3813,1717,5530,42905
2016,BHM,26022,23498,28931,4853,83304,7,436,8776,1286,10505,26029,23934,37707,6139,93809,443,149,592,94401
2016,BIL,10233,20134,9594,390,40351,62,5720,14481,291,20554,10295,25854,24075,681,60905,17700,312,18012,78917
2016,BIS,2695,10364,11071,536,24666,1,780,11472,2000,14253,2696,11144,22543,2536,38919,12912,1616,14528,53447
2016,BJC,23,5440,13841,445,19749,85,653,51048,825,52611,108,6093,64889,1270,72360,67619,1737,69356,141716
2016,BKL,62,5417,6359,200,12038,0,5142,10001,267,15410,62,10559,16360,467,27448,13564,59,13623,41071
2016,BKV,3,542,2700,499,3744,0,1212,16991,1687,19890,3,1754,19691,2186,23634,20730,9022,29752,53386
2016,BLI,7523,2803,5238,229,15793,1,14490,27085,453,42029,7524,17293,32323,682,57822,24378,2400,26778,84600
2016,BMG,90,912,4512,65,5579,0,59,9989,268,10316,90,971,14501,333,15895,8306,95,8401,24296
2016,BMI,2485,5101,4616,127,12329,0,7,7402,129,7538,2485,5108,12018,256,19867,6122,243,6365,26232
2016,BNA,120954,35096,25870,1766,183686,1,327,8282,2462,11072,120955,35423,34152,4228,194758,0,0,0,194758
2016,BOI,44590,7151,16396,2495,70632,151,3012,24242,4856,32261,44741,10163,40638,7351,102893,26343,2963,29306,132199
2016,BOS,305487,54781,11730,186,372184,4,20542,2852,229,23627,305491,75323,14582,415,395811,0,0,0,395811
2016,BPT,1,1801,5394,208,7404,2,161,4481,400,5044,3,1962,9875,608,12448,3426,27,3453,15901
2016,BQN,4913,3399,1387,267,9966,0,46,9747,4220,14013,4913,3445,11134,4487,23979,10158,7018,17176,41155
2016,BRO,2402,6990,4761,2417,16570,1,1236,5303,411,6951,2403,8226,10064,2828,23521,3073,5942,9015,32536
2016,BTL,23,1149,7322,207,8701,2,43,24819,635,25499,25,1192,32141,842,34200,44811,2122,46933,81133
2016,BTR,3864,15789,17511,569,37733,10,653,15982,542,17187,3874,16442,33493,1111,54920,13856,136,13992,68912
2016,BTV,11559,14442,7884,2773,36658,4,400,13859,1748,16011,11563,14842,21743,4521,52669,16871,1593,18464,71133
2016,BUF,47091,21595,7413,429,76528,0,1827,3887,206,5920,47091,23422,11300,635,82448,14908,249,15157,97605
2016,BUR,43841,19386,14776,176,78179,5,819,24912,988,26724,43846,20205,39688,1164,104903,27485,3,27488,132391
2016,BVY,0,1437,3212,37,4686,0,281,20619,121,21021,0,1718,23831,158,25707,25330,68,25398,51105
2016,BWI,207006,25537,11128,722,244393,28,480,3026,626,4160,207034,26017,14154,1348,248553,16,16,32,248585
2016,BZN,10579,8144,9458,110,28291,2,566,21258,90,21916,10581,8710,30716,200,50207,26622,72,26694,76901
2016,CAE,9323,22260,10235,1290,43108,0,191,4621,307,5119,9323,22451,14856,1597,48227,1830,812,2642,50869
2016,CAK,9832,17951,15090,561,43434,0,338,6829,674,7841,9832,18289,21919,1235,51275,15815,419,16234,67509
2016,CCR,0,2249,7631,69,9949,0,2122,37661,86,39869,0,4371,45292,155,49818,69601,190,69791,119609
2016,CDW,7,464,3930,30,4431,2,1641,36867,620,39130,9,2105,40797,650,43561,31478,176,31654,75215
2016,CGF,0,4195,6713,5,10913,0,102,6663,0,6765,0,4297,13376,5,17678,6051,40,6091,23769
2016,CHA,5181,13763,16673,5895,41512,12,297,9161,1439,10909,5193,14060,25834,7334,52421,4953,1468,6421,58842
2016,CHD,0,229,4482,8,4719,0,1520,73378,64,74962,0,1749,77860,72,79681,141586,206,141792,221473
2016,CHO,2946,17385,10478,1467,32276,0,1504,14032,802,16338,2946,18889,24510,2269,48614,14209,4182,18391,67005
2016,CHS,40073,17996,20021,12762,90852,1,1035,5005,1974,8015,40074,19031,25026,14736,98867,1703,6532,8235,107102
2016,CIC,0,930,1380,265,2575,0,6396,20906,414,27716,0,7326,22286,679,30291,7665,794,8459,38750
2016,CID,10936,13874,7393,141,32344,8,30,7300,31,7369,10944,13904,14693,172,39713,7844,34,7878,47591
2016,CKB,822,2113,3167,2612,8714,4,67,3181,227,3479,826,2180,6348,2839,12193,3989,2940,6929,19122
2016,CLE,75741,32788,8987,170,117686,2,253,639,73,967,75743,33041,9626,243,118653,0,0,0,118653
2016,CLL,147,5613,8607,9090,23457,9,285,11307,1286,12887,156,5898,19914,10376,36344,6684,3432,10116,46460
2016,CLT,400817,117276,19644,1529,539266,2,102,5225,1147,6476,400819,117378,24869,2676,545742,0,0,0,545742
2016,CMA,1,2875,13605,152,16633,0,353,55575,275,56203,1,3228,69180,427,72836,62343,338,62681,135517
2016,CMH,73747,34616,16700,309,125372,0,754,3307,129,4190,73747,35370,20007,438,129562,0,0,0,129562
2016,CMI,104,6715,5844,193,12856,1,2840,5779,112,8732,105,9555,11623,305,21588,18639,64,18703,40291
2016,CNO,46,354,15343,75,15818,0,146,54070,187,54403,46,500,69413,262,70221,106947,409,107356,177577
2016,CNW,0,18,3198,2549,5765,0,20,17195,468,17683,0,38,20393,3017,23448,62989,6248,69237,92685
2016,COS,12879,10917,10926,6642,41364,33,1370,17298,7254,25955,12912,12287,28224,13896,67319,33083,29952,63035,130354
2016,COU,776,2445,4670,216,8107,2,401,6202,329,6934,778,2846,10872,545,15041,5811,1042,6853,21894
2016,CPR,1164,9600,4911,191,15866,16,475,9068,74,9633,1180,10075,13979,265,25499,6066,182,6248,31747
2016,CPS,153,1952,9929,411,12445,22,7935,20762,296,29015,175,9887,30691,707,41460,67612,112,67724,109184
2016,CRE,0,436,5232,377,6045,4,5618,9510,488,15620,4,6054,14742,865,21665,13960,155,14115,35780
2016,CRG,10,1664,21549,134,23357,6,63,32508,10455,43032,16,1727,54057,10589,66389,63288,1145,64433,130822
2016,CRP,8075,6263,8657,24836,47831,0,761,6256,4991,12008,8075,7024,14913,29827,59839,1338,22286,23624,83463
2016,CRQ,1,7947,38458,362,46768,0,698,48687,257,49642,1,8645,87145,619,96410,56363,243,56606,153016
2016,CRW,1530,15047,6419,2402,25398,38,1954,6307,1561,9860,1568,17001,12726,3963,35258,4923,3286,8209,43467
2016,CSG,328,2688,5017,168,8201,0,81,4190,102,4373,328,2769,9207,270,12574,4705,34,4739,17313
2016,CVG,87504,43008,4812,81,135405,2,231,1485,102,1820,87506,43239,6297,183,137225,0,0,0,137225
2016,CWA,124,7833,1317,40,9314,0,114,1696,43,1853,124,7947,3013,83,11167,1114,94,1208,12375
2016,CWF,201,366,1825,8166,10558,13,845,3255,1226,5339,214,1211,5080,9392,15897,900,5911,6811,22708
2016,CXO,0,954,14626,589,16169,1,667,23776,1470,25914,1,1621,38402,2059,42083,21521,1263,22784,64867
2016,CXY,0,436,4195,239,4870,0,55,9324,1068,10447,0,491,13519,1307,15317,4777,1753,6530,21847
2016,CYS,204,2248,4332,2505,9289,52,274,2313,323,2962,256,2522,6645,2828,12251,13935,19477,33412,45663
2016,DAB,6618,24684,21835,610,53747,0,79171,30210,486,109867,6618,103855,52045,1096,163614,143608,111,143719,307333
2016,DAL,138605,23581,51717,779,214682,2,1759,7549,201,9511,138607,25340,59266,980,224193,0,0,0,224193
2016,DAY,16703,22866,8304,242,48115,1,82,2638,135,2856,16704,22948,10942,377,50971,794,89,883,51854
2016,DBQ,28,1906,5534,29,7497,0,33,15633,82,15748,28,1939,21167,111,23245,28027,54,28081,51326
2016,DCA,233781,58820,2831,648,296080,19,215,532,2824,3590,233800,59035,3363,3472,299670,0,0,0,299670
2016,DEC,20,4025,2467,519,7031,0,0,8304,3250,11554,20,4025,10771,3769,18585,14775,6406,21181,39766
2016,DEN,444929,122301,3596,90,570916,90,681,780,53,1604,445019,122982,4376,143,572520,0,0,0,572520
2016,DET,0,1661,5771,41,7473,0,103,12140,152,12395,0,1764,17911,193,19868,21870,296,22166,42034
2016,DFW,526549,138596,5670,96,670911,14,671,1018,134,1837,526563,139267,6688,230,672748,0,0,0,672748
2016,DHN,2363,913,7464,13490,24230,4,163,8656,3826,12649,2367,1076,16120,17316,36879,13047,19393,32440,69319
2016,DLH,1295,6813,12028,2841,22977,3,993,14848,307,16151,1298,7806,26876,3148,39128,18475,2723,21198,60326
2016,DPA,18,5010,16126,94,21248,1,219,30843,179,31242,19,5229,46969,273,52490,47690,55,47745,100235
2016,DSM,29288,10717,15918,968,56891,38,799,7629,334,8800,29326,11516,23547,1302,65691,3849,625,4474,70165
2016,DTN,0,127,5607,14,5748,0,172,16198,39,16409,0,299,21805,53,22157,22864,71,22935,45092
2016,DTO,5,1412,9644,137,11198,0,253,51870,52,52175,5,1665,61514,189,63373,73279,4,73283,136656
2016,DTW,287583,99563,5527,104,392777,1,18,597,34,650,287584,99581,6124,138,393427,0,0,0,393427
2016,DVT,12,1264,7258,22,8556,5,2920,116759,52,119736,17,4184,124017,74,128292,241742,0,241742,370034
2016,DWH,5,2163,14417,877,17462,0,1116,37290,522,38928,5,3279,51707,1399,56390,42799,284,43083,99473
2016,DXR,0,708,1942,11,2661,0,1849,27076,36,28961,0,2557,29018,47,31622,19383,48,19431,51053
2016,EAU,38,1356,7012,85,8491,0,1097,7686,252,9035,38,2453,14698,337,17526,4935,48,4983,22509
2016,ECP,8525,5341,12743,5684,32293,8,86,10171,566,10831,8533,5427,22914,6250,43124,12422,8620,21042,64166
2016,EGE,3648,8807,9539,159,22153,1,41,6272,2812,9126,3649,8848,15811,2971,31279,5830,552,6382,37661
2016,ELM,3944,4707,5251,48,13950,0,84,2554,48,2686,3944,4791,7805,96,16636,4948,11,4959,21595
2016,ELP,35433,11339,7624,4982,59378,25,2785,15187,1774,19771,35458,14124,22811,6756,79149,11026,9270,20296,99445
2016,EMT,0,53,2943,6,3002,8,39,32650,66,32763,8,92,35593,72,35765,51627,16,51643,87408
2016,ENA,24,9706,366,145,10241,335,16590,4910,179,22014,359,26296,5276,324,32255,6232,1948,8180,40435
2016,ENW,0,3116,3810,17,6943,0,74,18509,12,18595,0,3190,22319,29,25538,21316,14,21330,46868
2016,ERI,20,6163,3602,224,10009,0,49,4877,106,5032,20,6212,8479,330,15041,11489,442,11931,26972
2016,ESN,0,1250,4616,96,5962,0,956,16696,4625,22277,0,2206,21312,4721,28239,25154,16549,41703,69942
2016,EUG,11233,5101,7791,1627,25752,74,512,14655,340,15581,11307,5613,22446,1967,41333,18215,2052,20267,61600
2016,EVB,0,1844,7569,23,9436,0,6,39731,13,39750,0,1850,47300,36,49186,82808,6,82814,132000
2016,EVV,990,10970,5772,873,18605,0,800,4677,142,5619,990,11770,10449,1015,24224,5953,810,6763,30987
2016,EWB,0,2024,4112,107,6243,8,3999,16225,89,20321,8,6023,20337,196,26564,24495,701,25196,51760
2016,EWN,486,5923,3755,311,10475,1,122,11813,207,12143,487,6045,15568,518,22618,11139,835,11974,34592
2016,EWR,310120,108091,4575,87,422873,11,1456,6483,391,8341,310131,109547,11058,478,431214,0,0,0,431214
2016,EYW,14337,3809,10422,185,28753,3,704,19883,577,21167,14340,4513,30305,762,49920,2346,34,2380,52300
2016,FAI,13363,12844,5899,1507,33613,68,18168,35413,1368,55017,13431,31012,41312,2875,88630,38023,639,38662,127292
2016,FAR,4945,17661,14033,687,37326,0,2192,10207,799,13198,4945,19853,24240,1486,50524,22562,1190,23752,74276
2016,FAT,17162,9243,10276,2066,38747,6,5839,33883,2501,42229,17168,15082,44159,4567,80976,15608,1096,16704,97680
2016,FAY,2911,7000,5619,2247,17777,0,311,6379,631,7321,2911,7311,11998,2878,25098,5393,4353,9746,34844
2016,FCM,8,2458,19000,26,21492,4,226,29161,92,29483,12,2684,48161,118,50975,32985,78,33063,84038
2016,FDK,0,906,3808,101,4815,0,1835,25658,698,28191,0,2741,29466,799,33006,28002,366,28368,61374
2016,FFZ,5,1477,3407,26,4915,22,57194,44890,3154,105260,27,58671,48297,3180,110175,152579,364,152943,263118
2016,FIN,0,189,4722,51,4962,0,49,34831,437,35317,0,238,39553,488,40279,105357,1194,106551,146830
2016,FLG,182,6057,2600,318,9157,0,8088,18465,378,26931,182,14145,21065,696,36088,10032,350,10382,46470
2016,FLL,219944,28308,24941,205,273398,76,4753,11570,442,16841,220020,33061,36511,647,290239,0,0,0,290239
2016,FLO,33,3910,4732,771,9446,1,697,5645,273,6616,34,4607,10377,1044,16062,3505,1113,4618,20680
2016,FMN,3,3378,1293,161,4835,0,3169,8679,414,12262,3,6547,9972,575,17097,15029,1123,16152,33249
2016,FMY,0,2637,13867,42,16546,0,309,41925,7,42241,0,2946,55792,49,58787,49282,36,49318,108105
2016,FNT,5541,7066,7779,165,20551,4,455,7012,418,7889,5545,7521,14791,583,28440,4999,0,4999,33439
2016,FOE,163,319,2471,5045,7998,59,234,2473,2059,4825,222,553,4944,7104,12823,899,7874,8773,21596
2016,FOK,39,4596,7533,552,12720,0,254,19075,1843,21172,39,4850,26608,2395,33892,16040,9956,25996,59888
2016,FPR,0,614,21833,25,22472,0,1195,52009,55,53259,0,1809,73842,80,75731,79286,11,79297,155028
2016,FRG,67,9856,14259,89,24271,0,830,84176,110,85116,67,10686,98435,199,109387,100569,22,100591,209978
2016,FSD,10859,24724,15207,3013,53803,0,879,7418,192,8489,10859,25603,22625,3205,62292,5110,2507,7617,69909
2016,FSM,2052,2433,6868,6012,17365,1,343,7665,1148,9157,2053,2776,14533,7160,26522,11906,6193,18099,44621
2016,FTG,2,111,5259,10,5382,0,6,22311,469,22786,2,117,27570,479,28168,35202,2315,37517,65685
2016,FTW,93,8401,24953,386,33833,0,1115,38950,203,40268,93,9516,63903,589,74101,74009,206,74215,148316
2016,FTY,0,2538,17245,79,19862,0,20,10612,23,10655,0,2558,27857,102,30517,25438,8,25446,55963
2016,FUL,0,6,3728,5,3739,0,106,38298,127,38531,0,112,42026,132,42270,18132,36,18168,60438
2016,FWA,3638,15367,6921,839,26765,0,103,3963,1437,5503,3638,15470,10884,2276,32268,3412,460,3872,36140
2016,FWS,0,307,3279,6,3592,0,96,20587,276,20959,0,403,23866,282,24551,31540,176,31716,56267
2016,FXE,12,10670,36651,71,47404,29,2614,75920,138,78701,41,13284,112571,209,126105,34144,46,34190,160295
2016,FYV,41,926,4588,376,5931,0,150,7299,305,7754,41,1076,11887,681,13685,8627,1218,9845,23530
2016,GCK,1,3233,3753,560,7547,5,585,5670,520,6780,6,3818,9423,1080,14327,1948,1606,3554,17881
2016,GCN,27,1285,548,220,2080,17,101306,2540,197,104060,44,102591,3088,417,106140,1083,356,1439,107579
2016,GEG,39605,6734,5009,839,52187,149,218,4341,268,4976,39754,6952,9350,1107,57163,4462,814,5276,62439
2016,GEU,0,314,1113,3,1430,0,216,22974,52,23242,0,530,24087,55,24672,45788,63,45851,70523
2016,GFK,2733,37537,6688,95,47053,0,60578,6222,89,66889,2733,98115,12910,184,113942,204564,0,204564,318506
2016,GGG,46,3795,8435,3191,15467,4,5638,6659,349,12650,50,9433,15094,3540,28117,22897,1878,24775,52892
2016,GJT,2741,11516,5113,1456,20826,2,597,13348,435,14382,2743,12113,18461,1891,35208,8790,1125,9915,45123
2016,GKY,60,899,7343,39,8341,0,6,36524,138,36668,60,905,43867,177,45009,42644,106,42750,87759
2016,GLH,5,1220,1038,1073,3336,0,35,3260,301,3596,5,1255,4298,1374,6932,2330,11804,14134,21066
2016,GLS,1,1721,3948,465,6135,2,6498,12441,367,19308,3,8219,16389,832,25443,5245,510,5755,31198
2016,GMU,1,7705,4260,46,12012,4,4006,18683,783,23476,5,11711,22943,829,35488,13318,210,13528,49016
2016,GNV,1477,8281,11502,2844,24104,2,375,24870,1224,26471,1479,8656,36372,4068,50575,11428,2178,13606,64181
2016,GON,3,1191,5251,449,6894,0,406,17482,1004,18892,3,1597,22733,1453,25786,11864,744,12608,38394
2016,GPI,3864,5446,4341,277,13928,0,239,6280,179,6698,3864,5685,10621,456,20626,4639,948,5587,26213
2016,GPM,1,85,1114,10,1210,0,0,21569,298,21867,1,85,22683,308,23077,35209,1692,36901,59978
2016,GPT,5120,5693,5305,17519,33637,1,466,4114,2564,7145,5121,6159,9419,20083,40782,4416,3372,7788,48570
2016,GRB,4406,9967,11654,617,26644,1,44,9423,110,9578,4407,10011,21077,727,36222,12743,514,13257,49479
2016,GRI,574,2775,2588,253,6190,0,336,3288,786,4410,574,3111,5876,1039,10600,2548,716,3264,13864
2016,GRR,24275,16887,17497,480,59139,1,860,8294,129,9284,24276,17747,25791,609,68423,12721,414,13135,81558
2016,GSN,5616,4766,2165,113,12660,68,21010,52688,184,73950,5684,25776,54853,297,86610,44,9,53,86663
2016,GSO,20886,24343,14089,1148,60466,35,690,9946,334,11005,20921,25033,24035,1482,71471,6694,458,7152,78623
2016,GSP,17185,16754,5484,1322,40745,1,164,2002,534,2701,17186,16918,7486,1856,43446,436,750,1186,44632
2016,GTF,3992,10208,4109,2189,20498,4,332,5142,792,6270,3996,10540,9251,2981,26768,7025,1787,8812,35580
2016,GTR,54,2330,2529,8939,13852,5,570,5949,4334,10858,59,2900,8478,13273,24710,2831,8746,11577,36287
2016,GTU,0,583,8537,88,9208,0,227,36356,119,36702,0,810,44893,207,45910,50749,350,51099,97009
2016,GUM,23453,4519,3141,248,31361,144,6,25417,419,25986,23597,4525,28558,667,57347,20247,123,20370,77717
2016,GYH,0,2777,942,847,4566,0,5292,6627,2804,14723,0,8069,7569,3651,19289,9272,2330,11602,30891
2016,GYR,107,191,2153,15,2466,13,5534,38012,3045,46604,120,5725,40165,3060,49070,73079,1185,74264,123334
2016,GYY,451,848,8121,202,9622,11,115,7090,900,8116,462,963,15211,1102,17738,6588,1518,8106,25844
2016,HEF,5,3889,14792,259,18945,1,4106,20482,279,24868,6,7995,35274,538,43813,46198,152,46350,90163
2016,HFD,0,415,2714,25,3154,10,109,27611,66,27796,10,524,30325,91,30950,16697,280,16977,47927
2016,HGR,332,2760,3698,880,7670,0,1462,17591,4750,23803,332,4222,21289,5630,31473,17384,1442,18826,50299
2016,HHR,3,7374,4036,10,11423,1,6327,39683,341,46352,4,13701,43719,351,57775,34587,45,34632,92407
2016,HIO,3,4046,13668,124,17841,9,306,64110,144,64569,12,4352,77778,268,82410,115332,21,115353,197763
2016,HKS,0,998,5072,575,6645,1,1022,4570,1487,7080,1,2020,9642,2062,13725,9841,4118,13959,27684
2016,HKY,18,2614,2439,114,5185,0,1220,9246,1045,11511,18,3834,11685,1159,16696,5503,126,5629,22325
2016,HLG,0,819,870,626,2315,0,2363,6513,3193,12069,0,3182,7383,3819,14384,3092,10085,13177,27561
2016,HLN,1667,3790,2156,331,7944,44,666,11000,3498,15208,1711,4456,13156,3829,23152,11060,2629,13689,36841
2016,HND,0,2402,11747,54,14203,0,24930,29318,176,54424,0,27332,41065,230,68627,13312,0,13312,81939
2016,HNL,159779,37788,8203,14386,220156,20,47208,35751,2392,85371,159799,84996,43954,16778,305527,67,14,81,305608
2016,HOB,0,1418,1203,121,2742,0,697,4148,253,5098,0,2115,5351,374,7840,818,226,1044,8884
2016,HOU,117394,24643,44931,324,187292,2,948,12927,937,14814,117396,25591,57858,1261,202106,0,0,0,202106
2016,HPN,15147,47501,38559,71,101278,1,7726,40859,99,48685,15148,55227,79418,170,149963,14548,0,14548,164511
2016,HQZ,2,278,3239,28,3547,0,267,31258,35,31560,2,545,34497,63,35107,40906,14,40920,76027
2016,HRL,6389,2031,2622,2873,13915,3,194,7181,1259,8637,6392,2225,9803,4132,22552,6118,13308,19426,41978
2016,HSA,7,108,1575,6681,8371,0,23,6323,3134,9480,7,131,7898,9815,17851,5475,8787,14262,32113
2016,HSV,10484,11681,6211,9048,37424,0,132,5177,1569,6878,10484,11813,11388,10617,44302,2075,14585,16660,60962
2016,HTS,1925,3536,2609,214,8284,4,242,1899,207,2352,1929,3778,4508,421,10636,481,306,787,11423
2016,HUF,31,230,6229,375,6865,3,279,17312,90,17684,34,509,23541,465,24549,25969,184,26153,50702
2016,HUM,0,6209,4116,53,10378,0,38682,8779,60,47521,0,44891,12895,113,57899,3647,56,3703,61602
2016,HUT,0,449,3019,1363,4831,0,1014,7458,332,8804,0,1463,10477,1695,13635,17566,2256,19822,33457
2016,HVN,2,4838,3927,127,8894,0,2355,9828,248,12431,2,7193,13755,375,21325,15056,308,15364,36689
2016,HWD,5,1001,8199,22,9227,0,314,36537,116,36967,5,1315,44736,138,46194,62506,1,62507,108701
2016,HWO,0,1,2994,1,2996,2,97,59188,14,59301,2,98,62182,15,62297,113985,24,114009,176306
2016,HXD,0,5196,8726,92,14014,0,543,11630,189,12362,0,5739,20356,281,26376,2735,443,3178,29554
2016,HYA,247,14174,7649,66,22136,2,42374,20970,45,63391,249,56548,28619,111,85527,9099,86,9185,94712
2016,HYI,1,618,6390,136,7145,0,346,16842,261,17449,1,964,23232,397,24594,17834,496,18330,42924
2016,IAD,171065,84071,34864,328,290328,110,161,1392,133,1796,171175,84232,36256,461,292124,0,0,0,292124
2016,IAG,1304,675,3522,2005,7506,0,3,5121,1262,6386,1304,678,8643,3267,13892,3514,1690,5204,19096
2016,IAH,337015,121408,9717,83,468223,653,398,1374,132,2557,337668,121806,11091,215,470780,0,0,0,470780
2016,ICT,15858,20931,30130,14677,81596,12,2705,15192,554,18463,15870,23636,45322,15231,100059,7998,7345,15343,115402
2016,IDA,1502,7553,716,78,9849,15,3343,8940,187,12485,1517,10896,9656,265,22334,5135,114,5249,27583
2016,IFP,1041,721,486,173,2421,3,1571,4803,4563,10940,1044,2292,5289,4736,13361,1416,11552,12968,26329
2016,ILG,54,3781,10983,1340,16158,0,973,10434,2163,13570,54,4754,21417,3503,29728,12834,3219,16053,45781
2016,ILM,7687,8841,14917,4000,35445,8,235,7055,763,8061,7695,9076,21972,4763,43506,5640,1433,7073,50579
2016,IND,122392,23872,13484,546,160294,7,132,1770,91,2000,122399,24004,15254,637,162294,0,0,0,162294
2016,INT,170,4376,7563,166,12275,5,1623,15978,768,18374,175,5999,23541,934,30649,14137,280,14417,45066
2016,IPT,9,2323,2287,86,4705,0,968,8381,179,9528,9,3291,10668,265,14233,4758,76,4834,19067
2016,ISM,1,2458,18732,60,21251,0,853,29704,27,30584,1,3311,48436,87,51835,30735,2,30737,82572
2016,ISO,86,361,2292,2662,5401,1,1354,2781,695,4831,87,1715,5073,3357,10232,2513,6544,9057,19289
2016,ISP,9109,4525,10979,239,24852,1,3227,36696,1081,41005,9110,7752,47675,1320,65857,57627,680,58307,124164
2016,ITH,12,7283,3198,41,10534,0,336,6538,58,6932,12,7619,9736,99,17466,16392,36,16428,33894
2016,ITO,15473,4203,832,2402,22910,12,46414,2675,1341,50442,15485,50617,3507,3743,73352,4387,2974,7361,80713
2016,IWA,11234,5776,15190,1583,33783,5,28494,42032,1551,72082,11239,34270,57222,3134,105865,142389,2524,144913,250778
2016,IXD,0,2142,7893,299,10334,0,539,17561,789,18889,0,2681,25454,1088,29223,25660,300,25960,55183
2016,JAC,7892,7822,6674,104,22492,27,480,4829,206,5542,7919,8302,11503,310,28034,2253,92,2345,30379
2016,JAN,8366,10823,6197,8025,33411,0,332,1560,359,2251,8366,11155,7757,8384,35662,1124,19317,20441,56103
2016,JAX,57533,14530,10033,5152,87248,2,776,2569,3458,6805,57535,15306,12602,8610,94053,748,8987,9735,103788
2016,JEF,0,318,5049,434,5801,2,561,10093,1560,12216,2,879,15142,1994,18017,14059,1788,15847,33864
2016,JFK,418962,29619,3509,265,452355,8,1536,4657,151,6352,418970,31155,8166,416,458707,0,0,0,458707
2016,JLN,18,1635,3376,46,5075,0,814,8334,111,9259,18,2449,11710,157,14334,10956,41,10997,25331
2016,JNU,8832,3178,913,90,13013,233,66527,8372,237,75369,9065,69705,9285,327,88382,2905,72,2977,91359
2016,JQF,2025,2537,12211,78,16851,4,4134,20019,688,24845,2029,6671,32230,766,41696,19714,151,19865,61561
2016,JRF,19,677,647,1390,2733,2,679,13268,5194,19143,21,1356,13915,6584,21876,80324,12835,93159,115035
2016,JVL,4,4387,1895,42,6328,0,281,11909,47,12237,4,4668,13804,89,18565,12521,136,12657,31222
2016,JXN,6,321,4005,107,4439,0,252,18449,138,18839,6,573,22454,245,23278,18269,90,18359,41637
2016,KOA,27370,5446,2809,3678,39303,58,15418,13370,2144,30990,27428,20864,16179,5822,70293,36816,9601,46417,116710
2016,LAF,78,516,6688,48,7330,1,262,29520,89,29872,79,778,36208,137,37202,62185,4,62189,99391
2016,LAL,31,969,15158,705,16863,0,4,45380,184,45568,31,973,60538,889,62431,52411,729,53140,115571
2016,LAN,2358,13741,7426,1013,24538,14,188,4619,649,5470,2372,13929,12045,1662,30008,3776,62,3838,33846
2016,LAS,360071,26035,37914,647,424667,27,105974,4703,369,111073,360098,132009,42617,1016,535740,0,0,0,535740
2016,LAW,33,2141,3725,11880,17779,0,0,4709,263,4972,33,2141,8434,12143,22751,2658,696,3354,26105
2016,LAX,622736,48673,22286,487,694182,18,44,2004,642,2708,622754,48717,24290,1129,696890,0,0,0,696890
2016,LBB,12390,13451,12652,4205,42698,12,5371,11155,546,17084,12402,18822,23807,4751,59782,11199,3098,14297,74079
2016,LBE,2070,3914,3073,405,9462,1,236,8307,465,9009,2071,4150,11380,870,18471,8074,520,8594,27065
2016,LCH,57,4386,4637,1437,10517,0,4049,4680,73,8802,57,8435,9317,1510,19319,5593,52,5645,24964
2016,LEB,0,5195,3182,91,8468,0,5058,12594,398,18050,0,10253,15776,489,26518,12406,280,12686,39204
2016,LEE,0,372,9353,25,9750,161,345,21870,47,22423,161,717,31223,72,32173,28719,156,28875,61048
2016,LEX,10223,18234,16516,1107,46080,1,2524,14895,528,17948,10224,20758,31411,1635,64028,5012,324,5336,69364
2016,LFT,3473,8507,10796,503,23279,0,10174,7846,127,18147,3473,18681,18642,630,41426,7952,246,8198,49624
2016,LGA,313989,53871,3705,128,371693,1,282,2441,70,2794,313990,54153,6146,198,374487,0,0,0,374487
2016,LGB,26916,3124,25044,565,55649,4,3363,81437,350,85154,26920,6487,106481,915,140803,154046,37,154083,294886
2016,LIH,25712,4080,1566,2791,34149,5,71932,7541,564,80042,25717,76012,9107,3355,114191,13799,1130,14929,129120
2016,LIT,20210,14684,22239,8217,65350,1,467,12750,967,14185,20211,15151,34989,9184,79535,7549,9200,16749,96284
2016,LMT,2,1707,1789,6188,9686,0,1227,11184,3636,16047,2,2934,12973,9824,25733,14568,9093,23661,49394
2016,LNK,1458,10242,11158,6552,29410,5,958,12502,1538,15003,1463,11200,23660,8090,44413,13195,3148,16343,60756
2016,LNS,15,4232,9660,1181,15088,0,366,31588,606,32560,15,4598,41248,1787,47648,30087,2446,32533,80181
2016,LOU,0,308,8063,38,8409,0,2293,29638,264,32195,0,2601,37701,302,40604,45497,73,45570,86174
2016,LRD,3927,8486,7951,2900,23264,47,124,9110,1676,10957,3974,8610,17061,4576,34221,17665,28702,46367,80588
2016,LSE,282,4748,2793,169,7992,0,588,5686,183,6457,282,5336,8479,352,14449,4346,528,4874,19323
2016,LUK,100,11934,18950,203,31187,0,2146,20007,305,22458,100,14080,38957,508,53645,24132,136,24268,77913
2016,LVK,5,1534,7718,55,9312,0,20,45400,89,45509,5,1554,53118,144,54821,62798,480,63278,118099
2016,LWB,1614,2774,5535,130,10053,2,1324,3987,570,5883,1616,4098,9522,700,15936,1814,296,2110,18046
2016,LWM,0,520,3416,7,3943,0,49,17984,36,18069,0,569,21400,43,22012,16251,44,16295,38307
2016,LWS,1762,1971,1762,73,5568,5,1528,11609,84,13226,1767,3499,13371,157,18794,9081,168,9249,28043
2016,LYH,260,4626,8379,405,13670,0,862,32870,357,34089,260,5488,41249,762,47759,57187,320,57507,105266
2016,LZU,0,3761,11137,26,14924,0,825,31554,190,32569,0,4586,42691,216,47493,37199,56,37255,84748
2016,MAF,11033,9177,14090,8157,42457,0,193,7333,1721,9247,11033,9370,21423,9878,51704,5471,6733,12204,63908
2016,MBS,936,6866,5666,144,13612,24,130,2921,472,3547,960,6996,8587,616,17159,2899,74,2973,20132
2016,MCI,110499,8200,2666,520,121885,1,179,632,79,891,110500,8379,3298,599,122776,60,8,68,122844
2016,MCN,175,630,6066,553,7424,0,56,4750,280,5086,175,686,10816,833,12510,2000,34,2034,14544
2016,MCO,293082,14878,12951,380,321291,45,210,2263,101,2619,293127,15088,15214,481,323910,4,0,4,323914
2016,MDH,3,972,567,2,1544,0,23595,4419,37,28051,3,24567,4986,39,29595,55107,6,55113,84708
2016,MDT,12911,16570,5330,3912,38723,30,277,3161,1039,4507,12941,16847,8491,4951,43230,3497,4642,8139,51369
2016,MDW,186686,25951,30697,240,243574,6,1279,6867,1320,9472,186692,27230,37564,1560,253046,0,0,0,253046
2016,MEI,0,2021,5835,24235,32091,0,1044,5896,3028,9968,0,3065,11731,27263,42059,4050,15710,19760,61819
2016,MEM,180791,20295,18604,1759,221449,13,193,2751,299,3256,180804,20488,21355,2058,224705,72,106,178,224883
2016,MER,3,114,4458,173,4748,0,303,19542,163,20008,3,417,24000,336,24756,31034,303,31337,56093
2016,MFD,12,454,4331,1058,5855,0,164,4497,847,5508,12,618,8828,1905,11363,2428,1161,3589,14952
2016,MFE,7790,2836,10789,6870,28285,3,7,18139,383,18532,7793,2843,28928,7253,46817,9587,832,10419,57236
2016,MFR,8168,6557,4969,297,19991,98,2091,11057,149,13395,8266,8648,16026,446,33386,5493,138,5631,39017
2016,MGM,674,8216,8805,17654,35349,0,665,5690,2572,8927,674,8881,14495,20226,44276,6370,11295,17665,61941
2016,MGW,2,4115,4491,564,9172,0,15574,7739,1032,24345,2,19689,12230,1596,33517,17700,748,18448,51965
2016,MHK,97,2974,2762,464,6297,1,141,5792,864,6798,98,3115,8554,1328,13095,6622,2690,9312,22407
2016,MHR,2962,5210,8039,3461,19672,2968,10160,28788,5779,47695,5930,15370,36827,9240,67367,19990,12563,32553,99920
2016,MHT,22325,16151,5449,331,44256,4,2109,6408,102,8623,22329,18260,11857,433,52879,2590,68,2658,55537
2016,MIA,355301,38721,14073,1025,409120,1073,346,3615,80,5114,356374,39067,17688,1105,414234,0,0,0,414234
2016,MIC,5,37,2961,7,3010,0,388,17395,37,17820,5,425,20356,44,20830,16111,26,16137,36967
2016,MIE,18,115,3042,27,3202,0,536,17108,239,17883,18,651,20150,266,21085,12361,188,12549,33634
2016,MKC,178,10856,18123,297,29454,16,2577,23968,705,27266,194,13433,42091,1002,56720,13616,267,13883,70603
2016,MKE,58281,40157,9265,1928,109631,1,553,2497,176,3227,58282,40710,11762,2104,112858,632,225,857,113715
2016,MKG,36,2133,5339,139,7647,0,44,7458,481,7983,36,2177,12797,620,15630,9246,238,9484,25114
2016,MKK,2,11522,361,295,12180,0,27374,2719,246,30339,2,38896,3080,541,42519,1466,837,2303,44822
2016,MKL,0,1596,4051,283,5930,0,91,5359,1013,6463,0,1687,9410,1296,12393,2142,1548,3690,16083
2016,MLB,3977,3083,22318,283,29661,21,1545,33160,160,34886,3998,4628,55478,443,64547,31289,229,31518,96065
2016,MLI,4876,10468,6132,248,21724,0,37,4781,79,4897,4876,10505,10913,327,26621,7158,308,7466,34087
2016,MLU,46,6769,8432,5569,20816,0,84,4959,617,5660,46,6853,13391,6186,26476,2909,2884,5793,32269
2016,MMU,8,10471,18458,29,28966,0,517,21356,28,21901,8,10988,39814,57,50867,23665,40,23705,74572
2016,MOB,1556,12169,4383,25202,43310,0,341,2666,8350,11357,1556,12510,7049,33552,54667,929,11840,12769,67436
2016,MOD,4,2292,5376,81,7753,0,7994,17127,56,25177,4,10286,22503,137,32930,9642,74,9716,42646
2016,MOT,1232,5682,3897,138,10949,4,447,5233,215,5899,1236,6129,9130,353,16848,5172,1047,6219,23067
2016,MQY,122,3022,11551,1068,15763,0,1632,18239,1844,21715,122,4654,29790,2912,37478,28008,2182,30190,67668
2016,MRI,4,1068,1297,5,2374,1,11876,56345,66,68288,5,12944,57642,71,70662,59741,20,59761,130423
2016,MRY,3713,10667,12266,858,27504,7,518,15014,761,16300,3720,11185,27280,1619,43804,46281,5397,51678,95482
2016,MSN,18833,10849,14894,3311,47887,0,483,15881,1728,18092,18833,11332,30775,5039,65979,15098,342,15440,81419
2016,MSO,7431,4549,4476,145,16601,0,1400,9798,94,11292,7431,5949,14274,239,27893,9115,355,9470,37363
2016,MSP,311269,87158,10974,2841,412242,2,40,515,99,656,311271,87198,11489,2940,412898,0,0,0,412898
2016,MSY,106920,10532,9995,518,127965,5,3210,2752,331,6298,106925,13742,12747,849,134263,0,0,0,134263
2016,MTN,0,1683,9202,1023,11908,0,198,31944,1012,33154,0,1881,41146,2035,45062,33756,514,34270,79332
2016,MVY,1200,9195,4652,205,15252,0,7589,15079,212,22880,1200,16784,19731,417,38132,1132,130,1262,39394
2016,MWA,16,3773,529,189,4507,0,5319,3265,261,8845,16,9092,3794,450,13352,15505,300,15805,29157
2016,MWC,0,91,2648,3,2742,20,372,9342,26,9760,20,463,11990,29,12502,12293,80,12373,24875
2016,MWH,5472,1405,3927,4340,15144,1530,872,10817,1871,15090,7002,2277,14744,6211,30234,26809,7176,33985,64219
2016,MYF,0,1026,24177,550,25753,0,2629,73252,167,76048,0,3655,97429,717,101801,98680,187,98867,200668
2016,MYR,17501,4815,6707,3078,32101,41,68121,6234,400,74796,17542,72936,12941,3478,106897,4196,1131,5327,112224
2016,NEW,12,2459,15991,1427,19889,0,883,15177,1032,17092,12,3342,31168,2459,36981,16078,1238,17316,54297
2016,NQA,4,206,3208,1556,4974,0,78,9640,490,10208,4,284,12848,2046,15182,16526,6388,22914,38096
2016,OAK,123727,22497,19703,206,166133,4,2245,20711,1345,24305,123731,24742,40414,1551,190438,31413,948,32361,222799
2016,OCF,49,1108,14119,426,15702,0,44,26805,62,26911,49,1152,40924,488,42613,18128,209,18337,60950
2016,OGD,239,594,6929,141,7903,2,3271,27429,265,30967,241,3865,34358,406,38870,28883,45,28928,67798
2016,OGG,52757,9055,2219,1173,65204,11,54688,7354,653,62706,52768,63743,9573,1826,127910,8583,161,8744,136654
2016,OJC,0,664,8025,12,8701,0,23,18086,46,18155,0,687,26111,58,26856,16996,128,17124,43980
2016,OKC,43683,12601,13703,20793,90780,3,880,7087,2536,10506,43686,13481,20790,23329,101286,2211,16024,18235,119521
2016,OLM,2,346,5035,459,5842,0,693,14968,448,16109,2,1039,20003,907,21951,20647,367,21014,42965
2016,OLV,0,4205,4227,47,8479,6,2205,20177,165,22553,6,6410,24404,212,31032,28473,166,28639,59671
2016,OMA,45986,21633,13152,1821,82592,2,412,4959,1312,6685,45988,22045,18111,3133,89277,5510,1488,6998,96275
2016,OMN,0,5,8372,5,8382,0,0,74507,5,74512,0,5,82879,10,82894,32545,12,32557,115451
2016,ONT,56145,16159,5382,56,77742,0,1429,6532,373,8334,56145,17588,11914,429,86076,5575,20,5595,91671
2016,OPF,15,8545,35871,1402,45833,1,1505,38063,4183,43752,16,10050,73934,5585,89585,36585,3900,40485,130070
2016,ORD,593186,267752,5833,91,866862,12,57,692,12,773,593198,267809,6525,103,867635,0,0,0,867635
2016,ORF,27640,26666,11090,264,65660,25,79,6649,220,6973,27665,26745,17739,484,72633,1716,3,1719,74352
2016,ORH,1419,841,4486,293,7039,68,288,14506,78,14940,1487,1129,18992,371,21979,12866,409,13275,35254
2016,ORL,5,4895,21215,76,26191,3,1404,35649,73,37129,8,6299,56864,149,63320,46574,0,46574,109894
2016,OSH,0,1054,4340,98,5492,0,70,33093,159,33322,0,1124,37433,257,38814,28002,134,28136,66950
2016,OSU,6,3295,7921,33,11255,0,10633,21237,98,31968,6,13928,29158,131,43223,32425,116,32541,75764
2016,OTH,53,3178,1646,230,5107,4,1213,1936,2434,5587,57,4391,3582,2664,10694,413,3314,3727,14421
2016,OUN,0,451,5654,275,6380,3,150,22296,495,22944,3,601,27950,770,29324,21840,145,21985,51309
2016,OWB,258,2397,2822,865,6342,2,201,5919,458,6580,260,2598,8741,1323,12922,5569,723,6292,19214
2016,OWD,0,1850,3252,9,5111,3,2741,27925,118,30787,3,4591,31177,127,35898,23264,72,23336,59234
2016,OXC,0,2501,3209,61,5771,2,2315,18202,1494,22013,2,4816,21411,1555,27784,15481,574,16055,43839
2016,OXR,0,1304,6918,44,8266,0,3649,21345,140,25134,0,4953,28263,184,33400,40361,390,40751,74151
2016,PAE,3695,1156,10392,297,15540,196,247,39994,245,40682,3891,1403,50386,542,56222,50328,419,50747,106969
2016,PAH,17,2597,3425,377,6416,0,816,10277,747,11840,17,3413,13702,1124,18256,5527,478,6005,24261
2016,PAO,4,175,5611,8,5798,0,533,51040,113,51686,4,708,56651,121,57484,95702,52,95754,153238
2016,PBI,52683,29595,39486,445,122209,28,1480,20298,512,22318,52711,31075,59784,957,144527,0,0,0,144527
2016,PDK,35,18662,47282,517,66496,0,1904,50827,269,53000,35,20566,98109,786,119496,38913,116,39029,158525
2016,PDT,0,1395,591,161,2147,0,2459,4101,644,7204,0,3854,4692,805,9351,1886,852,2738,12089
2016,PDX,178735,20403,10484,3615,213237,6,5937,5353,243,11539,178741,26340,15837,3858,224776,2927,6,2933,227709
2016,PGD,7158,1192,8323,151,16824,80,482,29359,40,29961,7238,1674,37682,191,46785,20883,26,20909,67694
2016,PHF,4080,7332,7868,5851,25131,2,43,16709,2531,19285,4082,7375,24577,8382,44416,24783,19552,44335,88751
2016,PHL,226055,153118,11275,147,390595,1,472,2696,258,3427,226056,153590,13971,405,394022,0,0,0,394022
2016,PHX,361383,47028,13753,1687,423851,12,8810,7062,853,16737,361395,55838,20815,2540,440588,42,13,55,440643
2016,PIA,2365,12626,5471,1819,22281,0,977,6892,2579,10448,2365,13603,12363,4398,32729,3719,3192,6911,39640
2016,PIE,13838,3414,20013,3208,40473,2,229,21974,5388,27593,13840,3643,41987,8596,68066,38372,6665,45037,113103
2016,PIH,120,3853,1581,64,5618,196,2496,7820,166,10678,316,6349,9401,230,16296,9773,60,9833,26129
2016,PIT,87215,38957,8195,5767,140134,0,139,768,215,1122,87215,39096,8963,5982,141256,24,350,374,141630
2016,PKB,22,2909,2932,907,6770,0,321,7533,1882,9736,22,3230,10465,2789,16506,7162,4437,11599,28105
2016,PMD,22,0,5424,4375,9821,0,2,1807,495,2304,22,2,7231,4870,12125,1457,9207,10664,22789
2016,PMP,0,163,5428,13,5604,0,192,46763,64,47019,0,355,52191,77,52623,92998,39,93037,145660
2016,PNE,3,4486,7952,192,12633,0,22,25330,54,25406,3,4508,33282,246,38039,14761,0,14761,52800
2016,PNS,13488,11817,9862,12298,47465,12,377,14073,9858,24320,13500,12194,23935,22156,71785,38064,1594,39658,111443
2016,POC,18,133,5340,27,5518,48,107,33566,33,33754,66,240,38906,60,39272,46416,21,46437,85709
2016,POU,1,524,3482,72,4079,0,76,27253,77,27406,1,600,30735,149,31485,36951,177,37128,68613
2016,PRC,3,2053,2586,160,4802,2,1490,68413,241,70146,5,3543,70999,401,74948,178125,138,178263,253211
2016,PSC,8344,4491,5132,1070,19037,12,507,10475,382,11376,8356,4998,15607,1452,30413,21123,3696,24819,55232
2016,PSP,15224,14643,6951,439,37257,5,802,11561,1459,13827,15229,15445,18512,1898,51084,4565,270,4835,55919
2016,PTK,632,7831,26111,52,34626,140,1219,40180,154,41693,772,9050,66291,206,76319,48813,0,48813,125132
2016,PUB,75,3306,6355,1499,11235,3,932,41150,24092,66177,78,4238,47505,25591,77412,49996,40202,90198,167610
2016,PVD,32622,10678,7101,178,50579,31,328,7396,91,7846,32653,11006,14497,269,58425,11535,128,11663,70088
2016,PVU,1109,822,2910,82,4923,4,327,22531,221,23083,1113,1149,25441,303,28006,55268,229,55497,83503
2016,PWA,0,2396,13163,213,15772,0,401,21930,119,22450,0,2797,35093,332,38222,11520,198,11718,49940
2016,PWK,24,12218,21987,23,34252,1,403,23944,18,24366,25,12621,45931,41,58618,20295,6,20301,78919
2016,PWM,17516,14109,6167,260,38052,0,546,8903,206,9655,17516,14655,15070,466,47707,3264,22,3286,50993
2016,RAL,0,125,7674,42,7841,0,3881,36859,353,41093,0,4006,44533,395,48934,56444,72,56516,105450
2016,RAP,3095,11018,7286,493,21892,55,646,9240,2226,12167,3150,11664,16526,2719,34059,7950,1199,9149,43208
2016,RBD,16,49,3426,89,3580,0,1,22773,24,22798,16,50,26199,113,26378,12404,34,12438,38816
2016,RDD,40,4624,2045,268,6977,0,13395,14726,226,28347,40,18019,16771,494,35324,23508,137,23645,58969
2016,RDG,76,6006,14785,1503,22370,1,4007,20460,1141,25609,77,10013,35245,2644,47979,15791,1993,17784,65763
2016,RDM,5330,4926,1962,123,12341,113,1562,9001,195,10871,5443,6488,10963,318,23212,15785,460,16245,39457
2016,RDU,109997,30934,26346,1142,168419,0,213,20146,2570,22929,109997,31147,46492,3712,191348,1433,672,2105,193453
2016,RFD,8898,1131,7745,1087,18861,0,257,7506,494,8257,8898,1388,15251,1581,27118,6864,374,7238,34356
2016,RHV,2,39,2008,1,2050,0,366,53646,98,54110,2,405,55654,99,56160,95541,0,95541,151701
2016,RIC,35636,25769,15101,2387,78893,11,655,8169,1711,10546,35647,26424,23270,4098,89439,3553,1907,5460,94899
2016,RME,179,592,1624,1198,3593,0,52,5602,1252,6906,179,644,7226,2450,10499,9977,4793,14770,25269
2016,RNM,13,121,1472,3,1609,0,4,28944,232,29180,13,125,30416,235,30789,67090,310,67400,98189
2016,RNO,41584,8726,8290,974,59574,5,2226,15002,909,18142,41589,10952,23292,1883,77716,3483,369,3852,81568
2016,RNT,487,179,4005,6,4677,1,1340,43219,99,44659,488,1519,47224,105,49336,73547,130,73677,123013
2016,ROA,2950,14787,7526,658,25921,59,260,8138,377,8834,3009,15047,15664,1035,34755,11340,317,11657,46412
2016,ROC,19945,24072,8676,673,53366,0,329,9005,1285,10619,19945,24401,17681,1958,63985,14650,1186,15836,79821
2016,ROG,0,963,8155,45,9163,1,609,2902,16,3528,1,1572,11057,61,12691,1224,0,1224,13915
2016,ROW,279,4542,2600,3902,11323,6,1574,3717,4869,10166,285,6116,6317,8771,21489,1630,11161,12791,34280
2016,RST,2381,7644,9050,1451,20526,2,476,6918,190,7586,2383,8120,15968,1641,28112,10186,3590,13776,41888
2016,RSW,65704,4969,5409,1057,77139,3,73,1813,95,1984,65707,5042,7222,1152,79123,10,18,28,79151
2016,RVS,2,1641,14529,78,16250,0,562,54719,262,55543,2,2203,69248,340,71793,110251,6,110257,182050
2016,RYN,0,0,997,12,1009,0,0,38288,2387,40675,0,0,39285,2399,41684,54581,13511,68092,109776
2016,RYY,1,2471,8500,172,11144,2,1141,23460,355,24958,3,3612,31960,527,36102,27230,59,27289,63391
2016,SAC,0,761,15465,197,16423,0,1229,53214,342,54785,0,1990,68679,539,71208,26045,88,26133,97341
2016,SAF,34,6696,7992,1256,15978,1,854,18035,1885,20775,35,7550,26027,3141,36753,27504,2868,30372,67125
2016,SAN,173685,12384,8254,411,194734,2,310,1406,483,2201,173687,12694,9660,894,196935,0,0,0,196935
2016,SAT,87057,18375,33841,3931,143204,1,3393,16187,1426,21007,87058,21768,50028,5357,164211,146,36,182,164393
2016,SAV,23589,17394,21783,5101,67867,8,2011,12043,1325,15387,23597,19405,33826,6426,83254,8306,1120,9426,92680
2016,SAW,767,5024,905,201,6897,1349,348,2704,444,4845,2116,5372,3609,645,11742,2266,951,3217,14959
2016,SBA,5864,20810,16066,884,43624,347,484,26044,660,27535,6211,21294,42110,1544,71159,28340,672,29012,100171
2016,SBN,2929,14130,7431,149,24639,2,528,5709,95,6334,2931,14658,13140,244,30973,10067,158,10225,41198
2016,SBP,1409,7163,7531,215,16318,4,933,31246,499,32682,1413,8096,38777,714,49000,23916,146,24062,73062
2016,SBY,0,6127,2330,341,8798,0,557,8877,2145,11579,0,6684,11207,2486,20377,9396,9834,19230,39607
2016,SCK,1955,590,10428,621,13594,9,1167,22135,1099,24410,1964,1757,32563,1720,38004,40683,961,41644,79648
2016,SDF,114257,26523,8615,1872,151267,3,617,2630,829,4079,114260,27140,11245,2701,155346,607,247,854,156200
2016,SDL,7,12583,32070,349,45009,0,2814,51880,244,54938,7,15397,83950,593,99947,58270,78,58348,158295
2016,SDM,21,1536,6441,518,8516,10,296,25726,1291,27323,31,1832,32167,1809,35839,47701,2240,49941,85780
2016,SEA,399729,9396,1502,70,410697,13,117,1300,23,1453,399742,9513,2802,93,412150,20,0,20,412170
2016,SEE,0,335,15007,349,15691,0,190,69028,137,69355,0,525,84035,486,85046,141797,33,141830,226876
2016,SFB,18827,35563,9595,72,64057,3,49920,15565,79,65567,18830,85483,25160,151,129624,159684,4,159688,289312
2016,SFF,0,1119,3556,32,4707,0,2772,20852,22,23646,0,3891,24408,54,28353,25738,222,25960,54313
2016,SFO,379642,54856,10396,411,445305,5,626,2295,2160,5086,379647,55482,12691,2571,450391,0,0,0,450391
2016,SGF,6929,14938,11493,2026,35386,13,529,6085,1255,7882,6942,15467,17578,3281,43268,4615,1129,5744,49012
2016,SGJ,327,2030,12372,766,15495,0,6442,48019,1440,55901,327,8472,60391,2206,71396,69215,787,70002,141398
2016,SGR,0,4815,18406,68,23289,0,1194,21781,86,23061,0,6009,40187,154,46350,26232,86,26318,72668
2016,SHV,3841,15855,7914,1913,29523,19,318,5711,310,6358,3860,16173,13625,2223,35881,4753,423,5176,41057
2016,SIG,0,77,3673,383,4133,0,12760,39702,1708,54170,0,12837,43375,2091,58303,37076,418,37494,95797
2016,SJC,102406,23669,17116,88,143279,0,415,12264,188,12867,102406,24084,29380,276,156146,4349,14,4363,160509
2016,SJT,2629,2639,4892,10172,20332,243,1221,11585,3378,16427,2872,3860,16477,13550,36759,9643,23440,33083,69842
2016,SJU,67908,32355,4937,1498,106698,16,37777,9676,511,47980,67924,70132,14613,2009,154678,4,45,49,154727
2016,SLC,198572,66999,20303,1746,287620,3,5938,19032,5458,30431,198575,72937,39335,7204,318051,2202,6,2208,320259
2016,SLE,2,806,4123,798,5729,2,1151,14716,1965,17834,4,1957,18839,2763,23563,8686,2397,11083,34646
2016,SLN,76,3483,4152,804,8515,405,17165,6057,1570,25197,481,20648,10209,2374,33712,39048,3199,42247,75959
2016,SMF,88825,12374,3241,614,105054,4,178,3794,261,4237,88829,12552,7035,875,109291,790,1106,1896,111187
2016,SMO,2,10048,16341,35,26426,0,493,40919,90,41502,2,10541,57260,125,67928,20271,11,20282,88210
2016,SMX,332,4131,4487,226,9176,0,2594,15359,153,18106,332,6725,19846,379,27282,10699,529,11228,38510
2016,SNA,92086,16236,33100,140,141562,10,298,66875,251,67434,92096,16534,99975,391,208996,91184,174,91358,300354
2016,SNS,1,352,11909,87,12349,0,1417,29266,442,31125,1,1769,41175,529,43474,20887,424,21311,64785
2016,SPG,0,85,3638,46,3769,0,2431,35315,292,38038,0,2516,38953,338,41807,44179,1826,46005,87812
2016,SPI,452,3690,5985,1659,11786,0,908,6270,601,7779,452,4598,12255,2260,19565,4775,2596,7371,26936
2016,SQL,0,10229,3772,17,14018,0,9102,35925,147,45174,0,19331,39697,164,59192,46084,640,46724,105916
2016,SRQ,11163,6765,22785,1224,41937,17,727,31373,562,32679,11180,7492,54158,1786,74616,28071,538,28609,103225
2016,SSF,0,226,2589,3692,6507,8,3289,23049,561,26907,8,3515,25638,4253,33414,59133,4368,63501,96915
2016,STC,225,146,2943,216,3530,0,296,8723,1623,10642,225,442,11666,1839,14172,10637,1029,11666,25838
2016,STJ,1,13,2555,1906,4475,19,260,6468,2225,8972,20,273,9023,4131,13447,3639,5685,9324,22771
2016,STL,127663,50164,6845,1456,186128,12,2520,997,447,3976,127675,52684,7842,1903,190104,123,290,413,190517
2016,STP,9,3597,14633,657,18896,4,2177,10484,3132,15797,13,5774,25117,3789,34693,16003,3852,19855,54548
2016,STS,4626,3796,7388,221,16031,16,4100,35044,531,39691,4642,7896,42432,752,55722,23207,302,23509,79231
2016,STT,9976,8385,2947,90,21398,3,26025,12463,296,38787,9979,34410,15410,386,60185,2616,47,2663,62848
2016,STX,2159,6473,1108,344,10084,0,12522,6320,410,19252,2159,18995,7428,754,29336,1985,924,2909,32245
2016,SUA,0,4743,11676,78,16497,0,1152,38433,152,39737,0,5895,50109,230,56234,33863,60,33923,90157
2016,SUN,2962,5666,7139,16,15783,3,328,7693,58,8082,2965,5994,14832,74,23865,1411,40,1451,25316
2016,SUS,66,10996,22963,763,34788,0,325,29679,432,30436,66,11321,52642,1195,65224,31435,100,31535,96759
2016,SUX,30,2313,5578,2030,9951,22,820,2719,55,3616,52,3133,8297,2085,13567,1561,698,2259,15826
2016,SWF,3376,5788,5617,2035,16816,4,2161,13062,2501,17728,3380,7949,18679,4536,34544,6563,2744,9307,43851
2016,SWO,283,50,4485,603,5421,0,590,21253,509,22352,283,640,25738,1112,27773,36822,1562,38384,66157
2016,SYR,21594,20945,6539,1583,50661,0,191,6686,1343,8220,21594,21136,13225,2926,58881,7421,3768,11189,70070
2016,TCL,431,2011,7562,5161,15165,6,919,10667,1394,12986,437,2930,18229,6555,28151,24018,884,24902,53053
2016,TEB,75,70584,83438,227,154324,1,4438,18592,251,23282,76,75022,102030,478,177606,0,0,0,177606
2016,TIW,0,412,10692,109,11213,0,178,27133,270,27581,0,590,37825,379,38794,33237,172,33409,72203
2016,TIX,0,219,10029,42,10290,0,1,25909,14,25924,0,220,35938,56,36214,42629,4,42633,78847
2016,TKI,2,1323,9196,15,10536,0,1180,30028,47,31255,2,2503,39224,62,41791,78657,22,78679,120470
2016,TLH,6114,9349,12807,8760,37030,0,382,11025,1652,13059,6114,9731,23832,10412,50089,5901,3386,9287,59376
2016,TMB,12,2150,33739,131,36032,1,86,125243,454,125784,13,2236,158982,585,161816,116211,0,116211,278027
2016,TOA,3,298,7099,23,7423,0,47,52990,142,53179,3,345,60089,165,60602,54366,220,54586,115188
2016,TOL,1273,3681,8196,2206,15356,2,679,5562,309,6552,1275,4360,13758,2515,21908,5231,2020,7251,29159
2016,TOP,0,487,5659,91,6237,28,1031,11820,141,13020,28,1518,17479,232,19257,11777,210,11987,31244
2016,TPA,147864,18142,15258,695,181959,57,225,7219,100,7601,147921,18367,22477,795,189560,122,0,122,189682
2016,TRI,1968,8984,7288,1413,19653,0,1030,8904,184,10118,1968,10014,16192,1597,29771,15208,1716,16924,46695
2016,TTD,0,33,1370,4,1407,0,60,31288,266,31614,0,93,32658,270,33021,86047,42,86089,119110
2016,TTN,3803,4086,8702,310,16901,123,384,33642,327,34476,3926,4470,42344,637,51377,35384,100,35484,86861
2016,TUL,29364,17202,14660,10439,71665,21,204,8109,1494,9828,29385,17406,22769,11933,81493,11498,13055,24553,106046
2016,TUP,38,2665,3654,5666,12023,0,2570,15007,3731,21308,38,5235,18661,9397,33331,15940,4491,20431,53762
2016,TUS,33866,13540,12643,11059,71108,8,3293,25745,7829,36875,33874,16833,38388,18888,107983,20776,8802,29578,137561
2016,TVC,6905,5871,8426,694,21896,0,1005,19166,2243,22414,6905,6876,27592,2937,44310,34236,2183,36419,80729
2016,TWF,221,4104,2169,244,6738,0,423,11003,242,11668,221,4527,13172,486,18406,7391,540,7931,26337
2016,TXK,8,2957,5400,830,9195,0,1423,4738,541,6702,8,4380,10138,1371,15897,6556,2041,8597,24494
2016,TYR,29,5364,7297,78,12768,0,2804,15218,90,18112,29,8168,22515,168,30880,10611,56,10667,41547
2016,TYS,14258,27161,21642,8788,71849,1,95,8655,2196,10947,14259,27256,30297,10984,82796,5235,8731,13966,96762
2016,TZR,0,51,1776,26,1853,0,0,8522,20,8542,0,51,10298,46,10395,9038,22,9060,19455
2016,UAO,0,910,8936,34,9880,0,1130,21973,212,23315,0,2040,30909,246,33195,15053,129,15182,48377
2016,UES,0,1468,6518,37,8023,0,796,18537,192,19525,0,2264,25055,229,27548,10544,86,10630,38178
2016,UGN,0,3804,6885,82,10771,0,89,17478,389,17956,0,3893,24363,471,28727,14985,191,15176,43903
2016,UNV,52,9812,4219,170,14253,0,1278,6423,206,7907,52,11090,10642,376,22160,7338,458,7796,29956
2016,VCT,1,2047,2161,7887,12096,0,225,4737,3514,8476,1,2272,6898,11401,20572,1944,32225,34169,54741
2016,VCV,966,88,2154,1021,4229,95,1490,9494,2427,13506,1061,1578,11648,3448,17735,14603,9331,23934,41669
2016,VGT,12,1037,10002,401,11452,0,16248,47033,1204,64485,12,17285,57035,1605,75937,82996,497,83493,159430
2016,VNY,39,16499,37376,77,53991,16,635,92486,304,93441,55,17134,129862,381,147432,66130,4,66134,213566
2016,VQQ,712,743,4776,11418,17649,28,28,6273,7530,13859,740,771,11049,18948,31508,14340,38693,53033,84541
2016,VRB,131,4085,20841,83,25140,0,11,76603,33,76647,131,4096,97444,116,101787,102807,17,102824,204611
2016,WDG,0,661,2315,6227,9203,0,32,4948,6579,11559,0,693,7263,12806,20762,3779,11386,15165,35927
2016,WHP,4,0,611,0,615,0,0,37338,93,37431,4,0,37949,93,38046,37368,56,37424,75470
2016,WJF,2,288,1368,505,2163,0,334,23137,264,23735,2,622,24505,769,25898,21666,1109,22775,48673
2016,XNA,17550,11465,3770,3103,35888,1,630,858,430,1919,17551,12095,4628,3533,37807,258,3502,3760,41567
2016,YIP,2792,7811,11750,147,22500,4,212,12647,628,13491,2796,8023,24397,775,35991,29325,1265,30590,66581
2016,YKM,2180,2976,3986,313,9455,12,569,12276,307,13164,2192,3545,16262,620,22619,13251,945,14196,36815
2016,YNG,909,1702,5544,3916,12071,0,118,4130,526,4774,909,1820,9674,4442,16845,3213,4674,7887,24732
2017,ABE,10227,8770,11995,424,31416,0,484,13882,132,14498,10227,9254,25877,556,45914,33219,457,33676,79590
2017,ABI,271,7839,7681,5967,21758,1,407,9003,863,10274,272,8246,16684,6830,32032,7405,11560,18965,50997
2017,ABQ,52656,16722,11073,4174,84625,5,7398,17024,11431,35858,52661,24120,28097,15605,120483,7732,6534,14266,134749
2017,ABY,41,2681,3485,704,6911,0,108,6920,414,7442,41,2789,10405,1118,14353,5310,2731,8041,22394
2017,ACK,1687,21935,9930,407,33959,0,31360,31705,259,63324,1687,53295,41635,666,97283,194,92,286,97569
2017,ACT,144,3805,12198,6663,22810,4,536,9300,485,10325,148,4341,21498,7148,33135,6686,1178,7864,40999
2017,ACY,7802,4447,6643,9963,28855,18,238,8977,7462,16695,7820,4685,15620,17425,45550,3237,14719,17956,63506
2017,ADM,2,86,2550,1761,4399,0,38,7009,977,8024,2,124,9559,2738,12423,4736,1680,6416,18839
2017,ADQ,1241,3896,311,625,6073,51,11886,3340,2843,18120,1292,15782,3651,3468,24193,718,6580,7298,31491
2017,ADS,82,6151,30128,158,36519,17,1024,57421,139,58601,99,7175,87549,297,95120,4376,10,4386,99506
2017,ADW,438,316,2712,16415,19881,0,529,1687,8890,11106,438,845,4399,25305,30987,214,21843,22057,53044
2017,AEG,0,354,3012,140,3506,0,279,20926,775,21980,0,633,23938,915,25486,36596,1705,38301,63787
2017,AEX,2278,6858,3853,2994,15983,0,0,0,0,0,2278,6858,3853,2994,15983,7572,7235,14807,30790
2017,AFW,8245,4273,14139,6168,32825,4,162,28552,1140,29858,8249,4435,42691,7308,62683,44833,4627,49460,112143
2017,AGC,5,7868,13037,151,21061,4,15736,12293,178,28211,9,23604,25330,329,49272,12098,142,12240,61512
2017,AGS,2690,10057,8030,1403,22180,1,213,2336,342,2892,2691,10270,10366,1745,25072,2232,1471,3703,28775
2017,AHN,48,1296,6900,514,8758,1,822,14123,364,15310,49,2118,21023,878,24068,10263,266,10529,34597
2017,AKN,818,4276,537,100,5731,17,13523,4145,64,17749,835,17799,4682,164,23480,1630,456,2086,25566
2017,ALB,23274,22067,6564,1601,53506,0,1743,7918,1744,11405,23274,23810,14482,3345,64911,5503,1940,7443,72354
2017,ALN,8,2762,3903,216,6889,0,718,8199,83,9000,8,3480,12102,299,15889,13948,250,14198,30087
2017,ALO,55,1311,4388,232,5986,0,29,5935,726,6690,55,1340,10323,958,12676,5882,578,6460,19136
2017,ALW,909,837,1851,22,3619,0,412,9396,21,9829,909,1249,11247,43,13448,14925,14,14939,28387
2017,AMA,7077,6367,9099,9499,32042,1,164,4723,1283,6171,7078,6531,13822,10782,38213,8807,13694,22501,60714
2017,ANC,106102,58225,10718,2056,177101,93,24377,63055,493,88018,106195,82602,73773,2549,265119,11258,30,11288,276407
2017,ANE,0,2149,10472,64,12685,0,1385,22899,126,24410,0,3534,33371,190,37095,37286,562,37848,74943
2017,APA,22,23706,42665,1753,68146,36,3159,98864,1868,103927,58,26865,141529,3621,172073,151920,2030,153950,326023
2017,APC,2,4874,6993,56,11925,2,265,20643,187,21097,4,5139,27636,243,33022,16380,440,16820,49842
2017,APF,114,13558,27857,66,41595,1,427,34115,136,34679,115,13985,61972,202,76274,18688,20,18708,94982
2017,ARA,86,250,1720,1498,3554,16,14119,8387,504,23026,102,14369,10107,2002,26580,36322,680,37002,63582
2017,ARB,0,472,3380,7,3859,0,92,20833,61,20986,0,564,24213,68,24845,37112,9,37121,61966
2017,ARR,5,828,5391,47,6271,0,32,17664,92,17788,5,860,23055,139,24059,21063,40,21103,45162
2017,ASE,9626,10844,14036,97,34603,0,21,1976,47,2044,9626,10865,16012,144,36647,5655,124,5779,42426
2017,ASG,0,983,6027,10,7020,0,572,10679,7,11258,0,1555,16706,17,18278,14364,0,14364,32642
2017,ASH,0,397,4084,18,4499,0,51,22310,40,22401,0,448,26394,58,26900,29510,38,29548,56448
2017,ATL,782566,88949,5963,135,877613,5,96,1752,32,1885,782571,89045,7715,167,879498,0,0,0,879498
2017,ATW,4460,7788,6167,60,18475,0,106,7534,11,7651,4460,7894,13701,71,26126,6076,32,6108,32234
2017,AUS,123439,14801,29821,3477,171538,2,533,19060,5606,25201,123441,15334,48881,9083,196739,2357,536,2893,199632
2017,AVL,7838,10581,14912,2016,35347,2,399,12518,978,13897,7840,10980,27430,2994,49244,15411,1695,17106,66350
2017,AVP,3238,9249,4726,238,17451,1,3926,9218,189,13334,3239,13175,13944,427,30785,29106,422,29528,60313
2017,AZO,997,6908,7529,46,15480,26,551,10018,88,10683,1023,7459,17547,134,26163,14184,0,14184,40347
2017,BAF,25,539,3223,1508,5295,0,20,15519,2206,17745,25,559,18742,3714,23040,14925,2772,17697,40737
2017,BAK,21,854,3966,335,5176,0,1,21309,1344,22654,21,855,25275,1679,27830,13478,2904,16382,44212
2017,BAZ,0,298,5636,2821,8755,1,756,15448,305,16510,1,1054,21084,3126,25265,26206,1936,28142,53407
2017,BBG,2,1079,2482,31,3594,0,378,1533,67,1978,2,1457,4015,98,5572,168,22,190,5762
2017,BCT,46,10543,15261,41,25891,0,141,20177,32,20350,46,10684,35438,73,46241,23704,122,23826,70067
2017,BDL,57854,20429,8723,1211,88217,1,151,4272,1761,6185,57855,20580,12995,2972,94402,238,34,272,94674
2017,BDR,0,2643,3566,30,6239,3,370,17081,77,17531,3,3013,20647,107,23770,22122,132,22254,46024
2017,BED,292,19691,25915,375,46273,3,2797,33292,185,36277,295,22488,59207,560,82550,46028,20,46048,128598
2017,BET,2932,8291,1067,44,12334,265,57520,6736,81,64602,3197,65811,7803,125,76936,1330,32,1362,78298
2017,BFI,9719,20170,28997,586,59472,9,9344,61039,307,70699,9728,29514,90036,893,130171,53712,299,54011,184182
2017,BFL,2363,5178,11423,279,19243,25,5466,19549,641,25681,2388,10644,30972,920,44924,14646,97,14743,59667
2017,BFM,1712,1931,4863,7164,15670,3,831,5404,5607,11845,1715,2762,10267,12771,27515,4432,30640,35072,62587
2017,BGM,7,2910,2714,140,5771,8,52,3388,69,3517,15,2962,6102,209,9288,3015,60,3075,12363
2017,BGR,5406,10019,7324,6061,28810,10,439,6525,2433,9407,5416,10458,13849,8494,38217,3374,1511,4885,43102
2017,BHM,29579,20481,29067,5197,84324,0,352,7698,1339,9389,29579,20833,36765,6536,93713,1752,588,2340,96053
2017,BIL,10836,20460,10226,689,42211,72,6080,16771,404,23327,10908,26540,26997,1093,65538,16766,470,17236,82774
2017,BIS,3312,9141,10230,522,23205,0,415,14019,2190,16624,3312,9556,24249,2712,39829,12894,1791,14685,54514
2017,BJC,10,5365,15122,274,20771,1,608,50920,813,52342,11,5973,66042,1087,73113,90411,2243,92654,165767
2017,BKL,59,5350,6223,202,11834,0,4633,10192,114,14939,59,9983,16415,316,26773,11746,52,11798,38571
2017,BKV,16,641,2985,460,4102,0,1355,18792,1803,21950,16,1996,21777,2263,26052,21167,8972,30139,56191
2017,BLI,6576,2676,5719,210,15181,0,13757,25669,243,39669,6576,16433,31388,453,54850,12882,1208,14090,68940
2017,BMG,85,974,4183,88,5330,0,22,12145,235,12402,85,996,16328,323,17732,8561,109,8670,26402
2017,BMI,3564,3096,4428,162,11250,0,1,7403,81,7485,3564,3097,11831,243,18735,5611,254,5865,24600
2017,BNA,135127,30213,27264,1684,194288,8,327,9305,1866,11506,135135,30540,36569,3550,205794,8,0,8,205802
2017,BOI,46961,6579,17064,3660,74264,93,2489,22021,4887,29490,47054,9068,39085,8547,103754,18975,2188,21163,124917
2017,BOS,321723,51817,11944,182,385666,1,17182,2679,294,20156,321724,68999,14623,476,405822,0,0,0,405822
2017,BPT,6,2077,6056,363,8502,1,287,5344,864,6496,7,2364,11400,1227,14998,6576,126,6702,21700
2017,BQN,5029,2946,1591,386,9952,35,116,10365,5398,15914,5064,3062,11956,5784,25866,11660,7073,18733,44599
2017,BRO,3343,5990,3820,1858,15011,1,1189,5090,615,6895,3344,7179,8910,2473,21906,2384,7871,10255,32161
2017,BTL,44,1309,6906,163,8422,0,242,26984,538,27764,44,1551,33890,701,36186,46498,1364,47862,84048
2017,BTR,9121,10006,17254,631,37012,1,401,11339,267,12008,9122,10407,28593,898,49020,4872,104,4976,53996
2017,BTV,11091,15163,8330,1866,36450,95,335,14139,1429,15998,11186,15498,22469,3295,52448,11917,1785,13702,66150
2017,BUF,49297,17484,7368,258,74407,4,1678,3987,96,5765,49301,19162,11355,354,80172,7088,0,7088,87260
2017,BUR,51478,18809,14162,243,84692,8,816,23268,837,24929,51486,19625,37430,1080,109621,22036,2,22038,131659
2017,BVY,0,1659,3788,15,5462,0,219,21407,78,21704,0,1878,25195,93,27166,26328,50,26378,53544
2017,BWI,216588,30429,10637,576,258230,1,319,2628,524,3472,216589,30748,13265,1100,261702,0,0,0,261702
2017,BZN,11327,8350,9556,120,29353,2,668,20379,101,21150,11329,9018,29935,221,50503,25700,32,25732,76235
2017,CAE,11938,19205,10872,1602,43617,0,137,5555,223,5915,11938,19342,16427,1825,49532,4049,956,5005,54537
2017,CAK,8731,18145,15834,839,43549,0,351,7993,925,9269,8731,18496,23827,1764,52818,16910,595,17505,70323
2017,CCR,2,3072,8099,73,11246,2,2160,40133,102,42397,4,5232,48232,175,53643,66368,33,66401,120044
2017,CDW,9,744,4639,18,5410,0,1935,35904,829,38668,9,2679,40543,847,44078,26759,109,26868,70946
2017,CGF,0,3660,5280,10,8950,0,258,5695,21,5974,0,3918,10975,31,14924,5162,20,5182,20106
2017,CHA,5663,15177,17494,5662,43996,1,186,8218,803,9208,5664,15363,25712,6465,53204,4759,1912,6671,59875
2017,CHD,0,757,5234,3,5994,17,2458,66206,94,68775,17,3215,71440,97,74769,119204,251,119455,194224
2017,CHO,6048,15911,10765,1382,34106,0,1840,15441,716,17997,6048,17751,26206,2098,52103,15567,5120,20687,72790
2017,CHS,40800,17645,20662,12566,91673,3,1508,7973,1381,10865,40803,19153,28635,13947,102538,1631,6354,7985,110523
2017,CIC,0,896,1237,174,2307,0,7675,19645,233,27553,0,8571,20882,407,29860,7282,791,8073,37933
2017,CID,12914,12505,7384,132,32935,10,32,7673,59,7774,12924,12537,15057,191,40709,8680,32,8712,49421
2017,CKB,728,1014,3081,2441,7264,5,123,3135,371,3634,733,1137,6216,2812,10898,5801,2577,8378,19276
2017,CLE,80658,32902,7874,106,121540,3,230,557,62,852,80661,33132,8431,168,122392,0,0,0,122392
2017,CLL,164,4709,8588,9394,22855,6,298,11618,1531,13453,170,5007,20206,10925,36308,7429,4302,11731,48039
2017,CLT,427832,98863,19957,929,547581,5,597,4963,671,6236,427837,99460,24920,1600,553817,0,0,0,553817
2017,CMA,0,3159,15462,245,18866,0,478,57478,417,58373,0,3637,72940,662,77239,72265,398,72663,149902
2017,CMH,80234,28066,16467,357,125124,0,770,3402,143,4315,80234,28836,19869,500,129439,7,0,7,129446
2017,CMI,118,7924,4677,101,12820,0,3191,6473,116,9780,118,11115,11150,217,22600,22017,34,22051,44651
2017,CNO,26,292,15251,116,15685,0,91,55993,330,56414,26,383,71244,446,72099,130089,902,130991,203090
2017,CNW,0,26,2945,3935,6906,4,28,17722,699,18453,4,54,20667,4634,25359,63260,9892,73152,98511
2017,COS,14790,12063,10874,7080,44807,53,1227,17849,6620,25749,14843,13290,28723,13700,70556,36579,28043,64622,135178
2017,COU,1251,2419,4764,249,8683,0,862,6448,344,7654,1251,3281,11212,593,16337,4837,606,5443,21780
2017,CPR,2130,8763,5247,286,16426,32,613,8694,110,9449,2162,9376,13941,396,25875,3520,203,3723,29598
2017,CPS,143,2160,9428,366,12097,5,7574,18164,261,26004,148,9734,27592,627,38101,59499,33,59532,97633
2017,CRE,0,503,6005,413,6921,0,5820,9936,483,16239,0,6323,15941,896,23160,12568,244,12812,35972
2017,CRG,24,2183,20392,145,22744,14,194,35076,8720,44004,38,2377,55468,8865,66748,66823,334,67157,133905
2017,CRP,7557,6459,8955,26164,49135,2,964,6891,3704,11561,7559,7423,15846,29868,60696,2006,34324,36330,97026
2017,CRQ,399,6691,38255,359,45704,0,280,49208,130,49618,399,6971,87463,489,95322,65483,82,65565,160887
2017,CRW,1216,14167,5967,2252,23602,0,1193,5250,1239,7682,1216,15360,11217,3491,31284,2482,2211,4693,35977
2017,CSG,288,2379,5217,248,8132,18,136,6527,274,6955,306,2515,11744,522,15087,8352,176,8528,23615
2017,CVG,112617,31544,4782,60,149003,35,239,1114,72,1460,112652,31783,5896,132,150463,0,0,0,150463
2017,CWA,117,8046,1249,24,9436,0,96,1942,31,2069,117,8142,3191,55,11505,837,82,919,12424
2017,CWF,36,394,2050,7138,9618,0,831,2753,1324,4908,36,1225,4803,8462,14526,1488,5249,6737,21263
2017,CXO,0,1433,11331,744,13508,0,628,23833,2156,26617,0,2061,35164,2900,40125,17732,974,18706,58831
2017,CXY,1,623,4192,225,5041,0,83,9617,844,10544,1,706,13809,1069,15585,7484,1194,8678,24263
2017,CYS,112,1714,4813,2147,8786,38,130,1667,545,2380,150,1844,6480,2692,11166,15628,19152,34780,45946
2017,DAB,6470,27558,19896,595,54519,0,84730,26246,501,111477,6470,112288,46142,1096,165996,142589,28,142617,308613
2017,DAL,139409,26693,51500,810,218412,0,1610,7235,276,9121,139409,28303,58735,1086,227533,0,0,0,227533
2017,DAY,18343,19560,8548,178,46629,0,150,2900,87,3137,18343,19710,11448,265,49766,603,22,625,50391
2017,DBQ,26,2062,5312,31,7431,1,24,17929,52,18006,27,2086,23241,83,25437,30980,68,31048,56485
2017,DCA,240069,51944,3485,472,295970,1,186,431,2772,3390,240070,52130,3916,3244,299360,0,0,0,299360
2017,DEC,3,4201,2461,706,7371,1,62,8862,2814,11739,4,4263,11323,3520,19110,15250,6306,21556,40666
2017,DEN,461990,115805,3597,51,581443,2,500,523,18,1043,461992,116305,4120,69,582486,0,0,0,582486
2017,DET,0,1836,5490,29,7355,0,39,11538,143,11720,0,1875,17028,172,19075,18013,176,18189,37264
2017,DFW,569662,77057,5773,76,652568,12,580,1115,69,1776,569674,77637,6888,145,654344,0,0,0,654344
2017,DHN,2233,889,7852,13607,24581,11,142,8710,5010,13873,2244,1031,16562,18617,38454,11389,26105,37494,75948
2017,DLH,1193,7116,11099,2143,21551,1,1060,14459,303,15823,1194,8176,25558,2446,37374,25069,1728,26797,64171
2017,DPA,14,4749,15673,98,20534,0,70,26213,179,26462,14,4819,41886,277,46996,44623,48,44671,91667
2017,DSM,30874,8053,16157,969,56053,40,795,7770,390,8995,30914,8848,23927,1359,65048,4459,611,5070,70118
2017,DTN,0,125,6197,9,6331,0,178,14980,76,15234,0,303,21177,85,21565,17594,20,17614,39179
2017,DTO,16,1809,9600,82,11507,0,123,50904,76,51103,16,1932,60504,158,62610,62949,49,62998,125608
2017,DTS,0,209,731,49,989,4,10,455,84,553,4,219,1186,133,1542,456,182,638,2180
2017,DTW,302112,87044,5449,77,394682,6,21,635,13,675,302118,87065,6084,90,395357,0,0,0,395357
2017,DVT,12,1471,7872,37,9392,0,3199,123950,86,127235,12,4670,131822,123,136627,242139,11,242150,378777
2017,DWH,4,2594,14557,726,17881,0,1072,40119,458,41649,4,3666,54676,1184,59530,49643,142,49785,109315
2017,DXR,2,683,1875,4,2564,0,1755,24339,67,26161,2,2438,26214,71,28725,20288,70,20358,49083
2017,EAU,62,1292,6509,73,7936,0,1050,7031,261,8342,62,2342,13540,334,16278,3761,110,3871,20149
2017,ECP,7958,4903,14431,5635,32927,0,217,10363,752,11332,7958,5120,24794,6387,44259,11870,10312,22182,66441
2017,EGE,3630,8497,9792,127,22046,7,49,5970,2533,8559,3637,8546,15762,2660,30605,5246,1351,6597,37202
2017,ELM,3546,2879,4744,50,11219,0,57,1633,30,1720,3546,2936,6377,80,12939,5007,52,5059,17998
2017,ELP,35909,10764,7390,2526,56589,7,2632,14028,1643,18310,35916,13396,21418,4169,74899,9659,8546,18205,93104
2017,EMT,1,63,3049,13,3126,0,29,31990,48,32067,1,92,35039,61,35193,47965,25,47990,83183
2017,ENA,78,10224,543,148,10993,421,13367,5714,159,19661,499,23591,6257,307,30654,8188,1766,9954,40608
2017,ENW,0,3335,3628,7,6970,0,90,18859,13,18962,0,3425,22487,20,25932,22744,46,22790,48722
2017,ERI,16,6188,3809,180,10193,0,53,5174,104,5331,16,6241,8983,284,15524,8216,236,8452,23976
2017,ESN,0,1366,4497,113,5976,0,1677,15497,4450,21624,0,3043,19994,4563,27600,28069,16302,44371,71971
2017,EUG,12984,3593,7364,2035,25976,58,415,14136,340,14949,13042,4008,21500,2375,40925,18913,1795,20708,61633
2017,EVB,0,1637,8373,40,10050,0,7,43567,175,43749,0,1644,51940,215,53799,110358,510,110868,164667
2017,EVV,1846,9893,6352,1171,19262,0,664,5385,142,6191,1846,10557,11737,1313,25453,6863,925,7788,33241
2017,EWB,6,1952,4381,139,6478,0,3445,17409,172,21026,6,5397,21790,311,27504,27261,592,27853,55357
2017,EWN,604,6551,3289,274,10718,0,121,13076,212,13409,604,6672,16365,486,24127,13777,604,14381,38508
2017,EWR,338752,89934,4830,107,433623,3,2376,7389,258,10026,338755,92310,12219,365,443649,0,0,0,443649
2017,EYW,15219,3573,9370,222,28384,38,1093,18067,358,19556,15257,4666,27437,580,47940,1480,44,1524,49464
2017,FAI,12007,14027,5104,1089,32227,17,16282,32743,875,49917,12024,30309,37847,1964,82144,32795,411,33206,115350
2017,FAR,7361,21086,13601,548,42596,1,1919,10158,825,12903,7362,23005,23759,1373,55499,27868,1768,29636,85135
2017,FAT,17535,9059,9120,2378,38092,5,6026,27694,3537,37262,17540,15085,36814,5915,75354,8433,1804,10237,85591
2017,FAY,3234,6485,5461,1768,16948,3,461,6586,299,7349,3237,6946,12047,2067,24297,5871,1898,7769,32066
2017,FCM,9,2318,19438,42,21807,0,202,29863,70,30135,9,2520,49301,112,51942,38686,207,38893,90835
2017,FDK,5,920,4097,116,5138,1,1630,29441,726,31798,6,2550,33538,842,36936,35116,510,35626,72562
2017,FFZ,8,3954,3722,21,7705,1,61714,48032,3672,113419,9,65668,51754,3693,121124,169952,381,170333,291457
2017,FIN,0,133,3893,39,4065,0,52,31150,583,31785,0,185,35043,622,35850,93667,1754,95421,131271
2017,FLG,2317,2518,2406,338,7579,68,8107,17983,395,26553,2385,10625,20389,733,34132,8420,279,8699,42831
2017,FLL,240352,30702,26058,365,297477,102,2953,11917,314,15286,240454,33655,37975,679,312763,0,0,0,312763
2017,FLO,22,2993,3908,580,7503,225,428,4482,186,5321,247,3421,8390,766,12824,3364,780,4144,16968
2017,FMN,1,4172,1502,107,5782,0,3079,10035,415,13529,1,7251,11537,522,19311,15132,890,16022,35333
2017,FMY,30,2662,14174,42,16908,0,206,37265,24,37495,30,2868,51439,66,54403,39473,28,39501,93904
2017,FNT,5585,6771,7037,142,19535,4,393,7064,432,7893,5589,7164,14101,574,27428,4366,0,4366,31794
2017,FOE,173,193,2352,2471,5189,0,115,2015,1421,3551,173,308,4367,3892,8740,667,2790,3457,12197
2017,FOK,1,4602,7757,492,12852,0,290,17867,2104,20261,1,4892,25624,2596,33113,10791,7575,18366,51479
2017,FPR,3,1048,22853,64,23968,0,1487,54133,74,55694,3,2535,76986,138,79662,78139,2,78141,157803
2017,FRG,83,8692,15419,53,24247,0,760,82236,45,83041,83,9452,97655,98,107288,96492,12,96504,203792
2017,FSD,11391,26848,14473,2860,55572,1,1231,7226,200,8658,11392,28079,21699,3060,64230,6808,2183,8991,73221
2017,FSM,2912,1649,6419,4810,15790,0,385,7589,1392,9366,2912,2034,14008,6202,25156,10519,4873,15392,40548
2017,FTG,0,186,6312,22,6520,0,253,25373,526,26152,0,439,31685,548,32672,47583,1650,49233,81905
2017,FTW,189,9559,26731,701,37180,3,1871,42280,340,44494,192,11430,69011,1041,81674,81008,384,81392,163066
2017,FTY,0,2545,17985,91,20621,0,71,9321,18,9410,0,2616,27306,109,30031,19515,36,19551,49582
2017,FUL,0,21,6212,9,6242,0,142,35952,68,36162,0,163,42164,77,42404,23026,20,23046,65450
2017,FWA,5769,12605,6646,918,25938,1,68,5260,1131,6460,5770,12673,11906,2049,32398,4637,411,5048,37446
2017,FWS,0,315,3316,9,3640,0,163,21129,369,21661,0,478,24445,378,25301,37199,168,37367,62668
2017,FXE,32,13507,38314,81,51934,73,2606,83203,93,85975,105,16113,121517,174,137909,41112,2,41114,179023
2017,FYV,62,1208,4451,312,6033,0,126,7862,294,8282,62,1334,12313,606,14315,7635,1034,8669,22984
2017,GCK,21,2928,3806,445,7200,1,636,5743,408,6788,22,3564,9549,853,13988,1768,945,2713,16701
2017,GCN,9,1137,662,261,2069,3,102537,2518,218,105276,12,103674,3180,479,107345,942,349,1291,108636
2017,GEG,40858,7822,4655,761,54096,93,148,3013,476,3730,40951,7970,7668,1237,57826,5299,676,5975,63801
2017,GEU,0,276,1046,8,1330,1,118,24006,30,24155,1,394,25052,38,25485,49426,94,49520,75005
2017,GFK,1029,34292,5982,125,41428,0,71423,6652,53,78128,1029,105715,12634,178,119556,212321,4,212325,331881
2017,GGG,13,3365,8139,3343,14860,0,5136,5928,398,11462,13,8501,14067,3741,26322,21419,1810,23229,49551
2017,GJT,5386,8548,4678,1233,19845,5,534,14413,373,15325,5391,9082,19091,1606,35170,8459,646,9105,44275
2017,GKY,36,901,7334,20,8291,0,30,33150,82,33262,36,931,40484,102,41553,43007,34,43041,84594
2017,GLH,29,1229,1027,1118,3403,1,21,3453,259,3734,30,1250,4480,1377,7137,1424,12220,13644,20781
2017,GLS,1,1652,3772,388,5813,0,5920,11370,473,17763,1,7572,15142,861,23576,5760,521,6281,29857
2017,GMU,0,8296,4593,73,12962,3,3736,19968,671,24378,3,12032,24561,744,37340,14774,304,15078,52418
2017,GNV,2478,7691,12023,2635,24827,2,520,21083,925,22530,2480,8211,33106,3560,47357,10438,1776,12214,59571
2017,GON,1,1087,6102,413,7603,0,645,19841,1363,21849,1,1732,25943,1776,29452,13317,975,14292,43744
2017,GPI,4218,5278,4480,348,14324,0,212,6287,686,7185,4218,5490,10767,1034,21509,3652,1056,4708,26217
2017,GPM,0,143,1639,33,1815,0,43,30859,704,31606,0,186,32498,737,33421,54607,3063,57670,91091
2017,GPT,6748,3704,4795,16598,31845,25,306,4520,2544,7395,6773,4010,9315,19142,39240,3675,3751,7426,46666
2017,GRB,4212,9725,10724,829,25490,0,68,8851,85,9004,4212,9793,19575,914,34494,9972,892,10864,45358
2017,GRI,892,2274,2508,250,5924,0,137,3758,973,4868,892,2411,6266,1223,10792,3241,582,3823,14615
2017,GRR,25542,15989,16952,356,58839,4,799,8167,91,9061,25546,16788,25119,447,67900,14080,452,14532,82432
2017,GSN,7514,4678,2289,66,14547,0,21354,76471,228,98053,7514,26032,78760,294,112600,202,16,218,112818
2017,GSO,20895,26432,14675,1614,63616,5,601,10216,315,11137,20900,27033,24891,1929,74753,7135,823,7958,82711
2017,GSP,21046,13708,5708,1458,41920,7,307,2075,519,2908,21053,14015,7783,1977,44828,247,353,600,45428
2017,GTF,3756,10480,3647,1836,19719,14,451,4095,1508,6068,3770,10931,7742,3344,25787,4685,1951,6636,32423
2017,GTR,58,2491,2360,9670,14579,0,884,8026,5783,14693,58,3375,10386,15453,29272,5336,15280,20616,49888
2017,GTU,0,629,8412,64,9105,0,300,39499,76,39875,0,929,47911,140,48980,55088,249,55337,104317
2017,GUM,22434,3858,3378,195,29865,67,2,27009,436,27514,22501,3860,30387,631,57379,15958,328,16286,73665
2017,GYH,0,3272,1196,969,5437,0,4698,7423,2381,14502,0,7970,8619,3350,19939,8768,2380,11148,31087
2017,GYR,198,283,2327,16,2824,1,4925,37787,2692,45405,199,5208,40114,2708,48229,62245,689,62934,111163
2017,GYY,416,966,7994,171,9547,11,143,6327,926,7407,427,1109,14321,1097,16954,5292,1280,6572,23526
2017,HEF,2,4433,14727,283,19445,0,5299,21429,358,27086,2,9732,36156,641,46531,37302,78,37380,83911
2017,HFD,0,395,2889,19,3303,1,84,22530,65,22680,1,479,25419,84,25983,15593,83,15676,41659
2017,HGR,322,2609,3978,1198,8107,0,1419,17622,4940,23981,322,4028,21600,6138,32088,18152,1534,19686,51774
2017,HHR,1,6473,3987,9,10470,4,5455,34535,235,40229,5,11928,38522,244,50699,28570,29,28599,79298
2017,HIO,2,4304,14342,80,18728,0,136,63632,66,63834,2,4440,77974,146,82562,128189,70,128259,210821
2017,HKS,0,944,4821,590,6355,0,897,4245,1294,6436,0,1841,9066,1884,12791,9674,3474,13148,25939
2017,HKY,12,2718,2503,142,5375,0,1242,9948,569,11759,12,3960,12451,711,17134,7174,154,7328,24462
2017,HLG,0,951,633,466,2050,0,3876,6161,2801,12838,0,4827,6794,3267,14888,3684,10114,13798,28686
2017,HLN,1998,3584,2392,372,8346,505,2098,13110,3788,19501,2503,5682,15502,4160,27847,14802,2337,17139,44986
2017,HND,0,2501,11901,32,14434,0,23116,28050,200,51366,0,25617,39951,232,65800,12112,0,12112,77912
2017,HNL,165472,33935,8209,11998,219614,22,60135,30232,1754,92143,165494,94070,38441,13752,311757,55,45,100,311857
2017,HOB,0,1293,1173,79,2545,0,577,3876,78,4531,0,1870,5049,157,7076,1097,16,1113,8189
2017,HOU,119121,24356,42608,282,186367,1,1124,14663,695,16483,119122,25480,57271,977,202850,0,0,0,202850
2017,HPN,15682,49079,40655,43,105459,0,9241,36262,86,45589,15682,58320,76917,129,151048,18232,0,18232,169280
2017,HQZ,0,246,3295,1,3542,0,429,27127,20,27576,0,675,30422,21,31118,33911,14,33925,65043
2017,HRL,7381,1195,2932,2087,13595,3,123,6715,423,7264,7384,1318,9647,2510,20859,6155,9790,15945,36804
2017,HSA,3,161,1312,7964,9440,0,59,6599,4174,10832,3,220,7911,12138,20272,6599,10426,17025,37297
2017,HSV,11459,10025,6414,9942,37840,43,78,6276,1789,8186,11502,10103,12690,11731,46026,3272,14717,17989,64015
2017,HTS,1911,3622,2573,205,8311,0,157,1998,210,2365,1911,3779,4571,415,10676,669,198,867,11543
2017,HUF,19,280,5762,342,6403,5,682,16163,120,16970,24,962,21925,462,23373,26881,190,27071,50444
2017,HUM,0,7030,3851,41,10922,0,32464,8574,75,41113,0,39494,12425,116,52035,4767,42,4809,56844
2017,HUT,0,327,3172,970,4469,0,717,6740,385,7842,0,1044,9912,1355,12311,15048,1610,16658,28969
2017,HVN,2,4575,3670,108,8355,0,2243,6019,212,8474,2,6818,9689,320,16829,8700,254,8954,25783
2017,HWD,5,950,8233,81,9269,0,294,34194,457,34945,5,1244,42427,538,44214,57830,15,57845,102059
2017,HWO,0,18,4225,1,4244,0,2,70390,6,70398,0,20,74615,7,74642,151718,16,151734,226376
2017,HXD,1,5073,8806,228,14108,1,104,12585,202,12892,2,5177,21391,430,27000,2434,365,2799,29799
2017,HYA,185,12136,5778,30,18129,191,34441,20587,134,55353,376,46577,26365,164,73482,7061,60,7121,80603
2017,HYI,6,774,12814,178,13772,0,74,25472,202,25748,6,848,38286,380,39520,26093,314,26407,65927
2017,IAD,180318,74715,37478,247,292758,6,121,1136,45,1308,180324,74836,38614,292,294066,0,0,0,294066
2017,IAG,1631,468,3673,1524,7296,0,37,5901,394,6332,1631,505,9574,1918,13628,2842,729,3571,17199
2017,IAH,337458,99810,9909,191,447368,548,381,1760,266,2955,338006,100191,11669,457,450323,0,0,0,450323
2017,ICT,15867,20371,27076,15462,78776,12,1800,14149,460,16421,15879,22171,41225,15922,95197,7433,8951,16384,111581
2017,IDA,1213,7667,933,118,9931,34,3048,9271,148,12501,1247,10715,10204,266,22432,6573,139,6712,29144
2017,IFP,2249,159,430,44,2882,9,1641,4749,172,6571,2258,1800,5179,216,9453,588,24,612,10065
2017,ILG,17,3579,9452,1322,14370,0,632,11596,2254,14482,17,4211,21048,3576,28852,10072,2329,12401,41253
2017,ILM,7278,9828,15419,5271,37796,0,251,8590,1188,10029,7278,10079,24009,6459,47825,7807,2198,10005,57830
2017,IND,123867,20565,12813,644,157889,6,147,1897,183,2233,123873,20712,14710,827,160122,0,0,0,160122
2017,INT,70,6073,6214,157,12514,0,1900,16255,669,18824,70,7973,22469,826,31338,14165,319,14484,45822
2017,IPT,9,2235,2280,61,4585,0,854,7490,196,8540,9,3089,9770,257,13125,5920,34,5954,19079
2017,ISM,2,2587,22376,53,25018,0,1169,32030,8,33207,2,3756,54406,61,58225,33593,0,33593,91818
2017,ISO,39,345,2518,2792,5694,1,1348,2690,659,4698,40,1693,5208,3451,10392,3905,7243,11148,21540
2017,ISP,9824,4392,11569,382,26167,0,2945,36149,1160,40254,9824,7337,47718,1542,66421,60163,645,60808,127229
2017,ITH,6,6588,2993,9,9596,0,174,6036,22,6232,6,6762,9029,31,15828,14276,53,14329,30157
2017,ITO,16520,2546,1054,1563,21683,7,43226,12050,1290,56573,16527,45772,13104,2853,78256,10456,2699,13155,91411
2017,IWA,11483,8128,20552,1473,41636,20,30074,46177,1696,77967,11503,38202,66729,3169,119603,166519,4334,170853,290456
2017,IXD,6,1997,7288,474,9765,0,363,17446,607,18416,6,2360,24734,1081,28181,26980,338,27318,55499
2017,JAC,7466,7853,7569,104,22992,18,235,3834,153,4240,7484,8088,11403,257,27232,1722,35,1757,28989
2017,JAN,9119,9531,6823,7769,33242,0,759,1267,460,2486,9119,10290,8090,8229,35728,954,20463,21417,57145
2017,JAX,57388,11870,11179,3830,84267,0,491,2544,1205,4240,57388,12361,13723,5035,88507,927,4314,5241,93748
2017,JEF,3,448,4739,398,5588,0,760,10288,1786,12834,3,1208,15027,2184,18422,11414,1828,13242,31664
2017,JFK,414121,28818,3654,231,446824,1,1601,4760,149,6511,414122,30419,8414,380,453335,0,0,0,453335
2017,JLN,893,826,3687,61,5467,0,425,8268,124,8817,893,1251,11955,185,14284,8646,34,8680,22964
2017,JNU,8705,2763,1253,103,12824,310,58832,9736,281,69159,9015,61595,10989,384,81983,2659,120,2779,84762
2017,JQF,2634,2545,11882,94,17155,14,3210,23806,583,27613,2648,5755,35688,677,44768,25964,90,26054,70822
2017,JRF,4,17,505,1258,1784,34,7,15884,4240,20165,38,24,16389,5498,21949,91082,14852,105934,127883
2017,JVL,4,5003,1866,41,6914,0,238,11252,66,11556,4,5241,13118,107,18470,13838,298,14136,32606
2017,JXN,0,232,2427,91,2750,0,240,16745,207,17192,0,472,19172,298,19942,15293,56,15349,35291
2017,KOA,32094,4846,2917,2029,41886,88,18674,15652,1384,35798,32182,23520,18569,3413,77684,32832,3431,36263,113947
2017,LAF,89,670,4373,35,5167,7,255,35229,76,35567,96,925,39602,111,40734,68871,15,68886,109620
2017,LAL,13,1149,17104,1011,19277,1,22,45807,239,46069,14,1171,62911,1250,65346,49858,1449,51307,116653
2017,LAN,2377,14796,7719,1013,25905,0,110,4542,173,4825,2377,14906,12261,1186,30730,2722,47,2769,33499
2017,LAS,362896,27859,38300,814,429869,2,108118,4591,414,113125,362898,135977,42891,1228,542994,0,0,0,542994
2017,LAW,507,1507,2395,13027,17436,7,18,5224,480,5729,514,1525,7619,13507,23165,3615,626,4241,27406
2017,LAX,645391,34931,17547,329,698198,14,40,1910,200,2164,645405,34971,19457,529,700362,0,0,0,700362
2017,LBB,13155,12197,13261,4953,43566,0,4694,11627,714,17035,13155,16891,24888,5667,60601,13283,3750,17033,77634
2017,LBE,2020,4266,3044,375,9705,0,203,8419,312,8934,2020,4469,11463,687,18639,7028,388,7416,26055
2017,LCH,231,3791,4184,811,9017,0,3885,4271,63,8219,231,7676,8455,874,17236,3785,43,3828,21064
2017,LEB,0,5554,3128,65,8747,0,4561,9696,255,14512,0,10115,12824,320,23259,9388,222,9610,32869
2017,LEE,0,350,10572,43,10965,0,684,20256,53,20993,0,1034,30828,96,31958,27150,38,27188,59146
2017,LEX,12317,16644,16811,1163,46935,0,2404,15087,564,18055,12317,19048,31898,1727,64990,6959,353,7312,72302
2017,LFT,4700,6168,10776,710,22354,0,9085,6854,102,16041,4700,15253,17630,812,38395,5922,314,6236,44631
2017,LGA,308820,51247,3165,147,363379,0,300,2228,111,2639,308820,51547,5393,258,366018,0,0,0,366018
2017,LGB,35992,2944,24739,539,64214,4,3791,78584,307,82686,35996,6735,103323,846,146900,155450,10,155460,302360
2017,LIH,28187,3567,1435,1558,34747,572,73903,4934,718,80127,28759,77470,6369,2276,114874,14261,437,14698,129572
2017,LIT,21618,12177,22651,7653,64099,2,456,11487,812,12757,21620,12633,34138,8465,76856,4519,12734,17253,94109
2017,LMT,7,2601,1894,5295,9797,2,2025,10896,3550,16473,9,4626,12790,8845,26270,13711,7076,20787,47057
2017,LNK,1479,10065,10573,6104,28221,1,628,12494,1253,14376,1480,10693,23067,7357,42597,12590,3009,15599,58196
2017,LNS,8,4693,9107,789,14597,0,434,32270,620,33324,8,5127,41377,1409,47921,34246,2166,36412,84333
2017,LOU,1,305,7819,82,8207,0,2043,33892,270,36205,1,2348,41711,352,44412,50258,56,50314,94726
2017,LRD,5983,9160,7463,2418,25024,0,55,8833,763,9651,5983,9215,16296,3181,34675,19875,30928,50803,85478
2017,LSE,251,4508,2671,173,7603,2,486,5414,128,6030,253,4994,8085,301,13633,4449,334,4783,18416
2017,LUK,22,11696,19676,291,31685,1,2540,19879,280,22700,23,14236,39555,571,54385,23263,132,23395,77780
2017,LVK,1,1533,7604,51,9189,0,40,46211,82,46333,1,1573,53815,133,55522,75012,122,75134,130656
2017,LWB,1551,3384,6040,211,11186,0,1204,3340,367,4911,1551,4588,9380,578,16097,2567,315,2882,18979
2017,LWM,0,516,2917,17,3450,0,98,18097,22,18217,0,614,21014,39,21667,15194,32,15226,36893
2017,LWS,1787,2342,1758,64,5951,0,1606,12195,66,13867,1787,3948,13953,130,19818,8792,174,8966,28784
2017,LYH,301,4682,7165,436,12584,0,602,29756,369,30727,301,5284,36921,805,43311,47202,398,47600,90911
2017,LZU,0,4109,11301,55,15465,0,713,32817,69,33599,0,4822,44118,124,49064,45303,8,45311,94375
2017,MAF,11752,8600,14768,6079,41199,5,115,8261,756,9137,11757,8715,23029,6835,50336,5230,6777,12007,62343
2017,MBS,837,6353,5905,137,13232,13,91,3271,484,3859,850,6444,9176,621,17091,3181,86,3267,20358
2017,MCI,114328,4563,2672,447,122010,5,234,738,117,1094,114333,4797,3410,564,123104,140,113,253,123357
2017,MCN,201,859,6157,404,7621,8,57,4238,287,4590,209,916,10395,691,12211,1788,66,1854,14065
2017,MCO,306148,15413,13742,410,335713,64,191,2179,123,2557,306212,15604,15921,533,338270,8,0,8,338278
2017,MDH,8,953,655,4,1620,0,22641,4584,63,27288,8,23594,5239,67,28908,51765,14,51779,80687
2017,MDT,13015,16057,5142,3073,37287,13,238,3698,1027,4976,13028,16295,8840,4100,42263,4202,3680,7882,50145
2017,MDW,186401,26603,29886,183,243073,1,1507,5838,922,8268,186402,28110,35724,1105,251341,0,0,0,251341
2017,MEI,4,2087,5620,19885,27596,0,968,6425,2495,9888,4,3055,12045,22380,37484,5332,17183,22515,59999
2017,MEM,184955,15398,18735,1726,220814,1,97,1996,269,2363,184956,15495,20731,1995,223177,89,91,180,223357
2017,MER,1,94,1789,306,2190,3,783,8856,367,10009,4,877,10645,673,12199,8840,594,9434,21633
2017,MFD,10,448,3890,1401,5749,0,185,5763,793,6741,10,633,9653,2194,12490,3386,1114,4500,16990
2017,MFE,7949,3087,10025,5837,26898,10,9,16441,357,16817,7959,3096,26466,6194,43715,10362,1282,11644,55359
2017,MFR,9255,6017,5483,306,21061,112,2012,10512,127,12763,9367,8029,15995,433,33824,4229,206,4435,38259
2017,MGM,1365,6909,8852,17421,34547,0,857,7065,3117,11039,1365,7766,15917,20538,45586,11644,13669,25313,70899
2017,MGW,0,5082,4189,609,9880,0,16998,7528,1339,25865,0,22080,11717,1948,35745,14965,654,15619,51364
2017,MHK,1013,1979,2652,430,6074,0,195,6313,402,6910,1013,2174,8965,832,12984,10711,506,11217,24201
2017,MHR,3448,4346,7187,2957,17938,3459,11375,27958,5502,48294,6907,15721,35145,8459,66232,22770,10613,33383,99615
2017,MHT,21240,14794,5127,508,41669,1,1815,5270,85,7171,21241,16609,10397,593,48840,2772,104,2876,51716
2017,MIA,356242,35805,14202,1100,407349,1634,368,3847,89,5938,357876,36173,18049,1189,413287,0,0,0,413287
2017,MIC,9,36,2681,15,2741,0,460,15572,53,16085,9,496,18253,68,18826,15347,50,15397,34223
2017,MIE,15,85,3121,19,3240,0,364,16887,278,17529,15,449,20008,297,20769,10716,326,11042,31811
2017,MKC,188,13227,18484,314,32213,44,1936,24851,605,27436,232,15163,43335,919,59649,14260,86,14346,73995
2017,MKE,61644,35145,9127,1863,107779,3,584,2695,196,3478,61647,35729,11822,2059,111257,889,199,1088,112345
2017,MKG,36,2018,5286,156,7496,1,55,8170,453,8679,37,2073,13456,609,16175,10107,209,10316,26491
2017,MKK,37,7633,457,242,8369,295,25716,2265,130,28406,332,33349,2722,372,36775,1312,535,1847,38622
2017,MKL,0,1548,3677,218,5443,0,32,6119,939,7090,0,1580,9796,1157,12533,2769,1252,4021,16554
2017,MLB,4193,2916,22590,346,30045,1,1345,33513,202,35061,4194,4261,56103,548,65106,26692,247,26939,92045
2017,MLI,5798,9092,5880,253,21023,0,17,4817,81,4915,5798,9109,10697,334,25938,5229,260,5489,31427
2017,MLU,584,5883,8633,5686,20786,0,90,4807,516,5413,584,5973,13440,6202,26199,100,78,178,26377
2017,MMU,22,10992,19604,103,30721,0,514,19559,137,20210,22,11506,39163,240,50931,24421,14,24435,75366
2017,MOB,3454,10398,3234,25569,42655,0,287,2647,9204,12138,3454,10685,5881,34773,54793,2896,18414,21310,76103
2017,MOD,1,2620,5266,87,7974,0,9210,16344,43,25597,1,11830,21610,130,33571,10843,61,10904,44475
2017,MOT,891,6161,3551,152,10755,2,815,5232,336,6385,893,6976,8783,488,17140,7237,1556,8793,25933
2017,MQY,265,3051,12857,1056,17229,2,1691,20872,1642,24207,267,4742,33729,2698,41436,34316,1702,36018,77454
2017,MRI,0,1527,1621,5,3153,0,13217,52684,132,66033,0,14744,54305,137,69186,57316,11,57327,126513
2017,MRY,3673,11124,12441,1302,28540,0,8391,17365,1245,27001,3673,19515,29806,2547,55541,42009,5664,47673,103214
2017,MSN,18782,11357,14245,2508,46892,1,407,16782,982,18172,18783,11764,31027,3490,65064,18235,230,18465,83529
2017,MSO,7495,4510,4595,200,16800,0,1149,10549,80,11778,7495,5659,15144,280,28578,6677,147,6824,35402
2017,MSP,319275,82771,10976,1964,414986,3,90,545,79,717,319278,82861,11521,2043,415703,0,0,0,415703
2017,MSY,110593,7175,9579,609,127956,0,2729,2010,381,5120,110593,9904,11589,990,133076,0,0,0,133076
2017,MTN,0,2019,9088,988,12095,0,323,31298,877,32498,0,2342,40386,1865,44593,33053,628,33681,78274
2017,MVY,870,8383,4926,166,14345,0,6442,13416,146,20004,870,14825,18342,312,34349,886,92,978,35327
2017,MWA,19,4054,586,161,4820,1,4229,8073,349,12652,20,8283,8659,510,17472,33392,312,33704,51176
2017,MWC,0,104,2397,3,2504,2,393,10194,19,10608,2,497,12591,22,13112,14592,26,14618,27730
2017,MWH,5279,1345,4347,3821,14792,2187,922,11416,2140,16665,7466,2267,15763,5961,31457,30495,6634,37129,68586
2017,MYF,2,2105,26752,613,29472,0,3613,72992,210,76815,2,5718,99744,823,106287,100683,133,100816,207103
2017,MYR,20797,3187,6863,3375,34222,12,73241,7333,499,81085,20809,76428,14196,3874,115307,4982,1920,6902,122209
2017,NEW,3,3719,19067,1975,24764,0,853,15452,1267,17572,3,4572,34519,3242,42336,14601,1253,15854,58190
2017,NQA,16,241,3926,1361,5544,1,56,9903,343,10303,17,297,13829,1704,15847,13383,3104,16487,32334
2017,OAK,129757,22027,19299,252,171335,7,2335,22269,1315,25926,129764,24362,41568,1567,197261,38379,988,39367,236628
2017,OCF,46,1163,13563,448,15220,0,46,26495,118,26659,46,1209,40058,566,41879,18050,164,18214,60093
2017,OGD,292,671,6707,109,7779,0,2817,32327,268,35412,292,3488,39034,377,43191,32661,246,32907,76098
2017,OGG,55216,7449,2297,819,65781,76,64635,7725,602,73038,55292,72084,10022,1421,138819,8488,79,8567,147386
2017,OJC,0,821,7143,32,7996,0,13,14385,15,14413,0,834,21528,47,22409,14535,106,14641,37050
2017,OKC,49170,6353,12965,22279,90767,17,2017,6006,2530,10570,49187,8370,18971,24809,101337,1770,14411,16181,117518
2017,OLM,1,358,5065,259,5683,0,643,15306,176,16125,1,1001,20371,435,21808,18239,380,18619,40427
2017,OLV,6,3877,4640,74,8597,0,1813,18521,338,20672,6,5690,23161,412,29269,30469,328,30797,60066
2017,OMA,50279,19712,13025,1782,84798,2,351,3840,492,4685,50281,20063,16865,2274,89483,5831,1322,7153,96636
2017,OMN,0,12,9341,7,9360,0,0,48637,0,48637,0,12,57978,7,57997,42643,8,42651,100648
2017,ONT,61497,16148,5465,91,83201,5,1156,6503,240,7904,61502,17304,11968,331,91105,6273,2,6275,97380
2017,OPF,23,10485,39858,1307,51673,0,1022,37585,4316,42923,23,11507,77443,5623,94596,32806,4142,36948,131544
2017,ORD,632595,228314,5303,74,866286,8,41,684,30,763,632603,228355,5987,104,867049,0,0,0,867049
2017,ORF,29366,24611,11413,323,65713,24,90,5796,244,6154,29390,24701,17209,567,71867,1013,110,1123,72990
2017,ORH,1405,998,3908,327,6638,59,487,11910,253,12709,1464,1485,15818,580,19347,8380,310,8690,28037
2017,ORL,7,5340,21596,60,27003,0,953,33284,75,34312,7,6293,54880,135,61315,38592,25,38617,99932
2017,OSH,0,1843,4302,43,6188,0,121,33546,99,33766,0,1964,37848,142,39954,22936,62,22998,62952
2017,OSU,3,3569,8313,38,11923,0,13666,24429,146,38241,3,17235,32742,184,50164,36816,160,36976,87140
2017,OTH,67,2945,1583,267,4862,1,917,2259,2871,6048,68,3862,3842,3138,10910,960,3262,4222,15132
2017,OUN,0,547,5263,224,6034,2,130,21684,424,22240,2,677,26947,648,28274,20271,162,20433,48707
2017,OWB,215,2552,2692,1045,6504,0,181,5680,608,6469,215,2733,8372,1653,12973,4425,1001,5426,18399
2017,OWD,0,1926,3256,20,5202,2,5257,32196,154,37609,2,7183,35452,174,42811,24188,124,24312,67123
2017,OXC,0,2450,3474,57,5981,0,1634,16363,1343,19340,0,4084,19837,1400,25321,15919,381,16300,41621
2017,OXR,0,1269,6218,92,7579,0,3360,19148,95,22603,0,4629,25366,187,30182,36594,156,36750,66932
2017,PAE,3587,1048,10412,299,15346,97,143,38235,43,38518,3684,1191,48647,342,53864,54223,263,54486,108350
2017,PAH,0,2609,3644,314,6567,0,853,10233,607,11693,0,3462,13877,921,18260,4976,354,5330,23590
2017,PAO,5,193,5282,6,5486,1,486,47230,67,47784,6,679,52512,73,53270,95416,83,95499,148769
2017,PBI,52721,29514,36107,790,119132,2,1607,19035,607,21251,52723,31121,55142,1397,140383,727,0,727,141110
2017,PDK,46,19778,47024,459,67307,8,1970,47751,167,49896,54,21748,94775,626,117203,41816,47,41863,159066
2017,PDT,0,2828,526,113,3467,0,1208,4018,863,6089,0,4036,4544,976,9556,2480,1534,4014,13570
2017,PDX,185559,18796,10341,3930,218626,1,4370,4472,167,9010,185560,23166,14813,4097,227636,1266,47,1313,228949
2017,PGD,7778,1221,9670,253,18922,3,419,27520,48,27990,7781,1640,37190,301,46912,21294,78,21372,68284
2017,PHF,3715,6822,7808,5810,24155,2,71,13462,1953,15488,3717,6893,21270,7763,39643,23411,19218,42629,82272
2017,PHL,223765,130776,11949,186,366676,1,454,2534,263,3252,223766,131230,14483,449,369928,0,0,0,369928
2017,PHX,378905,21702,13817,1721,416145,6,7045,7197,575,14823,378911,28747,21014,2296,430968,0,0,0,430968
2017,PIA,3786,11825,5230,1822,22663,1,873,6390,2164,9428,3787,12698,11620,3986,32091,5976,3428,9404,41495
2017,PIE,15524,4133,20521,3206,43384,3,304,20942,5436,26685,15527,4437,41463,8642,70069,38351,6162,44513,114582
2017,PIH,41,4101,1644,119,5905,283,2606,7463,57,10409,324,6707,9107,176,16314,5218,68,5286,21600
2017,PIT,93721,40698,7924,4930,147273,0,150,707,300,1157,93721,40848,8631,5230,148430,40,679,719,149149
2017,PKB,0,2778,3071,845,6694,0,244,7446,2362,10052,0,3022,10517,3207,16746,8398,7881,16279,33025
2017,PMD,33,7,5163,4206,9409,2,0,1723,504,2229,35,7,6886,4710,11638,1391,8406,9797,21435
2017,PMP,0,227,5549,24,5800,0,172,46709,47,46928,0,399,52258,71,52728,79757,4,79761,132489
2017,PNE,0,4194,8152,222,12568,0,44,28263,83,28390,0,4238,36415,305,40958,15668,0,15668,56626
2017,PNS,15306,11271,10478,10274,47329,36,439,18159,7299,25933,15342,11710,28637,17573,73262,39684,1314,40998,114260
2017,POC,12,133,5538,49,5732,0,93,33519,66,33678,12,226,39057,115,39410,48263,28,48291,87701
2017,POU,1,695,4008,79,4783,0,88,22881,75,23044,1,783,26889,154,27827,30710,76,30786,58613
2017,PRC,0,2378,7201,263,9842,2,1169,67205,263,68639,2,3547,74406,526,78481,153944,305,154249,232730
2017,PSC,7168,5083,5175,1025,18451,11,373,9220,369,9973,7179,5456,14395,1394,28424,15512,2160,17672,46096
2017,PSP,19226,9480,6862,452,36020,6,882,10591,1126,12605,19232,10362,17453,1578,48625,3007,182,3189,51814
2017,PTK,569,8407,26267,39,35282,143,1077,32708,195,34123,712,9484,58975,234,69405,61935,0,61935,131340
2017,PUB,110,3885,5963,2604,12562,9,484,9730,58207,68430,119,4369,15693,60811,80992,6220,89437,95657,176649
2017,PVD,35762,9796,6028,214,51800,12,261,7966,136,8375,35774,10057,13994,350,60175,12280,140,12420,72595
2017,PVU,1331,1064,7251,172,9818,0,295,24688,89,25072,1331,1359,31939,261,34890,51152,181,51333,86223
2017,PWA,2,2578,13062,152,15794,0,404,20662,104,21170,2,2982,33724,256,36964,14696,170,14866,51830
2017,PWK,8,13237,21746,66,35057,0,621,20616,47,21284,8,13858,42362,113,56341,19559,18,19577,75918
2017,PWM,17818,14467,6371,367,39023,0,560,9161,155,9876,17818,15027,15532,522,48899,2860,46,2906,51805
2017,RAL,0,97,7527,41,7665,20,3465,35360,434,39279,20,3562,42887,475,46944,52742,43,52785,99729
2017,RAP,4652,10762,7136,551,23101,97,418,9373,2213,12101,4749,11180,16509,2764,35202,9738,984,10722,45924
2017,RBD,2,90,4361,34,4487,1,17,22550,54,22622,3,107,26911,88,27109,16050,56,16106,43215
2017,RDD,223,4789,2239,200,7451,92,25668,16976,260,42996,315,30457,19215,460,50447,44984,84,45068,95515
2017,RDG,36,3543,7696,748,12023,0,2767,15616,720,19103,36,6310,23312,1468,31126,16686,1476,18162,49288
2017,RDM,7591,4812,2323,109,14835,953,2341,8186,110,11590,8544,7153,10509,219,26425,15361,150,15511,41936
2017,RDU,117818,28050,28061,1111,175040,0,259,22786,1752,24797,117818,28309,50847,2863,199837,1703,808,2511,202348
2017,RFD,12200,1270,7812,777,22059,4,93,7339,543,7979,12204,1363,15151,1320,30038,9051,373,9424,39462
2017,RHV,7,47,1818,4,1876,0,276,70381,44,70701,7,323,72199,48,72577,90071,0,90071,162648
2017,RIC,39394,22573,14531,2207,78705,10,561,8339,2175,11085,39404,23134,22870,4382,89790,5112,1773,6885,96675
2017,RME,186,622,1815,1011,3634,0,187,5886,845,6918,186,809,7701,1856,10552,9941,3040,12981,23533
2017,RNM,3,88,1701,5,1797,0,86,30513,213,30812,3,174,32214,218,32609,69806,300,70106,102715
2017,RNO,44258,8665,9361,1058,63342,22,1972,14078,863,16935,44280,10637,23439,1921,80277,4181,350,4531,84808
2017,RNT,526,235,4557,22,5340,0,2139,46636,130,48905,526,2374,51193,152,54245,80837,205,81042,135287
2017,ROA,3089,15588,7671,618,26966,8,346,8779,409,9542,3097,15934,16450,1027,36508,14556,410,14966,51474
2017,ROC,23026,22262,9291,539,55118,0,395,10350,996,11741,23026,22657,19641,1535,66859,19119,1293,20412,87271
2017,ROG,0,880,7221,6,8107,0,519,2852,12,3383,0,1399,10073,18,11490,934,2,936,12426
2017,ROW,1437,3596,3049,3912,11994,215,1122,3544,1340,6221,1652,4718,6593,5252,18215,2301,5030,7331,25546
2017,RST,2570,8883,9306,612,21371,0,423,6785,108,7316,2570,9306,16091,720,28687,8897,1479,10376,39063
2017,RSW,67340,5747,6018,1075,80180,4,148,2068,161,2381,67344,5895,8086,1236,82561,72,10,82,82643
2017,RVS,3,1534,14341,33,15911,0,868,59371,323,60562,3,2402,73712,356,76473,103634,11,103645,180118
2017,RYN,0,2,2110,197,2309,0,0,33607,1678,35285,0,2,35717,1875,37594,52688,12356,65044,102638
2017,RYY,0,2307,9346,185,11838,1,1115,23296,233,24645,1,3422,32642,418,36483,25545,59,25604,62087
2017,SAC,0,1116,16139,181,17436,1,1423,54443,244,56111,1,2539,70582,425,73547,32242,86,32328,105875
2017,SAF,2276,5014,8872,865,17027,0,644,16524,1602,18770,2276,5658,25396,2467,35797,22309,1335,23644,59441
2017,SAN,188577,10429,8113,363,207482,4,233,1500,344,2081,188581,10662,9613,707,209563,0,0,0,209563
2017,SAT,89746,17062,32114,3362,142284,0,3153,13898,1441,18492,89746,20215,46012,4803,160776,231,29,260,161036
2017,SAV,24878,17713,22858,5630,71079,0,2560,12188,1136,15884,24878,20273,35046,6766,86963,6457,1407,7864,94827
2017,SAW,873,5120,1110,129,7232,1245,119,3015,374,4753,2118,5239,4125,503,11985,4094,608,4702,16687
2017,SBA,7882,18745,15421,777,42825,18,419,24639,617,25693,7900,19164,40060,1394,68518,24501,210,24711,93229
2017,SBN,2558,14305,7719,143,24725,1,513,5570,131,6215,2559,14818,13289,274,30940,10303,360,10663,41603
2017,SBP,2713,6992,7014,262,16981,7,622,31092,365,32086,2720,7614,38106,627,49067,23926,76,24002,73069
2017,SBY,0,6217,2224,305,8746,0,964,10152,2188,13304,0,7181,12376,2493,22050,11935,8966,20901,42951
2017,SCK,2589,717,10597,598,14501,3,995,19751,1140,21889,2592,1712,30348,1738,36390,42320,1094,43414,79804
2017,SDF,124667,24089,8640,1990,159386,1,694,2107,695,3497,124668,24783,10747,2685,162883,667,126,793,163676
2017,SDL,10,13374,35365,245,48994,0,1616,57759,332,59707,10,14990,93124,577,108701,59368,62,59430,168131
2017,SDM,24,1705,6670,541,8940,5,88,25985,2126,28204,29,1793,32655,2667,37144,44735,1854,46589,83733
2017,SEA,405046,8464,1339,64,414913,3,187,999,22,1211,405049,8651,2338,86,416124,12,0,12,416136
2017,SEE,0,287,15665,476,16428,0,59,64386,91,64536,0,346,80051,567,80964,140167,8,140175,221139
2017,SFB,20117,34633,9991,85,64826,15,55232,13573,57,68877,20132,89865,23564,142,133703,172511,34,172545,306248
2017,SFF,2,1059,3851,26,4938,0,2528,21652,21,24201,2,3587,25503,47,29139,30935,10,30945,60084
2017,SFO,397489,47650,9195,470,454804,3,700,2661,2178,5542,397492,48350,11856,2648,460346,0,0,0,460346
2017,SGF,9453,12819,11977,1748,35997,2,995,7228,1096,9321,9455,13814,19205,2844,45318,10061,1206,11267,56585
2017,SGJ,99,2154,12270,685,15208,2,5730,45538,1160,52430,101,7884,57808,1845,67638,65034,624,65658,133296
2017,SGR,0,4939,17830,105,22874,0,1236,21695,678,23609,0,6175,39525,783,46483,23332,62,23394,69877
2017,SHV,6262,13425,8022,2030,29739,4,341,4767,444,5556,6266,13766,12789,2474,35295,2095,652,2747,38042
2017,SIG,18,239,4158,216,4631,0,10093,38678,4095,52866,18,10332,42836,4311,57497,34527,284,34811,92308
2017,SJC,120646,22622,17397,57,160722,4,589,12675,159,13427,120650,23211,30072,216,174149,4442,4,4446,178595
2017,SJT,2111,2845,5724,10007,20687,3,781,13074,3086,16944,2114,3626,18798,13093,37631,13298,24931,38229,75860
2017,SJU,61676,29526,6132,2081,99415,21,32046,9522,897,42486,61697,61572,15654,2978,141901,2,6,8,141909
2017,SLC,210767,61936,20410,1820,294933,1,5500,18660,5407,29568,210768,67436,39070,7227,324501,2777,14,2791,327292
2017,SLE,5,1104,4778,566,6453,0,2002,14773,1151,17926,5,3106,19551,1717,24379,9769,1694,11463,35842
2017,SLN,114,4410,4063,1332,9919,103,13019,4981,2172,20275,217,17429,9044,3504,30194,26494,3941,30435,60629
2017,SMF,98810,10446,3210,504,112970,1,265,3625,198,4089,98811,10711,6835,702,117059,740,986,1726,118785
2017,SMO,5,9427,13893,31,23356,1,627,35501,35,36164,6,10054,49394,66,59520,18067,7,18074,77594
2017,SMX,327,4018,4423,198,8966,0,1964,15023,140,17127,327,5982,19446,338,26093,11723,618,12341,38434
2017,SNA,91068,16463,33158,138,140827,2,293,69624,263,70182,91070,16756,102782,401,211009,99541,56,99597,310606
2017,SNS,0,467,11719,127,12313,0,1078,27356,331,28765,0,1545,39075,458,41078,16878,272,17150,58228
2017,SPG,0,71,4032,26,4129,0,3055,37877,353,41285,0,3126,41909,379,45414,45562,2040,47602,93016
2017,SPI,916,3951,5748,1913,12528,0,728,6434,525,7687,916,4679,12182,2438,20215,5482,2809,8291,28506
2017,SQL,53,7900,3678,6,11637,0,9027,36702,209,45938,53,16927,40380,215,57575,46037,494,46531,104106
2017,SRQ,11082,7228,24470,913,43693,1,684,31378,532,32595,11083,7912,55848,1445,76288,26177,210,26387,102675
2017,SSF,1,158,3126,3897,7182,3,3118,23425,363,26909,4,3276,26551,4260,34091,62247,4332,66579,100670
2017,STC,322,156,3086,269,3833,0,334,9131,1570,11035,322,490,12217,1839,14868,10365,1087,11452,26320
2017,STJ,1,26,2331,1665,4023,9,253,5780,1826,7868,10,279,8111,3491,11891,4667,4820,9487,21378
2017,STL,134204,50532,5940,1604,192280,0,2270,1171,627,4068,134204,52802,7111,2231,196348,34,23,57,196405
2017,STP,3,4027,14935,668,19633,5,1399,6705,2361,10470,8,5426,21640,3029,30103,8729,1657,10386,40489
2017,STS,6024,3826,7187,136,17173,9,4721,34640,444,39814,6033,8547,41827,580,56987,27284,318,27602,84589
2017,STT,7709,6445,2326,121,16601,2,21114,10949,585,32650,7711,27559,13275,706,49251,3235,14,3249,52500
2017,STX,1960,5471,1030,357,8818,1,10276,5530,659,16466,1961,15747,6560,1016,25284,1071,710,1781,27065
2017,SUA,0,5682,15412,83,21177,0,1727,43511,138,45376,0,7409,58923,221,66553,38716,90,38806,105359
2017,SUN,3400,5654,7461,39,16554,20,349,6985,50,7404,3420,6003,14446,89,23958,980,2,982,24940
2017,SUS,106,11422,22588,806,34922,0,311,26688,534,27533,106,11733,49276,1340,62455,34962,219,35181,97636
2017,SUX,42,2703,5630,2112,10487,50,426,3298,89,3863,92,3129,8928,2201,14350,2398,1092,3490,17840
2017,SWF,4682,5969,5462,1897,18010,1,2002,12339,2120,16462,4683,7971,17801,4017,34472,5399,3392,8791,43263
2017,SWO,182,1242,5178,544,7146,3,1018,24839,576,26436,185,2260,30017,1120,33582,42263,1289,43552,77134
2017,SYR,23447,19127,6398,1424,50396,1,213,8186,1088,9488,23448,19340,14584,2512,59884,4898,3578,8476,68360
2017,TCL,267,1870,7593,3743,13473,0,1026,9909,1314,12249,267,2896,17502,5057,25722,20682,858,21540,47262
2017,TEB,120,74515,84593,176,159404,0,3976,14771,212,18959,120,78491,99364,388,178363,0,0,0,178363
2017,TIW,0,420,13175,111,13706,0,57,32816,161,33034,0,477,45991,272,46740,41782,95,41877,88617
2017,TIX,1,307,7974,62,8344,58,7,23444,35,23544,59,314,31418,97,31888,44506,339,44845,76733
2017,TKI,3,1393,9597,9,11002,0,1745,30197,16,31958,3,3138,39794,25,42960,93279,9,93288,136248
2017,TLH,7356,8684,13497,9258,38795,2,933,11372,1576,13883,7358,9617,24869,10834,52678,8223,5344,13567,66245
2017,TMB,38,2444,34943,84,37509,6,98,133931,404,134439,44,2542,168874,488,171948,125455,0,125455,297403
2017,TOA,1,449,6985,29,7464,1,39,49039,39,49118,2,488,56024,68,56582,49075,50,49125,105707
2017,TOL,1358,4331,8774,2390,16853,1,746,5885,243,6875,1359,5077,14659,2633,23728,4924,1660,6584,30312
2017,TOP,0,326,4576,90,4992,2,719,8747,95,9563,2,1045,13323,185,14555,8961,212,9173,23728
2017,TPA,152949,18700,16471,391,188511,86,220,6425,171,6902,153035,18920,22896,562,195413,76,0,76,195489
2017,TRI,1924,8817,7493,1223,19457,0,853,6725,178,7756,1924,9670,14218,1401,27213,8759,1359,10118,37331
2017,TTD,0,23,1204,10,1237,0,49,30110,90,30249,0,72,31314,100,31486,86320,18,86338,117824
2017,TTN,4383,4437,10262,286,19368,0,698,33559,331,34588,4383,5135,43821,617,53956,41816,217,42033,95989
2017,TUL,32390,14626,15096,13446,75558,5,150,7824,1164,9143,32395,14776,22920,14610,84701,10924,13584,24508,109209
2017,TUP,55,3407,3572,5808,12842,1,2333,16805,3584,22723,56,5740,20377,9392,35565,16871,5459,22330,57895
2017,TUS,35699,9875,12842,9186,67602,13,3271,23091,7625,34000,35712,13146,35933,16811,101602,19574,8171,27745,129347
2017,TVC,7466,5814,8275,713,22268,0,1286,18104,1882,21272,7466,7100,26379,2595,43540,28050,2513,30563,74103
2017,TWF,269,4499,2453,354,7575,0,590,11750,234,12574,269,5089,14203,588,20149,4970,502,5472,25621
2017,TXK,0,3217,5804,813,9834,0,1423,4491,642,6556,0,4640,10295,1455,16390,7832,1482,9314,25704
2017,TYR,523,4734,7773,85,13115,0,1813,13587,145,15545,523,6547,21360,230,28660,7212,57,7269,35929
2017,TYS,21264,21395,24794,9211,76664,1,55,9884,1642,11582,21265,21450,34678,10853,88246,8920,9418,18338,106584
2017,TZR,0,41,1518,20,1579,0,4,8151,46,8201,0,45,9669,66,9780,7824,12,7836,17616
2017,UAO,1,930,9050,37,10018,0,1233,23241,149,24623,1,2163,32291,186,34641,23391,120,23511,58152
2017,UES,0,1940,6523,31,8494,0,866,16865,73,17804,0,2806,23388,104,26298,7213,32,7245,33543
2017,UGN,0,3873,5324,45,9242,0,51,18882,258,19191,0,3924,24206,303,28433,12327,304,12631,41064
2017,UNV,71,9835,4247,257,14410,0,1223,6541,174,7938,71,11058,10788,431,22348,7262,298,7560,29908
2017,VCT,0,1600,2253,6712,10565,0,796,5284,3821,9901,0,2396,7537,10533,20466,2280,36562,38842,59308
2017,VCV,898,58,1936,905,3797,48,1345,8693,1957,12043,946,1403,10629,2862,15840,9201,6489,15690,31530
2017,VGT,15,1231,10296,466,12008,6,22873,42431,1915,67225,21,24104,52727,2381,79233,97142,923,98065,177298
2017,VNY,58,19643,37661,74,57436,0,741,92879,462,94082,58,20384,130540,536,151518,72876,4,72880,224398
2017,VQQ,641,684,5168,5090,11583,40,61,7505,6350,13956,681,745,12673,11440,25539,16749,28885,45634,71173
2017,VRB,122,5338,21758,64,27282,0,2045,74055,42,76142,122,7383,95813,106,103424,104119,40,104159,207583
2017,WDG,0,614,2409,6086,9109,0,15,5384,6276,11675,0,629,7793,12362,20784,3803,8505,12308,33092
2017,WHP,62,9,605,0,676,0,2,41850,0,41852,62,11,42455,0,42528,44220,0,44220,86748
2017,WJF,1,332,1555,454,2342,0,358,23625,116,24099,1,690,25180,570,26441,25221,1428,26649,53090
2017,XNA,20932,9554,4542,5032,40060,1,482,960,406,1849,20933,10036,5502,5438,41909,446,4604,5050,46959
2017,YIP,2858,7218,10488,98,20662,1,261,12898,241,13401,2859,7479,23386,339,34063,28569,43,28612,62675
2017,YKM,1931,3145,3858,473,9407,12,1004,11314,362,12692,1943,4149,15172,835,22099,13393,866,14259,36358
2017,YNG,615,1475,5703,3560,11353,0,155,5019,622,5796,615,1630,10722,4182,17149,4639,4398,9037,26186
2018,ABE,10678,8467,12053,408,31606,1,417,13494,140,14052,10679,8884,25547,548,45658,29461,366,29827,75485
2018,ABI,254,7786,7885,6372,22297,49,655,9667,1109,11480,303,8441,17552,7481,33777,6140,10421,16561,50338
2018,ABQ,58629,17717,11551,4085,91982,59,8623,19150,10455,38287,58688,26340,30701,14540,130269,8845,4930,13775,144044
2018,ABY,37,2762,3330,762,6891,0,72,6923,319,7314,37,2834,10253,1081,14205,4932,1876,6808,21013
2018,ACK,1751,23181,10416,317,35665,10,19664,16060,193,35927,1761,42845,26476,510,71592,155,20,175,71767
2018,ACT,119,3796,11895,7532,23342,3,456,9831,546,10836,122,4252,21726,8078,34178,6953,1190,8143,42321
2018,ACY,7483,4688,6883,8999,28053,17,222,7248,6427,13914,7500,4910,14131,15426,41967,2729,10812,13541,55508
2018,ADM,10,115,2593,1462,4180,1,68,7451,694,8214,11,183,10044,2156,12394,3374,1286,4660,17054
2018,ADQ,1329,3632,380,636,5977,133,14212,2424,3110,19879,1462,17844,2804,3746,25856,1164,7802,8966,34822
2018,ADS,96,6328,32038,51,38513,1,1073,60855,1026,62955,97,7401,92893,1077,101468,2253,14,2267,103735
2018,ADW,356,226,2270,14978,17830,0,338,1839,9393,11570,356,564,4109,24371,29400,166,21006,21172,50572
2018,AEG,0,281,3023,142,3446,0,197,21831,697,22725,0,478,24854,839,26171,33055,1966,35021,61192
2018,AEX,2100,7155,3768,2878,15901,0,0,2,0,2,2100,7155,3770,2878,15903,8955,5485,14440,30343
2018,AFW,8190,4078,13480,5976,31724,8,118,32140,1055,33321,8198,4196,45620,7031,65045,50691,3354,54045,119090
2018,AGC,7,8367,13055,160,21589,9,13474,10749,134,24366,16,21841,23804,294,45955,11566,66,11632,57587
2018,AGS,4222,8463,7976,1350,22011,0,290,2593,514,3397,4222,8753,10569,1864,25408,3574,1090,4664,30072
2018,AHN,30,920,7429,432,8811,0,301,15525,282,16108,30,1221,22954,714,24919,11692,179,11871,36790
2018,AKN,790,5362,490,54,6696,162,14353,4606,59,19180,952,19715,5096,113,25876,1591,344,1935,27811
2018,ALB,23576,21775,6683,1696,53730,0,1517,6721,2093,10331,23576,23292,13404,3789,64061,6507,2152,8659,72720
2018,ALN,24,3408,3581,209,7222,0,616,6650,61,7327,24,4024,10231,270,14549,15945,368,16313,30862
2018,ALO,27,1242,4279,160,5708,0,36,5670,539,6245,27,1278,9949,699,11953,5955,582,6537,18490
2018,ALW,909,836,1882,20,3647,0,267,9325,31,9623,909,1103,11207,51,13270,14366,6,14372,27642
2018,AMA,8326,6653,10016,9726,34721,10,498,5010,2316,7834,8336,7151,15026,12042,42555,8401,10029,18430,60985
2018,ANC,108332,57127,10835,2048,178342,71,25386,62204,533,88194,108403,82513,73039,2581,266536,8585,68,8653,275189
2018,ANE,0,2844,10685,41,13570,0,1305,22926,104,24335,0,4149,33611,145,37905,37154,406,37560,75465
2018,APA,25,25679,42883,2090,70677,72,6366,94770,1746,102954,97,32045,137653,3836,173631,163040,1327,164367,337998
2018,APC,0,5494,7387,96,12977,3,342,21177,268,21790,3,5836,28564,364,34767,15307,415,15722,50489
2018,APF,0,14638,30318,121,45077,0,319,39551,55,39925,0,14957,69869,176,85002,25336,170,25506,110508
2018,ARA,55,296,2022,1884,4257,0,17030,9036,511,26577,55,17326,11058,2395,30834,31607,992,32599,63433
2018,ARB,1,509,3785,4,4299,0,53,19267,37,19357,1,562,23052,41,23656,35407,31,35438,59094
2018,ARR,4,843,5808,103,6758,6,115,19542,73,19736,10,958,25350,176,26494,27824,23,27847,54341
2018,ASE,11590,9500,14061,90,35241,0,14,1654,69,1737,11590,9514,15715,159,36978,4152,108,4260,41238
2018,ASG,4,651,5744,20,6419,0,450,11014,21,11485,4,1101,16758,41,17904,14826,0,14826,32730
2018,ASH,0,373,4149,15,4537,0,28,24296,11,24335,0,401,28445,26,28872,34596,16,34612,63484
2018,ATL,802767,85052,5756,138,893713,2,78,1685,24,1789,802769,85130,7441,162,895502,0,0,0,895502
2018,ATW,6523,8539,6303,84,21449,1,72,7536,8,7617,6524,8611,13839,92,29066,5340,52,5392,34458
2018,AUS,134371,17052,28808,4802,185033,1,413,18350,4010,22774,134372,17465,47158,8812,207807,1329,944,2273,210080
2018,AVL,9230,9893,14982,1869,35974,0,247,12125,857,13229,9230,10140,27107,2726,49203,11624,471,12095,61298
2018,AVP,3130,10491,4856,182,18659,0,2064,7844,200,10108,3130,12555,12700,382,28767,18869,82,18951,47718
2018,AZO,1020,6736,8774,61,16591,12,573,9115,80,9780,1032,7309,17889,141,26371,15690,2,15692,42063
2018,BAF,20,679,2933,1205,4837,3,133,16188,2197,18521,23,812,19121,3402,23358,15834,1823,17657,41015
2018,BAK,10,756,3823,385,4974,0,1,20258,1610,21869,10,757,24081,1995,26843,18146,2976,21122,47965
2018,BAZ,0,282,5206,1426,6914,0,653,15048,165,15866,0,935,20254,1591,22780,26388,1492,27880,50660
2018,BBG,136,683,2539,35,3393,0,251,1704,107,2062,136,934,4243,142,5455,121,19,140,5595
2018,BCT,0,10268,15832,53,26153,0,144,21685,42,21871,0,10412,37517,95,48024,25727,114,25841,73865
2018,BDL,60937,17380,8895,1081,88293,0,146,4067,1757,5970,60937,17526,12962,2838,94263,318,60,378,94641
2018,BDR,0,2705,3607,38,6350,0,417,16626,85,17128,0,3122,20233,123,23478,26481,108,26589,50067
2018,BED,286,20091,25540,296,46213,33,2288,30713,129,33163,319,22379,56253,425,79376,42280,8,42288,121664
2018,BET,3292,10570,1136,49,15047,35,60203,7381,88,67707,3327,70773,8517,137,82754,1404,11,1415,84169
2018,BFI,10140,20398,30472,557,61567,2,7515,64028,311,71856,10142,27913,94500,868,133423,49537,308,49845,183268
2018,BFL,2779,5219,8987,193,17178,38,5397,26332,314,32081,2817,10616,35319,507,49259,15406,132,15538,64797
2018,BFM,1780,1897,5478,7102,16257,3,788,4713,6073,11577,1783,2685,10191,13175,27834,4168,32092,36260,64094
2018,BGM,8,2779,2543,143,5473,10,41,3939,66,4056,18,2820,6482,209,9529,5615,39,5654,15183
2018,BGR,6579,10039,7412,6094,30124,8,615,5705,1756,8084,6587,10654,13117,7850,38208,3553,1908,5461,43669
2018,BHM,32783,19929,28982,7124,88818,0,451,8511,1410,10372,32783,20380,37493,8534,99190,1255,757,2012,101202
2018,BIL,11678,19935,10436,1071,43120,4,6379,15510,260,22153,11682,26314,25946,1331,65273,22064,967,23031,88304
2018,BIS,3536,10059,8560,429,22584,1,860,7901,1995,10757,3537,10919,16461,2424,33341,7604,1272,8876,42217
2018,BJC,31,5625,15368,187,21211,398,362,51613,949,53322,429,5987,66981,1136,74533,93125,2682,95807,170340
2018,BKL,25,5324,5821,201,11371,0,5771,7874,193,13838,25,11095,13695,394,25209,9240,48,9288,34497
2018,BKV,2,584,3248,414,4248,3,1188,21832,1944,24967,5,1772,25080,2358,29215,29804,9539,39343,68558
2018,BLI,6504,2721,6274,121,15620,41,12023,27651,309,40024,6545,14744,33925,430,55644,18044,412,18456,74100
2018,BMG,81,860,4597,89,5627,0,16,13854,163,14033,81,876,18451,252,19660,9412,78,9490,29150
2018,BMI,3831,2525,4374,219,10949,0,0,5819,80,5899,3831,2525,10193,299,16848,4027,236,4263,21111
2018,BNA,147742,30869,26283,1216,206110,1,215,10591,1629,12436,147743,31084,36874,2845,218546,0,0,0,218546
2018,BOI,49755,7403,18326,3803,79287,112,2777,26739,4801,34429,49867,10180,45065,8604,113716,21971,1772,23743,137459
2018,BOS,343539,54632,11580,169,409920,1,15145,4114,154,19414,343540,69777,15694,323,429334,0,0,0,429334
2018,BPT,20,2027,5204,379,7630,1,107,4938,603,5649,21,2134,10142,982,13279,4198,144,4342,17621
2018,BQN,4361,2739,1036,166,8302,10,48,10741,4595,15394,4371,2787,11777,4761,23696,8155,6625,14780,38476
2018,BRO,4070,5878,3650,2113,15711,1,1259,4002,368,5630,4071,7137,7652,2481,21341,2930,6044,8974,30315
2018,BTL,24,1215,3801,70,5110,1,30,28914,438,29383,25,1245,32715,508,34493,47419,1136,48555,83048
2018,BTR,11838,7215,18479,696,38228,4,269,11648,268,12189,11842,7484,30127,964,50417,5162,168,5330,55747
2018,BTV,13984,14327,8115,1384,37810,3,297,15361,1331,16992,13987,14624,23476,2715,54802,14602,832,15434,70236
2018,BUF,54151,15899,6821,295,77166,1,1192,4524,177,5894,54152,17091,11345,472,83060,2560,0,2560,85620
2018,BUR,53672,21861,14272,252,90057,6,648,17223,466,18343,53678,22509,31495,718,108400,23623,0,23623,132023
2018,BVY,3,1650,3769,22,5444,0,127,22111,85,22323,3,1777,25880,107,27767,29008,28,29036,56803
2018,BWI,221773,31293,9769,495,263330,2,215,2558,464,3239,221775,31508,12327,959,266569,0,0,0,266569
2018,BZN,13406,9386,9673,129,32594,4,852,24185,125,25166,13410,10238,33858,254,57760,33528,214,33742,91502
2018,CAE,14542,16977,10321,1986,43826,0,158,5215,361,5734,14542,17135,15536,2347,49560,2214,1088,3302,52862
2018,CAK,6720,18925,14923,873,41441,0,700,6943,1027,8670,6720,19625,21866,1900,50111,13863,604,14467,64578
2018,CCR,6,3510,8368,38,11922,1,1605,38564,82,40252,7,5115,46932,120,52174,57459,16,57475,109649
2018,CDW,7,401,4310,3,4721,0,1820,35220,744,37784,7,2221,39530,747,42505,29802,121,29923,72428
2018,CGF,0,3517,5013,2,8532,0,480,6218,14,6712,0,3997,11231,16,15244,5918,18,5936,21180
2018,CHA,7328,14478,17322,5612,44740,1,245,8326,823,9395,7329,14723,25648,6435,54135,5129,2148,7277,61412
2018,CHD,0,763,5681,15,6459,0,2385,67426,91,69902,0,3148,73107,106,76361,151972,256,152228,228589
2018,CHO,8330,20559,15666,1547,46102,0,2105,17873,756,20734,8330,22664,33539,2303,66836,22356,5656,28012,94848
2018,CHS,47129,15093,20400,12205,94827,12,1122,8420,1400,10954,47141,16215,28820,13605,105781,2248,6893,9141,114922
2018,CIC,3,1362,1531,221,3117,1,7798,16805,236,24840,4,9160,18336,457,27957,7461,478,7939,35896
2018,CID,14204,10192,6698,185,31279,0,47,7184,59,7290,14204,10239,13882,244,38569,9954,78,10032,48601
2018,CKB,774,1701,3072,1927,7474,16,138,3457,253,3864,790,1839,6529,2180,11338,6935,2246,9181,20519
2018,CLE,81720,35971,7739,147,125577,3,251,563,84,901,81723,36222,8302,231,126478,0,0,0,126478
2018,CLL,127,5232,9449,9777,24585,4,859,12334,1630,14827,131,6091,21783,11407,39412,10044,5436,15480,54892
2018,CLT,448537,75862,19579,592,544570,0,1127,4195,121,5443,448537,76989,23774,713,550013,0,0,0,550013
2018,CMA,0,3324,14422,255,18001,0,342,53187,341,53870,0,3666,67609,596,71871,68939,385,69324,141195
2018,CMH,83816,28548,17300,360,130024,0,856,3630,272,4758,83816,29404,20930,632,134782,0,0,0,134782
2018,CMI,168,8545,4861,157,13731,0,3942,6027,119,10088,168,12487,10888,276,23819,21858,16,21874,45693
2018,CNO,43,401,16584,117,17145,0,116,59460,299,59875,43,517,76044,416,77020,126584,707,127291,204311
2018,CNW,0,15,2460,3420,5895,0,21,13646,1079,14746,0,36,16106,4499,20641,57052,12609,69661,90302
2018,COS,14263,13875,11946,6430,46514,7,657,20971,7288,28923,14270,14532,32917,13718,75437,35321,25073,60394,135831
2018,COU,1947,2934,5156,269,10306,6,1573,6436,310,8325,1953,4507,11592,579,18631,4325,380,4705,23336
2018,CPR,1443,9313,5192,235,16183,3,478,9791,178,10450,1446,9791,14983,413,26633,6072,189,6261,32894
2018,CPS,130,2065,8650,435,11280,14,8483,17895,350,26742,144,10548,26545,785,38022,57346,121,57467,95489
2018,CRE,0,499,4883,354,5736,3,4048,8876,419,13346,3,4547,13759,773,19082,12132,139,12271,31353
2018,CRG,41,1946,23425,99,25511,0,157,40634,9766,50557,41,2103,64059,9865,76068,76142,228,76370,152438
2018,CRP,6950,7932,9275,30981,55138,0,1147,6372,5426,12945,6950,9079,15647,36407,68083,2956,29677,32633,100716
2018,CRQ,273,6220,35945,349,42787,0,88,46197,49,46334,273,6308,82142,398,89121,66887,105,66992,156113
2018,CRW,1448,13273,5150,2153,22024,0,484,5160,1257,6901,1448,13757,10310,3410,28925,1573,964,2537,31462
2018,CSG,198,2671,5269,181,8319,4,208,8643,204,9059,202,2879,13912,385,17378,15598,278,15876,33254
2018,CVG,131051,24895,4278,78,160302,2,94,1143,165,1404,131053,24989,5421,243,161706,38,0,38,161744
2018,CWA,160,7888,1255,29,9332,0,34,2360,34,2428,160,7922,3615,63,11760,826,38,864,12624
2018,CWF,101,302,1636,4789,6828,1,425,2762,1283,4471,102,727,4398,6072,11299,1050,3606,4656,15955
2018,CXO,6,2055,13799,850,16710,0,393,27318,1691,29402,6,2448,41117,2541,46112,27119,1388,28507,74619
2018,CXY,0,462,4525,121,5108,0,95,9027,557,9679,0,557,13552,678,14787,7056,692,7748,22535
2018,CYS,259,1083,4698,1937,7977,2,54,1263,1454,2773,261,1137,5961,3391,10750,15000,14091,29091,39841
2018,DAB,7176,30226,18758,1053,57213,0,104222,25681,406,130309,7176,134448,44439,1459,187522,125607,145,125752,313274
2018,DAL,141314,30402,50815,686,223217,3,1537,6077,276,7893,141317,31939,56892,962,231110,0,0,0,231110
2018,DAY,16967,21566,8092,214,46839,0,205,2878,132,3215,16967,21771,10970,346,50054,1275,73,1348,51402
2018,DBQ,30,1855,5926,53,7864,0,25,18115,86,18226,30,1880,24041,139,26090,29913,29,29942,56032
2018,DCA,234588,56490,2903,472,294453,2,115,211,2267,2595,234590,56605,3114,2739,297048,0,0,0,297048
2018,DEC,7,4283,2187,545,7022,1,168,8066,3032,11267,8,4451,10253,3577,18289,15229,6936,22165,40454
2018,DEN,462274,136659,3420,83,602436,2,368,559,38,967,462276,137027,3979,121,603403,0,0,0,603403
2018,DET,4,1968,5331,53,7356,0,146,10718,103,10967,4,2114,16049,156,18323,15736,124,15860,34183
2018,DFW,578684,81383,5458,102,665627,8,472,1024,82,1586,578692,81855,6482,184,667213,0,0,0,667213
2018,DHN,2273,555,8263,13487,24578,14,77,7385,5393,12869,2287,632,15648,18880,37447,8287,26758,35045,72492
2018,DLH,1634,6736,10838,3033,22241,0,1031,12918,273,14222,1634,7767,23756,3306,36463,25055,2172,27227,63690
2018,DPA,29,4989,15258,102,20378,0,26,31732,147,31905,29,5015,46990,249,52283,53954,12,53966,106249
2018,DSM,31176,7908,15775,907,55766,34,1341,8632,278,10285,31210,9249,24407,1185,66051,4799,534,5333,71384
2018,DTN,0,92,5952,15,6059,0,181,14848,109,15138,0,273,20800,124,21197,19431,6,19437,40634
2018,DTO,35,1380,8373,25,9813,0,60,53162,25,53247,35,1440,61535,50,63060,84703,14,84717,147777
2018,DTS,3,3634,17497,732,21866,6,356,27822,1211,29395,9,3990,45319,1943,51261,8975,2640,11615,62876
2018,DTW,315990,71394,5598,58,393040,5,18,590,28,641,315995,71412,6188,86,393681,0,0,0,393681
2018,DVT,12,1647,9749,43,11451,1,2953,130951,74,133979,13,4600,140700,117,145430,269689,47,269736,415166
2018,DWH,4,2790,14347,589,17730,0,1071,41292,317,42680,4,3861,55639,906,60410,67214,114,67328,127738
2018,DXR,2,750,2188,9,2949,0,1560,22438,61,24059,2,2310,24626,70,27008,19131,62,19193,46201
2018,EAU,53,1487,5892,167,7599,0,985,7738,262,8985,53,2472,13630,429,16584,5198,54,5252,21836
2018,ECP,9979,5149,15072,3897,34097,4,623,10476,1120,12223,9983,5772,25548,5017,46320,9853,7295,17148,63468
2018,EGE,4381,8146,11058,165,23750,1,26,6907,3103,10037,4382,8172,17965,3268,33787,6410,1580,7990,41777
2018,ELM,3979,3983,5265,47,13274,0,98,2227,64,2389,3979,4081,7492,111,15663,4411,38,4449,20112
2018,ELP,39812,10117,7737,2554,60220,4,3129,13608,2033,18774,39816,13246,21345,4587,78994,6393,630,7023,86017
2018,EMT,1,50,3391,9,3451,0,53,31876,54,31983,1,103,35267,63,35434,50540,10,50550,85984
2018,ENA,53,9827,491,282,10653,471,15114,5771,322,21678,524,24941,6262,604,32331,9987,2065,12052,44383
2018,ENW,0,3602,3345,8,6955,0,202,22224,17,22443,0,3804,25569,25,29398,29514,216,29730,59128
2018,ERI,3,6112,3546,129,9790,0,42,5158,122,5322,3,6154,8704,251,15112,9294,122,9416,24528
2018,ESN,0,1442,4495,112,6049,0,1515,16342,3086,20943,0,2957,20837,3198,26992,33342,11076,44418,71410
2018,EUG,13400,4779,7261,3341,28781,33,566,15135,408,16142,13433,5345,22396,3749,44923,15466,3770,19236,64159
2018,EVB,0,1614,8873,35,10522,0,166,43114,6,43286,0,1780,51987,41,53808,115187,0,115187,168995
2018,EVV,2463,9200,6617,883,19163,0,773,5137,125,6035,2463,9973,11754,1008,25198,5802,480,6282,31480
2018,EWB,2,2164,3606,86,5858,0,3440,15406,130,18976,2,5604,19012,216,24834,25397,429,25826,50660
2018,EWN,1950,5064,3243,458,10715,1,1005,10677,145,11828,1951,6069,13920,603,22543,13078,467,13545,36088
2018,EWR,349887,88973,4624,72,443556,6,1574,6746,139,8465,349893,90547,11370,211,452021,0,0,0,452021
2018,EYW,16403,3750,10088,216,30457,0,822,18337,229,19388,16403,4572,28425,445,49845,4862,22,4884,54729
2018,FAI,10904,12345,5334,1230,29813,74,15613,31817,943,48447,10978,27958,37151,2173,78260,32837,974,33811,112071
2018,FAR,8186,21942,13486,606,44220,0,2081,8988,1030,12099,8186,24023,22474,1636,56319,21138,2749,23887,80206
2018,FAT,18929,10444,9477,2485,41335,1,2510,28115,2806,33432,18930,12954,37592,5291,74767,9482,1391,10873,85640
2018,FAY,4077,5864,5705,1875,17521,3,279,7225,326,7833,4080,6143,12930,2201,25354,7527,1653,9180,34534
2018,FCM,7,2903,20349,20,23279,0,237,28960,473,29670,7,3140,49309,493,52949,35737,76,35813,88762
2018,FDK,0,952,4111,101,5164,0,1388,29609,449,31446,0,2340,33720,550,36610,42638,380,43018,79628
2018,FFZ,3,3979,3751,26,7759,0,59151,49812,1966,110929,3,63130,53563,1992,118688,166148,130,166278,284966
2018,FIN,0,194,4245,32,4471,0,178,39289,477,39944,0,372,43534,509,44415,128617,2102,130719,175134
2018,FLG,1987,2487,2190,213,6877,92,9573,18487,522,28674,2079,12060,20677,735,35551,8786,269,9055,44606
2018,FLL,261246,32562,23950,494,318252,35,2827,11891,460,15213,261281,35389,35841,954,333465,0,0,0,333465
2018,FLO,12,2502,4551,568,7633,112,246,4621,276,5255,124,2748,9172,844,12888,1390,309,1699,14587
2018,FMN,0,3173,1195,232,4600,0,3607,10557,561,14725,0,6780,11752,793,19325,16513,1282,17795,37120
2018,FMY,0,2988,14685,42,17715,1,399,38060,30,38490,1,3387,52745,72,56205,41116,68,41184,97389
2018,FNT,5784,6710,7350,94,19938,1,347,6799,32,7179,5785,7057,14149,126,27117,4687,10,4697,31814
2018,FOE,122,208,2002,1621,3953,8,209,1730,988,2935,130,417,3732,2609,6888,422,2192,2614,9502
2018,FOK,0,5410,8155,481,14046,0,210,19166,1187,20563,0,5620,27321,1668,34609,12564,4989,17553,52162
2018,FPR,1,5979,20949,73,27002,1,3249,52862,120,56232,2,9228,73811,193,83234,92502,8,92510,175744
2018,FRG,78,7989,13895,84,22046,0,3782,75788,202,79772,78,11771,89683,286,101818,96544,45,96589,198407
2018,FSD,11180,26699,14685,1951,54515,1,1148,6760,165,8074,11181,27847,21445,2116,62589,6330,1068,7398,69987
2018,FSM,1465,2888,5960,4175,14488,18,376,6873,799,8066,1483,3264,12833,4974,22554,8547,2961,11508,34062
2018,FTG,16,22,6345,17,6400,0,159,26386,606,27151,16,181,32731,623,33551,44424,2115,46539,80090
2018,FTW,183,9522,26512,1231,37448,3,1324,42201,750,44278,186,10846,68713,1981,81726,78704,311,79015,160741
2018,FTY,0,5052,20544,11,25607,0,19,10213,8,10240,0,5071,30757,19,35847,22823,10,22833,58680
2018,FUL,0,13,6642,11,6666,0,120,36254,55,36429,0,133,42896,66,43095,25707,4,25711,68806
2018,FWA,6755,11969,6868,763,26355,0,91,5428,745,6264,6755,12060,12296,1508,32619,5475,424,5899,38518
2018,FWS,0,419,3967,4,4390,0,285,22850,105,23240,0,704,26817,109,27630,37800,70,37870,65500
2018,FXE,22,14063,37225,78,51388,4,2537,73148,209,75898,26,16600,110373,287,127286,51077,6,51083,178369
2018,FYV,44,1419,5135,408,7006,0,41,7454,199,7694,44,1460,12589,607,14700,6240,722,6962,21662
2018,GCK,20,2590,3894,451,6955,0,639,5906,437,6982,20,3229,9800,888,13937,1956,829,2785,16722
2018,GCN,3,1059,596,170,1828,124,91886,2707,188,94905,127,92945,3303,358,96733,868,170,1038,97771
2018,GEG,46112,7286,4405,989,58792,22,137,3501,286,3946,46134,7423,7906,1275,62738,4489,1029,5518,68256
2018,GEU,0,96,1089,3,1188,0,138,25712,9,25859,0,234,26801,12,27047,60441,169,60610,87657
2018,GFK,883,32390,5863,172,39308,0,76285,6315,78,82678,883,108675,12178,250,121986,246399,0,246399,368385
2018,GGG,35,2794,9523,2864,15216,7,5316,6405,289,12017,42,8110,15928,3153,27233,22487,1208,23695,50928
2018,GJT,4920,8790,4729,1231,19670,1,519,16597,455,17572,4921,9309,21326,1686,37242,10784,722,11506,48748
2018,GKY,25,793,7440,15,8273,0,46,27263,81,27390,25,839,34703,96,35663,35539,32,35571,71234
2018,GLH,9,1237,1068,701,3015,0,48,6423,292,6763,9,1285,7491,993,9778,1155,7083,8238,18016
2018,GLS,0,1725,3846,462,6033,0,3938,11430,443,15811,0,5663,15276,905,21844,7086,608,7694,29538
2018,GMU,1,7291,5081,52,12425,0,2590,21848,568,25006,1,9881,26929,620,37431,17194,160,17354,54785
2018,GNV,2791,7375,13811,2886,26863,0,431,22994,1104,24529,2791,7806,36805,3990,51392,12030,1652,13682,65074
2018,GON,0,1273,6477,454,8204,0,675,21041,1451,23167,0,1948,27518,1905,31371,17523,1074,18597,49968
2018,GPI,5616,5117,4785,321,15839,0,191,7534,511,8236,5616,5308,12319,832,24075,4467,989,5456,29531
2018,GPM,1,48,1641,12,1702,1,167,37536,446,38150,2,215,39177,458,39852,59554,1990,61544,101396
2018,GPT,7644,3556,4738,17969,33907,8,302,4210,2747,7267,7652,3858,8948,20716,41174,3106,4591,7697,48871
2018,GRB,6340,8396,10898,782,26416,4,74,9564,150,9792,6344,8470,20462,932,36208,10952,592,11544,47752
2018,GRI,776,2576,2525,200,6077,2,56,3186,976,4220,778,2632,5711,1176,10297,2315,504,2819,13116
2018,GRR,30971,15137,16493,615,63216,4,684,7836,129,8653,30975,15821,24329,744,71869,11523,631,12154,84023
2018,GSN,5901,2232,1982,143,10258,105,24184,79982,496,104767,6006,26416,81964,639,115025,264,54,318,115343
2018,GSO,21887,27006,14145,1168,64206,25,348,10451,285,11109,21912,27354,24596,1453,75315,5816,383,6199,81514
2018,GSP,24087,12627,7119,1951,45784,5,385,2195,613,3198,24092,13012,9314,2564,48982,400,545,945,49927
2018,GTF,3943,10790,3782,1720,20235,1,439,4050,1593,6083,3944,11229,7832,3313,26318,5982,2299,8281,34599
2018,GTR,89,2378,1858,10838,15163,1,721,7267,3890,11879,90,3099,9125,14728,27042,8428,19628,28056,55098
2018,GTU,0,477,9109,83,9669,0,101,39129,27,39257,0,578,48238,110,48926,55330,162,55492,104418
2018,GUM,23273,1659,3019,226,28177,0,32,23821,143,23996,23273,1691,26840,369,52173,20042,107,20149,72322
2018,GYH,0,3632,1080,935,5647,0,4580,8672,2501,15753,0,8212,9752,3436,21400,12064,2796,14860,36260
2018,GYI,22,0,678,0,700,0,0,5303,0,5303,22,0,5981,0,6003,5756,0,5756,11759
2018,GYR,160,486,1474,24,2144,13,4757,32431,2977,40178,173,5243,33905,3001,42322,39775,1126,40901,83223
2018,GYY,387,1429,6841,177,8834,14,95,5182,1208,6499,401,1524,12023,1385,15333,4247,1602,5849,21182
2018,HEF,6,4478,14493,347,19324,0,6273,20587,208,27068,6,10751,35080,555,46392,33373,165,33538,79930
2018,HFD,0,438,3158,18,3614,3,61,20705,45,20814,3,499,23863,63,24428,17167,178,17345,41773
2018,HGR,269,2951,4002,1410,8632,0,1343,15481,4651,21475,269,4294,19483,6061,30107,12708,1642,14350,44457
2018,HHR,11,5233,5507,25,10776,1,1853,29487,63,31404,12,7086,34994,88,42180,34744,9,34753,76933
2018,HIO,7,4608,16887,100,21602,2,157,65739,71,65969,9,4765,82626,171,87571,111315,68,111383,198954
2018,HKS,0,1058,4416,387,5861,0,935,4053,1197,6185,0,1993,8469,1584,12046,8680,2934,11614,23660
2018,HKY,216,2424,2592,126,5358,0,1246,9737,607,11590,216,3670,12329,733,16948,7476,180,7656,24604
2018,HLG,0,874,428,255,1557,0,1477,5125,1661,8263,0,2351,5553,1916,9820,1477,6068,7545,17365
2018,HLN,2110,3629,1930,386,8055,43,1174,13380,2744,17341,2153,4803,15310,3130,25396,21471,2162,23633,49029
2018,HND,15,2866,11447,42,14370,0,22685,26491,199,49375,15,25551,37938,241,63745,10666,10,10676,74421
2018,HNL,160555,39918,6894,12429,219796,0,58309,35298,2647,96254,160555,98227,42192,15076,316050,68,2,70,316120
2018,HOB,0,1449,1135,60,2644,0,584,3557,49,4190,0,2033,4692,109,6834,1241,9,1250,8084
2018,HOU,121782,27121,40988,236,190127,1,1102,12940,622,14665,121783,28223,53928,858,204792,0,0,0,204792
2018,HPN,17019,45434,37824,62,100339,0,8590,31826,73,40489,17019,54024,69650,135,140828,15450,0,15450,156278
2018,HQZ,6,281,2466,4,2757,2,1105,18228,27,19362,8,1386,20694,31,22119,29940,22,29962,52081
2018,HRL,7809,1504,2974,2379,14666,6,102,5957,744,6809,7815,1606,8931,3123,21475,6651,13165,19816,41291
2018,HSA,2,151,1381,7098,8632,0,12,6054,4204,10270,2,163,7435,11302,18902,4604,11146,15750,34652
2018,HSV,13019,10466,7016,9867,40368,6,62,6851,1731,8650,13025,10528,13867,11598,49018,3532,14342,17874,66892
2018,HTS,1901,3450,2396,165,7912,27,171,2215,214,2627,1928,3621,4611,379,10539,634,116,750,11289
2018,HUF,34,346,6281,311,6972,2,644,18816,220,19682,36,990,25097,531,26654,31661,154,31815,58469
2018,HUM,0,8217,4004,71,12292,0,37430,10523,77,48030,0,45647,14527,148,60322,5140,60,5200,65522
2018,HUT,0,403,2999,1074,4476,0,1395,7576,329,9300,0,1798,10575,1403,13776,13470,1745,15215,28991
2018,HVN,4,3971,3435,57,7467,0,2063,6184,239,8486,4,6034,9619,296,15953,8601,240,8841,24794
2018,HWD,4,954,8633,36,9627,0,271,34732,251,35254,4,1225,43365,287,44881,71484,41,71525,116406
2018,HWO,0,5,5124,1,5130,0,14,77037,5,77056,0,19,82161,6,82186,201023,8,201031,283217
2018,HXD,1000,4123,8623,119,13865,0,101,11102,84,11287,1000,4224,19725,203,25152,1645,312,1957,27109
2018,HYA,277,10721,4938,35,15971,137,24364,17243,48,41792,414,35085,22181,83,57763,8517,200,8717,66480
2018,HYI,2,647,12880,521,14050,0,230,21321,419,21970,2,877,34201,940,36020,20894,1664,22558,58578
2018,IAD,183292,86507,34420,269,304488,5,89,910,51,1055,183297,86596,35330,320,305543,0,0,0,305543
2018,IAG,1205,612,3627,1524,6968,0,65,5984,434,6483,1205,677,9611,1958,13451,4291,828,5119,18570
2018,IAH,360920,94142,9559,75,464696,525,380,1068,71,2044,361445,94522,10627,146,466740,0,0,0,466740
2018,ICT,16262,20127,25815,13611,75815,3,1437,11910,1542,14892,16265,21564,37725,15153,90707,7644,6828,14472,105179
2018,IDA,1520,5035,2904,119,9578,1,467,9369,114,9951,1521,5502,12273,233,19529,5855,100,5955,25484
2018,IFP,1609,93,487,55,2244,9,1563,5536,407,7515,1618,1656,6023,462,9759,1326,192,1518,11277
2018,ILG,21,3630,10724,979,15354,0,225,11347,1802,13374,21,3855,22071,2781,28728,11175,1673,12848,41576
2018,ILM,7545,12089,15202,5357,40193,5,460,10703,2146,13314,7550,12549,25905,7503,53507,8097,2161,10258,63765
2018,IND,127316,23281,12609,768,163974,1,1545,2502,228,4276,127317,24826,15111,996,168250,0,0,0,168250
2018,INT,77,6373,5584,232,12266,4,1828,16442,561,18835,81,8201,22026,793,31101,13496,132,13628,44729
2018,IPT,3,2167,2209,59,4438,0,822,6687,114,7623,3,2989,8896,173,12061,3053,84,3137,15198
2018,ISM,0,2866,22105,84,25055,117,1026,33827,10,34980,117,3892,55932,94,60035,50219,8,50227,110262
2018,ISO,39,347,2473,2078,4937,1,1045,3238,869,5153,40,1392,5711,2947,10090,4161,5798,9959,20049
2018,ISP,11445,4264,12015,295,28019,0,2852,35199,1367,39418,11445,7116,47214,1662,67437,64434,653,65087,132524
2018,ITH,6,6584,2816,41,9447,0,35,6357,39,6431,6,6619,9173,80,15878,14391,71,14462,30340
2018,ITO,16389,2726,943,962,21020,3,378,44746,830,45957,16392,3104,45689,1792,66977,14423,1440,15863,82840
2018,IWA,12146,9255,19754,1477,42632,11,35906,45293,1713,82923,12157,45161,65047,3190,125555,159993,2670,162663,288218
2018,IXD,0,2304,7904,574,10782,0,383,17360,805,18548,0,2687,25264,1379,29330,27778,426,28204,57534
2018,JAC,8075,7837,7055,76,23043,5,145,2898,111,3159,8080,7982,9953,187,26202,724,37,761,26963
2018,JAN,10148,8579,6585,6622,31934,0,389,970,429,1788,10148,8968,7555,7051,33722,905,18434,19339,53061
2018,JAX,63573,14960,10612,3850,92995,0,784,2378,736,3898,63573,15744,12990,4586,96893,967,4489,5456,102349
2018,JEF,3,428,4420,462,5313,0,1296,10815,1293,13404,3,1724,15235,1755,18717,13464,824,14288,33005
2018,JFK,423083,28054,3704,269,455110,4,1565,4234,141,5944,423087,29619,7938,410,461054,0,0,0,461054
2018,JLN,522,1457,3250,68,5297,0,760,7842,126,8728,522,2217,11092,194,14025,9852,58,9910,23935
2018,JNU,9325,3301,2168,97,14891,496,74946,12400,328,88170,9821,78247,14568,425,103061,3531,231,3762,106823
2018,JQF,2735,2552,12156,172,17615,17,3195,27867,596,31675,2752,5747,40023,768,49290,27681,44,27725,77015
2018,JRF,7,34,498,1427,1966,1,38,17714,4039,21792,8,72,18212,5466,23758,111164,15921,127085,150843
2018,JVL,14,5384,1864,36,7298,1,320,13540,166,14027,15,5704,15404,202,21325,15932,417,16349,37674
2018,JXN,0,453,3421,63,3937,0,214,16910,105,17229,0,667,20331,168,21166,17174,74,17248,38414
2018,KOA,31519,4992,2798,2188,41497,9,18198,16107,1170,35484,31528,23190,18905,3358,76981,40719,3842,44561,121542
2018,LAF,122,716,4569,39,5446,3,214,38667,77,38961,125,930,43236,116,44407,70537,22,70559,114966
2018,LAL,19,1177,19065,1290,21551,0,143,45487,458,46088,19,1320,64552,1748,67639,57538,2037,59575,127214
2018,LAN,2124,15353,7425,1176,26078,6,178,4466,212,4862,2130,15531,11891,1388,30940,2574,53,2627,33567
2018,LAS,366700,31473,39271,727,438171,13,97355,3857,470,101695,366713,128828,43128,1197,539866,0,0,0,539866
2018,LAW,1857,119,2124,11180,15280,0,2,3766,543,4311,1857,121,5890,11723,19591,1609,450,2059,21650
2018,LAX,649082,40246,16539,323,706190,10,64,1401,168,1643,649092,40310,17940,491,707833,0,0,0,707833
2018,LBB,13725,12310,13544,7619,47198,27,5271,11612,940,17850,13752,17581,25156,8559,65048,14922,5971,20893,85941
2018,LBE,1948,4513,2965,252,9678,0,270,8057,236,8563,1948,4783,11022,488,18241,5292,198,5490,23731
2018,LCH,19,4708,4370,1469,10566,0,3541,5710,76,9327,19,8249,10080,1545,19893,7106,77,7183,27076
2018,LEB,17,5693,3314,104,9128,2,3309,9201,285,12797,19,9002,12515,389,21925,10044,246,10290,32215
2018,LEE,0,395,10014,74,10483,0,919,20075,59,21053,0,1314,30089,133,31536,28187,18,28205,59741
2018,LEX,16643,12605,17104,1037,47389,1,2036,14522,532,17091,16644,14641,31626,1569,64480,5947,398,6345,70825
2018,LFT,3752,6946,10474,813,21985,0,5670,7571,112,13353,3752,12616,18045,925,35338,3640,52,3692,39030
2018,LGA,309242,54338,2915,87,366582,0,272,1903,108,2283,309242,54610,4818,195,368865,0,0,0,368865
2018,LGB,34819,3955,23653,502,62929,1,4265,73455,311,78032,34820,8220,97108,813,140961,115243,50,115293,256254
2018,LIH,29192,4480,1399,1261,36332,249,78399,5236,686,84570,29441,82879,6635,1947,120902,16584,472,17056,137958
2018,LIT,23282,11777,22031,7104,64194,2,1135,10531,868,12536,23284,12912,32562,7972,76730,4460,15346,19806,96536
2018,LMT,0,1876,1752,5547,9175,0,1615,8465,4933,15013,0,3491,10217,10480,24188,11464,6979,18443,42631
2018,LNK,834,10734,10511,7200,29279,0,607,11707,1220,13534,834,11341,22218,8420,42813,12697,3345,16042,58855
2018,LNS,8,4666,10153,684,15511,0,206,32762,352,33320,8,4872,42915,1036,48831,41496,1914,43410,92241
2018,LOU,2,475,7265,47,7789,1,1368,33534,166,35069,3,1843,40799,213,42858,41274,50,41324,84182
2018,LRD,6224,9874,7575,3171,26844,0,24,9738,1520,11282,6224,9898,17313,4691,38126,12974,28059,41033,79159
2018,LSE,1177,3598,2564,123,7462,0,218,6047,126,6391,1177,3816,8611,249,13853,5643,112,5755,19608
2018,LUK,95,11151,19342,226,30814,0,2154,21965,335,24454,95,13305,41307,561,55268,27852,66,27918,83186
2018,LVK,13,1816,9703,75,11607,11,41,45603,96,45751,24,1857,55306,171,57358,88359,263,88622,145980
2018,LWB,1902,4075,5518,273,11768,0,898,3309,442,4649,1902,4973,8827,715,16417,1771,506,2277,18694
2018,LWM,0,475,3279,9,3763,0,25,17420,20,17465,0,500,20699,29,21228,17122,24,17146,38374
2018,LWS,1180,2178,1867,35,5260,1,1565,12387,47,14000,1181,3743,14254,82,19260,8832,48,8880,28140
2018,LYH,1096,3589,7174,439,12298,4,684,25478,442,26608,1100,4273,32652,881,38906,49699,324,50023,88929
2018,LZU,0,4143,12591,11,16745,0,530,32101,58,32689,0,4673,44692,69,49434,49078,46,49124,98558
2018,MAF,14866,7768,16280,6717,45631,8,105,8302,713,9128,14874,7873,24582,7430,54759,3328,6907,10235,64994
2018,MBS,1118,5764,5962,153,12997,15,138,3353,558,4064,1133,5902,9315,711,17061,2849,84,2933,19994
2018,MCI,117619,5113,2857,629,126218,0,190,684,211,1085,117619,5303,3541,840,127303,58,88,146,127449
2018,MCN,47,1525,6578,382,8532,0,17,3774,276,4067,47,1542,10352,658,12599,2102,24,2126,14725
2018,MCO,323121,15757,13753,347,352978,39,203,2161,152,2555,323160,15960,15914,499,355533,0,0,0,355533
2018,MDH,21,979,622,21,1643,0,20435,4927,62,25424,21,21414,5549,83,27067,58079,342,58421,85488
2018,MDT,14786,15698,5047,3011,38542,5,207,3714,991,4917,14791,15905,8761,4002,43459,4364,3359,7723,51182
2018,MDW,181245,26652,28606,77,236580,2,718,5825,197,6742,181247,27370,34431,274,243322,0,0,0,243322
2018,MEI,8,2286,6242,22338,30874,0,1057,6637,3777,11471,8,3343,12879,26115,42345,7138,22131,29269,71614
2018,MEM,188237,16446,18199,1504,224386,10,56,1873,274,2213,188247,16502,20072,1778,226599,86,30,116,226715
2018,MER,4,45,2011,371,2431,0,114,14335,123,14572,4,159,16346,494,17003,17181,713,17894,34897
2018,MFD,8,405,4367,1243,6023,0,300,4717,874,5891,8,705,9084,2117,11914,2451,1065,3516,15430
2018,MFE,8224,3724,9394,7022,28364,0,122,16074,1676,17872,8224,3846,25468,8698,46236,9958,1423,11381,57617
2018,MFR,10443,7313,5603,340,23699,679,1416,11145,138,13378,11122,8729,16748,478,37077,5823,288,6111,43188
2018,MGM,539,8755,9370,17834,36498,0,907,8244,3104,12255,539,9662,17614,20938,48753,12316,15421,27737,76490
2018,MGW,0,5332,4022,445,9799,0,15623,8084,1302,25009,0,20955,12106,1747,34808,17173,914,18087,52895
2018,MHK,629,2365,4004,1500,8498,0,164,7876,1048,9088,629,2529,11880,2548,17586,10480,2770,13250,30836
2018,MHR,4117,4534,7724,2785,19160,4135,11810,27532,5428,48905,8252,16344,35256,8213,68065,25078,9972,35050,103115
2018,MHT,20898,13464,5596,292,40250,2,1721,6063,69,7855,20900,15185,11659,361,48105,4005,62,4067,52172
2018,MIA,355641,43186,13221,584,412632,425,268,2653,54,3400,356066,43454,15874,638,416032,0,0,0,416032
2018,MIC,6,51,3113,18,3188,1,465,16683,227,17376,7,516,19796,245,20564,17500,45,17545,38109
2018,MIE,2,87,3155,34,3278,0,310,16672,243,17225,2,397,19827,277,20503,12058,264,12322,32825
2018,MKC,161,13884,17621,358,32024,12,1863,22360,592,24827,173,15747,39981,950,56851,14565,179,14744,71595
2018,MKE,64337,33706,8569,1708,108320,1,603,2375,194,3173,64338,34309,10944,1902,111493,177,42,219,111712
2018,MKG,77,2296,4971,210,7554,12,56,7560,407,8035,89,2352,12531,617,15589,7952,226,8178,23767
2018,MKK,0,8677,330,174,9181,0,27116,1978,150,29244,0,35793,2308,324,38425,1552,564,2116,40541
2018,MKL,0,1509,3612,165,5286,0,31,8657,1118,9806,0,1540,12269,1283,15092,6030,1390,7420,22512
2018,MLB,5103,2587,25313,396,33399,0,1425,41391,208,43024,5103,4012,66704,604,76423,39922,123,40045,116468
2018,MLI,5580,9026,5646,352,20604,0,26,4932,104,5062,5580,9052,10578,456,25666,6347,459,6806,32472
2018,MLU,1219,5394,8913,6213,21739,1,94,5020,578,5693,1220,5488,13933,6791,27432,1293,1888,3181,30613
2018,MMU,13,10994,19251,69,30327,0,356,18512,81,18949,13,11350,37763,150,49276,27867,13,27880,77156
2018,MOB,4249,9333,3322,29381,46285,1,403,3436,10651,14491,4250,9736,6758,40032,60776,2495,8341,10836,71612
2018,MOD,10,2909,6652,61,9632,0,8897,15885,22,24804,10,11806,22537,83,34436,10752,2,10754,45190
2018,MOT,1140,6265,3639,147,11191,6,913,5712,212,6843,1146,7178,9351,359,18034,8088,1790,9878,27912
2018,MQY,258,3049,16258,1195,20760,1,1634,27801,1505,30941,259,4683,44059,2700,51701,49521,1732,51253,102954
2018,MRI,0,1524,1887,44,3455,1,15277,63449,1765,80492,1,16801,65336,1809,83947,67451,2,67453,151400
2018,MRY,3684,11065,13146,1075,28970,3,370,17096,822,18291,3687,11435,30242,1897,47261,19049,3010,22059,69320
2018,MSN,22950,10681,13557,3202,50390,64,388,16850,1832,19134,23014,11069,30407,5034,69524,17788,266,18054,87578
2018,MSO,8212,4917,4484,178,17791,1,1270,9407,113,10791,8213,6187,13891,291,28582,7833,202,8035,36617
2018,MSP,321649,72540,9741,2375,406305,1,69,340,198,608,321650,72609,10081,2573,406913,0,0,0,406913
2018,MSY,117292,4620,8995,523,131430,0,2873,1991,368,5232,117292,7493,10986,891,136662,0,0,0,136662
2018,MTN,0,1893,9097,943,11933,0,253,29859,1004,31116,0,2146,38956,1947,43049,39876,684,40560,83609
2018,MVY,990,9985,4969,71,16015,0,6097,12208,129,18434,990,16082,17177,200,34449,1160,74,1234,35683
2018,MWA,10,3960,494,118,4582,5,3372,2520,424,6321,15,7332,3014,542,10903,7636,417,8053,18956
2018,MWC,0,152,2358,23,2533,0,365,9677,160,10202,0,517,12035,183,12735,13077,218,13295,26030
2018,MWH,5091,2912,3288,3284,14575,2377,8116,9000,2109,21602,7468,11028,12288,5393,36177,34821,6337,41158,77335
2018,MYF,0,1861,23582,583,26026,4,3313,78562,568,82447,4,5174,102144,1151,108473,117927,199,118126,226599
2018,MYR,23647,3332,7199,4238,38416,28,68485,8209,861,77583,23675,71817,15408,5099,115999,5848,1476,7324,123323
2018,NEW,3,3943,19842,2261,26049,0,943,17018,1350,19311,3,4886,36860,3611,45360,18631,1197,19828,65188
2018,NQA,22,281,3538,1028,4869,0,32,10235,362,10629,22,313,13773,1390,15498,9227,2841,12068,27566
2018,OAJ,399,33,93,30,555,0,103,150,42,295,399,136,243,72,850,132,350,482,1332
2018,OAK,132863,24569,18405,174,176011,1,2543,21290,709,24543,132864,27112,39695,883,200554,40832,347,41179,241733
2018,OCF,51,1196,15451,537,17235,0,33,28351,136,28520,51,1229,43802,673,45755,23580,412,23992,69747
2018,OGD,266,619,9356,101,10342,0,3419,41281,62,44762,266,4038,50637,163,55104,40889,152,41041,96145
2018,OGG,52877,8824,2433,702,64836,53,64609,8588,554,73804,52930,73433,11021,1256,138640,10304,87,10391,149031
2018,OJC,0,704,7345,12,8061,0,3,15207,33,15243,0,707,22552,45,23304,16334,18,16352,39656
2018,OKC,51095,8007,11875,15777,86754,9,2147,5901,2724,10781,51104,10154,17776,18501,97535,1258,11270,12528,110063
2018,OLM,0,369,5573,428,6370,0,634,18273,360,19267,0,1003,23846,788,25637,27211,720,27931,53568
2018,OLV,0,3716,3614,77,7407,0,1583,18974,253,20810,0,5299,22588,330,28217,27330,304,27634,55851
2018,OMA,54205,19306,13366,1651,88528,0,274,4545,221,5040,54205,19580,17911,1872,93568,7058,906,7964,101532
2018,OMN,0,8,5136,3,5147,0,0,48946,1,48947,0,8,54082,4,54094,45490,0,45490,99584
2018,ONT,70216,12291,4047,85,86639,6,1106,6945,249,8306,70222,13397,10992,334,94945,5507,2,5509,100454
2018,OPF,69,10740,43239,1022,55070,0,1296,42312,4173,47781,69,12036,85551,5195,102851,47631,3685,51316,154167
2018,ORD,652616,245566,4797,57,903036,6,21,668,16,711,652622,245587,5465,73,903747,0,0,0,903747
2018,ORF,35956,20230,10743,464,67393,31,66,4642,254,4993,35987,20296,15385,718,72386,362,72,434,72820
2018,ORH,2009,1576,2563,150,6298,1,420,6375,122,6918,2010,1996,8938,272,13216,5502,507,6009,19225
2018,ORL,7,5882,21951,45,27885,7,1155,33648,60,34870,14,7037,55599,105,62755,41291,0,41291,104046
2018,OSH,0,1619,4231,224,6074,0,148,35967,136,36251,0,1767,40198,360,42325,32139,94,32233,74558
2018,OSU,4,3664,7426,21,11115,0,11822,24512,85,36419,4,15486,31938,106,47534,31934,112,32046,79580
2018,OTH,69,2878,1857,440,5244,0,972,2556,2922,6450,69,3850,4413,3362,11694,1251,3942,5193,16887
2018,OUN,0,461,5064,276,5801,42,72,19585,339,20038,42,533,24649,615,25839,22439,342,22781,48620
2018,OWB,220,2478,2680,753,6131,0,78,5340,454,5872,220,2556,8020,1207,12003,3669,712,4381,16384
2018,OWD,0,1793,3909,19,5721,4,5286,28707,20,34017,4,7079,32616,39,39738,25250,26,25276,65014
2018,OXC,0,1899,3182,58,5139,0,1015,12621,617,14253,0,2914,15803,675,19392,11650,406,12056,31448
2018,OXR,0,1539,6533,71,8143,0,3359,21580,82,25021,0,4898,28113,153,33164,40444,190,40634,73798
2018,PAE,2857,969,11966,335,16127,60,122,41942,44,42168,2917,1091,53908,379,58295,56589,317,56906,115201
2018,PAH,5,2578,3415,273,6271,0,675,9153,645,10473,5,3253,12568,918,16744,5882,560,6442,23186
2018,PAO,4,249,5468,2,5723,0,511,48080,72,48663,4,760,53548,74,54386,91736,59,91795,146181
2018,PBI,53389,29298,35723,540,118950,4,2110,18137,595,20846,53393,31408,53860,1135,139796,119,0,119,139915
2018,PDK,46,16982,44604,293,61925,0,1372,45897,116,47385,46,18354,90501,409,109310,41768,54,41822,151132
2018,PDT,15,2865,603,127,3610,0,1293,4279,775,6347,15,4158,4882,902,9957,3975,940,4915,14872
2018,PDX,193175,16111,9788,3257,222331,2,4550,4600,260,9412,193177,20661,14388,3517,231743,2247,3,2250,233993
2018,PGD,9588,1309,10117,248,21262,7,774,28413,72,29266,9595,2083,38530,320,50528,25053,104,25157,75685
2018,PHF,3499,7036,7492,6049,24076,4,53,10587,1595,12239,3503,7089,18079,7644,36315,15486,12990,28476,64791
2018,PHL,259797,104529,12070,186,376582,2,390,2453,238,3083,259799,104919,14523,424,379665,1,1,2,379667
2018,PHX,383986,21132,13556,1738,420412,2,6541,6812,485,13840,383988,27673,20368,2223,434252,0,0,0,434252
2018,PIA,3946,11039,5101,1514,21600,0,620,6027,1686,8333,3946,11659,11128,3200,29933,4173,2730,6903,36836
2018,PIE,15519,4266,22498,3332,45615,5,305,22128,5544,27982,15524,4571,44626,8876,73597,55037,5844,60881,134478
2018,PIH,166,4707,1677,82,6632,934,2054,9315,75,12378,1100,6761,10992,157,19010,8316,34,8350,27360
2018,PIT,98519,40041,7074,4164,149798,0,138,714,150,1002,98519,40179,7788,4314,150800,40,574,614,151414
2018,PKB,0,2681,3579,879,7139,0,188,7386,1950,9524,0,2869,10965,2829,16663,6815,8518,15333,31996
2018,PMD,8,2,5856,5064,10930,0,4,1885,761,2650,8,6,7741,5825,13580,1233,10422,11655,25235
2018,PMP,0,239,6179,17,6435,0,120,52438,10,52568,0,359,58617,27,59003,83277,8,83285,142288
2018,PNE,4,4448,9441,265,14158,0,36,26018,100,26154,4,4484,35459,365,40312,18453,2,18455,58767
2018,PNS,17954,10949,11808,9763,50474,22,442,19379,6480,26323,17976,11391,31187,16243,76797,38938,1012,39950,116747
2018,POC,76,232,6301,31,6640,0,334,31325,51,31710,76,566,37626,82,38350,47845,24,47869,86219
2018,POU,6,764,4626,44,5440,1,124,19671,83,19879,7,888,24297,127,25319,27991,156,28147,53466
2018,PRC,123,1431,11445,274,13273,0,619,63340,355,64314,123,2050,74785,629,77587,157671,296,157967,235554
2018,PSC,9144,3887,5780,948,19759,6,499,10593,298,11396,9150,4386,16373,1246,31155,14678,1057,15735,46890
2018,PSP,21220,9871,7170,444,38705,8,1001,12596,1182,14787,21228,10872,19766,1626,53492,4022,153,4175,57667
2018,PTK,630,9228,25454,55,35367,107,1032,31053,183,32375,737,10260,56507,238,67742,63362,0,63362,131104
2018,PUB,161,3544,6089,1710,11504,11,594,9999,69726,80330,172,4138,16088,71436,91834,5563,98975,104538,196372
2018,PVD,38246,10926,6464,223,55859,3,250,6835,94,7182,38249,11176,13299,317,63041,7825,82,7907,70948
2018,PVU,1128,1021,8623,118,10890,86,236,26731,85,27138,1214,1257,35354,203,38028,47246,118,47364,85392
2018,PWA,12,2803,12562,606,15983,1,653,19219,132,20005,13,3456,31781,738,35988,13259,600,13859,49847
2018,PWK,18,13697,22361,23,36099,0,403,22001,51,22455,18,14100,44362,74,58554,20277,0,20277,78831
2018,PWM,19567,15366,6855,357,42145,3,598,9712,250,10563,19570,15964,16567,607,52708,4150,68,4218,56926
2018,RAL,0,69,7136,24,7229,0,2309,32787,344,35440,0,2378,39923,368,42669,62859,55,62914,105583
2018,RAP,3560,11526,6788,614,22488,19,294,9521,1283,11117,3579,11820,16309,1897,33605,10809,667,11476,45081
2018,RBD,0,155,4800,49,5004,0,18,21496,31,21545,0,173,26296,80,26549,13965,26,13991,40540
2018,RDD,27,5925,2544,293,8789,0,19811,17192,513,37516,27,25736,19736,806,46305,21556,105,21661,67966
2018,RDG,45,3032,7006,528,10611,0,1447,14510,744,16701,45,4479,21516,1272,27312,18002,1075,19077,46389
2018,RDM,9955,4604,2521,109,17189,755,2357,22474,111,25697,10710,6961,24995,220,42886,24531,102,24633,67519
2018,RDU,123996,28763,28863,1150,182772,0,673,24867,1089,26629,123996,29436,53730,2239,209401,1085,156,1241,210642
2018,RFD,17806,1228,7388,753,27175,4,61,7100,487,7652,17810,1289,14488,1240,34827,5375,256,5631,40458
2018,RHV,1,58,2365,4,2428,1,458,70390,41,70890,2,516,72755,45,73318,94415,6,94421,167739
2018,RIC,43883,22673,14060,2021,82637,0,437,7867,1637,9941,43883,23110,21927,3658,92578,7060,1170,8230,100808
2018,RME,69,579,2084,948,3680,7,114,6192,747,7060,76,693,8276,1695,10740,8736,1309,10045,20785
2018,RNM,2,112,1577,7,1698,0,6,32100,233,32339,2,118,33677,240,34037,64311,71,64382,98419
2018,RNO,45815,10128,9927,1166,67036,12,1345,15979,842,18178,45827,11473,25906,2008,85214,8259,314,8573,93787
2018,RNT,552,133,4702,11,5398,162,2744,40027,636,43569,714,2877,44729,647,48967,94323,112,94435,143402
2018,ROA,3915,14191,7056,539,25701,23,305,8828,343,9499,3938,14496,15884,882,35200,17470,385,17855,53055
2018,ROC,27178,18891,9172,619,55860,1,301,11009,1394,12705,27179,19192,20181,2013,68565,14004,409,14413,82978
2018,ROG,0,952,7438,11,8401,0,445,3131,11,3587,0,1397,10569,22,11988,1070,0,1070,13058
2018,ROW,1584,3052,2816,5165,12617,54,1262,3718,1489,6523,1638,4314,6534,6654,19140,4617,6254,10871,30011
2018,RST,4031,8632,9302,1137,23102,0,487,6275,126,6888,4031,9119,15577,1263,29990,10312,2752,13064,43054
2018,RSW,68062,5521,5578,1168,80329,6,133,1742,156,2037,68068,5654,7320,1324,82366,52,0,52,82418
2018,RVS,1,1463,17818,35,19317,1,722,56161,357,57241,2,2185,73979,392,76558,120699,20,120719,197277
2018,RYN,0,2,3829,325,4156,0,0,28271,1702,29973,0,2,32100,2027,34129,45177,10708,55885,90014
2018,RYY,1,3131,10180,528,13840,4,987,24529,377,25897,5,4118,34709,905,39737,30555,338,30893,70630
2018,SAC,0,833,17502,95,18430,0,1369,55367,146,56882,0,2202,72869,241,75312,35901,96,35997,111309
2018,SAF,3108,4503,8803,832,17246,3,1034,16739,1640,19416,3111,5537,25542,2472,36662,24359,1310,25669,62331
2018,SAN,201453,12283,8301,375,222412,13,214,2036,383,2646,201466,12497,10337,758,225058,0,0,0,225058
2018,SAT,94873,16709,31705,3442,146729,1,4168,12897,1275,18341,94874,20877,44602,4717,165070,405,70,475,165545
2018,SAV,28220,18075,22118,5273,73686,6,2085,10882,1106,14079,28226,20160,33000,6379,87765,7774,1306,9080,96845
2018,SAW,907,5089,1048,181,7225,941,189,3403,453,4986,1848,5278,4451,634,12211,3762,721,4483,16694
2018,SBA,7242,16700,15641,832,40415,1,721,28643,809,30174,7243,17421,44284,1641,70589,29886,192,30078,100667
2018,SBN,4695,14588,7806,229,27318,3,496,5550,118,6167,4698,15084,13356,347,33485,9899,264,10163,43648
2018,SBP,4632,6049,7803,245,18729,70,382,30540,249,31241,4702,6431,38343,494,49970,30367,141,30508,80478
2018,SBY,0,6034,2381,487,8902,0,1629,10883,2769,15281,0,7663,13264,3256,24183,12926,9288,22214,46397
2018,SCK,2431,950,12152,476,16009,63,839,19548,749,21199,2494,1789,31700,1225,37208,45874,959,46833,84041
2018,SDF,129761,24663,8961,1539,164924,4,760,2592,708,4064,129765,25423,11553,2247,168988,591,120,711,169699
2018,SDL,10,14290,34715,328,49343,4,1000,53095,403,54502,14,15290,87810,731,103845,62245,101,62346,166191
2018,SDM,8,1199,5672,587,7466,0,122,27743,1989,29854,8,1321,33415,2576,37320,39828,898,40726,78046
2018,SEA,427168,8213,1319,58,436758,2,296,1306,29,1633,427170,8509,2625,87,438391,0,0,0,438391
2018,SEE,0,340,16547,676,17563,0,32,70738,59,70829,0,372,87285,735,88392,157467,14,157481,245873
2018,SFB,20686,36632,8221,136,65675,5,59303,12871,55,72234,20691,95935,21092,191,137909,183175,55,183230,321139
2018,SFF,0,1102,3751,19,4872,0,2848,22124,40,25012,0,3950,25875,59,29884,29320,32,29352,59236
2018,SFO,407147,47865,9389,414,464815,5,781,2352,2213,5351,407152,48646,11741,2627,470166,0,0,0,470166
2018,SGF,8768,16124,11964,1316,38172,1,3396,5507,1029,9933,8769,19520,17471,2345,48105,8876,883,9759,57864
2018,SGJ,3,2221,13044,804,16072,0,4752,47342,820,52914,3,6973,60386,1624,68986,85715,741,86456,155442
2018,SGR,12,5466,18178,56,23712,0,1026,21165,84,22275,12,6492,39343,140,45987,21642,62,21704,67691
2018,SHV,8775,11370,7764,2028,29937,2,348,5676,372,6398,8777,11718,13440,2400,36335,3352,456,3808,40143
2018,SIG,9,63,3491,112,3675,3,8626,37891,1399,47919,12,8689,41382,1511,51594,36984,482,37466,89060
2018,SJC,136228,21934,17478,100,175740,0,802,15330,143,16275,136228,22736,32808,243,192015,3608,4,3612,195627
2018,SJT,2277,3434,5322,7591,18624,4,621,11313,2456,14394,2281,4055,16635,10047,33018,12449,17734,30183,63201
2018,SJU,66025,29037,5577,1100,101739,428,31371,8378,440,40617,66453,60408,13955,1540,142356,825,146,971,143327
2018,SLC,224502,54241,20542,1629,300914,3,5239,21458,4790,31490,224505,59480,42000,6419,332404,4987,13,5000,337404
2018,SLE,2,1103,5214,661,6980,1,2662,15652,1262,19577,3,3765,20866,1923,26557,12041,1509,13550,40107
2018,SLN,160,3707,3912,1951,9730,102,14290,4963,1617,20972,262,17997,8875,3568,30702,33320,4324,37644,68346
2018,SMF,109750,8774,3139,646,122309,0,339,3456,273,4068,109750,9113,6595,919,126377,2286,1296,3582,129959
2018,SMO,2,2852,8663,43,11560,3,1083,37183,53,38322,5,3935,45846,96,49882,22351,12,22363,72245
2018,SMX,363,2932,4241,264,7800,0,1959,14094,195,16248,363,4891,18335,459,24048,10455,914,11369,35417
2018,SNA,92803,18328,34477,163,145771,4,271,75746,594,76615,92807,18599,110223,757,222386,112047,96,112143,334529
2018,SNS,2,583,11609,193,12387,0,1239,28663,421,30323,2,1822,40272,614,42710,25939,302,26241,68951
2018,SPG,0,26,4196,30,4252,0,2205,37620,218,40043,0,2231,41816,248,44295,38491,1132,39623,83918
2018,SPI,297,4124,5573,1686,11680,0,252,5544,296,6092,297,4376,11117,1982,17772,7466,2374,9840,27612
2018,SQL,17,2923,4701,7,7648,0,7533,32556,112,40201,17,10456,37257,119,47849,46034,200,46234,94083
2018,SRQ,12968,8382,24589,1191,47130,1,1026,34841,774,36642,12969,9408,59430,1965,83772,35066,722,35788,119560
2018,SSF,6,153,2965,3894,7018,0,4194,25205,1473,30872,6,4347,28170,5367,37890,68981,4674,73655,111545
2018,STC,326,259,3408,231,4224,2,335,9192,1467,10996,328,594,12600,1698,15220,14208,1062,15270,30490
2018,STJ,10,3,2146,1300,3459,4,376,6278,1416,8074,14,379,8424,2716,11533,5055,3135,8190,19723
2018,STL,138922,45998,5511,915,191346,34,1125,902,347,2408,138956,47123,6413,1262,193754,365,193,558,194312
2018,STP,19,4520,15549,541,20629,3,1203,6700,2442,10348,22,5723,22249,2983,30977,7837,1302,9139,40116
2018,STS,6561,3900,8136,142,18739,11,4566,33484,424,38485,6572,8466,41620,566,57224,27634,202,27836,85060
2018,STT,5069,7618,1684,34,14405,0,20774,10665,156,31595,5069,28392,12349,190,46000,1895,8,1903,47903
2018,STX,2264,5177,1360,213,9014,80,12378,6328,156,18942,2344,17555,7688,369,27956,1195,160,1355,29311
2018,SUA,0,6587,16826,157,23570,0,2645,45344,194,48183,0,9232,62170,351,71753,34838,110,34948,106701
2018,SUN,3371,5836,7349,16,16572,2,223,6930,22,7177,3373,6059,14279,38,23749,644,0,644,24393
2018,SUS,41,11441,21791,906,34179,1,279,26559,472,27311,42,11720,48350,1378,61490,38138,247,38385,99875
2018,SUX,108,2664,5824,2217,10813,49,606,3323,103,4081,157,3270,9147,2320,14894,2314,1103,3417,18311
2018,SWF,6308,6363,6085,1528,20284,12,1024,11449,1996,14481,6320,7387,17534,3524,34765,5430,2834,8264,43029
2018,SWO,32,1304,4981,803,7120,0,1186,22521,631,24338,32,2490,27502,1434,31458,40692,1826,42518,73976
2018,SYR,26315,17586,5763,1451,51115,2,266,6463,3085,9816,26317,17852,12226,4536,60931,2401,4082,6483,67414
2018,TCL,357,2274,7981,3744,14356,0,575,8999,1338,10912,357,2849,16980,5082,25268,15757,1863,17620,42888
2018,TEB,113,75521,82688,163,158485,0,3463,12662,137,16262,113,78984,95350,300,174747,0,0,0,174747
2018,TIW,0,316,14371,43,14730,0,17,31212,104,31333,0,333,45583,147,46063,43148,420,43568,89631
2018,TIX,1,439,11415,76,11931,0,144,25219,34,25397,1,583,36634,110,37328,49307,238,49545,86873
2018,TKI,0,1623,9639,6,11268,0,3603,33157,44,36804,0,5226,42796,50,48072,109160,2,109162,157234
2018,TLH,8808,8250,13343,9224,39625,4,1606,12054,1769,15433,8812,9856,25397,10993,55058,10965,4719,15684,70742
2018,TMB,46,2886,31015,37,33984,2,347,113594,243,114186,48,3233,144609,280,148170,112302,19,112321,260491
2018,TOA,0,541,7813,16,8370,0,33,49679,47,49759,0,574,57492,63,58129,52971,46,53017,111146
2018,TOL,1866,4714,9355,2325,18260,4,733,6181,193,7111,1870,5447,15536,2518,25371,5832,1371,7203,32574
2018,TOP,0,318,2992,371,3681,0,509,7444,125,8078,0,827,10436,496,11759,7050,54,7104,18863
2018,TPA,165482,17846,16478,348,200154,236,141,6249,158,6784,165718,17987,22727,506,206938,20,0,20,206958
2018,TRI,1773,9095,7352,1249,19469,0,392,6053,747,7192,1773,9487,13405,1996,26661,9462,1409,10871,37532
2018,TTD,0,15,1897,4,1916,0,42,36125,88,36255,0,57,38022,92,38171,90144,58,90202,128373
2018,TTN,4609,4361,11521,347,20838,0,304,37320,482,38106,4609,4665,48841,829,58944,44133,86,44219,103163
2018,TUL,34301,14326,15320,12654,76601,1,247,7449,984,8681,34302,14573,22769,13638,85282,3746,5398,9144,94426
2018,TUP,24,3364,3388,5571,12347,0,2072,14859,2937,19868,24,5436,18247,8508,32215,15105,6736,21841,54056
2018,TUS,36994,9986,12461,8784,68225,9,4038,25050,5487,34584,37003,14024,37511,14271,102809,25243,6139,31382,134191
2018,TVC,8026,5887,10448,567,24928,0,1151,20611,1857,23619,8026,7038,31059,2424,48547,32656,2886,35542,84089
2018,TWF,220,4842,2364,223,7649,0,270,12126,190,12586,220,5112,14490,413,20235,8822,318,9140,29375
2018,TXK,14,3604,5848,763,10229,0,1147,4239,300,5686,14,4751,10087,1063,15915,8124,1262,9386,25301
2018,TYR,2457,2369,7881,74,12781,0,1345,13220,97,14662,2457,3714,21101,171,27443,5320,72,5392,32835
2018,TYS,22564,23254,25566,8970,80354,0,66,12019,1792,13877,22564,23320,37585,10762,94231,13381,8174,21555,115786
2018,TZR,0,63,1577,21,1661,0,0,9382,10,9392,0,63,10959,31,11053,8656,14,8670,19723
2018,UAO,0,770,9716,36,10522,0,1210,24674,223,26107,0,1980,34390,259,36629,26145,229,26374,63003
2018,UES,0,2027,6228,60,8315,0,840,18461,69,19370,0,2867,24689,129,27685,16289,70,16359,44044
2018,UGN,10,3034,4924,68,8036,0,45,18972,252,19269,10,3079,23896,320,27305,14590,146,14736,42041
2018,UNV,245,10018,4010,158,14431,2,1052,5485,147,6686,247,11070,9495,305,21117,7116,208,7324,28441
2018,VCT,2,1720,2164,6966,10852,0,1137,3643,3541,8321,2,2857,5807,10507,19173,1850,34855,36705,55878
2018,VCV,290,142,848,284,1564,22,1805,6203,858,8888,312,1947,7051,1142,10452,9854,6641,16495,26947
2018,VGT,15,1498,7201,297,9011,1,19126,43563,1895,64585,16,20624,50764,2192,73596,94522,630,95152,168748
2018,VNY,74,26069,38985,103,65231,122,1296,98173,587,100178,196,27365,137158,690,165409,90441,5,90446,255855
2018,VQQ,590,679,4836,6240,12345,33,40,7586,7555,15214,623,719,12422,13795,27559,21869,32149,54018,81577
2018,VRB,177,16166,16558,100,33001,0,48406,47935,60,96401,177,64572,64493,160,129402,115500,41,115541,244943
2018,WDG,0,707,2336,6190,9233,0,23,5787,6794,12604,0,730,8123,12984,21837,4035,14776,18811,40648
2018,WHP,0,4,490,0,494,0,3,38579,0,38582,0,7,39069,0,39076,43705,0,43705,82781
2018,WJF,0,282,2015,435,2732,2,399,22155,189,22745,2,681,24170,624,25477,22769,662,23431,48908
2018,XNA,21881,8703,4050,4321,38955,1,270,1083,463,1817,21882,8973,5133,4784,40772,272,3336,3608,44380
2018,YIP,3602,7597,10181,141,21521,2,232,12237,292,12763,3604,7829,22418,433,34284,23984,144,24128,58412
2018,YKM,2027,3135,4908,450,10520,15,931,12787,356,14089,2042,4066,17695,806,24609,13836,999,14835,39444
2018,YNG,149,1836,6009,3025,11019,3,135,4055,583,4776,152,1971,10064,3608,15795,3988,2943,6931,22726
